0	0	0	0	0	0	0	0	0	0	0	0	0	0	0	0	0	0	0	0	0	0	0	0	0	0	0	0	0	0	0	0	0	0	0	0	0	0	0	0	0	0	0	0	0	0	0	0	0	0	0	0	0	0	0	0	0	0	0	0	0	0	0	0
0	0	0	0	0	0	0	0	0	0	0	0	0	0	0	0	0	0	0	0	0	0	0	0	0	0	0	0	0	0	0	0	0	0	0	0	0	0	0	0	0	0	0	0	0	0	0	0	0	0	0	0	0	0	0	0	0	0	0	0	0	0	0	0
0	0	0	0	0	0	0	0	0	0	0	0	0	0	0	0	0	0	0	0	0	0	0	0	0	0	0	0	0	0	0	0	0	0	0	0	0	0	0	0	0	0	0	0	0	0	0	0	0	0	0	0	0	0	0	0	0	0	0	0	0	0	0	0
0	0	0	0	0	0	0	0	0	0	0	0	0	0	0	0	0	0	0	0	0	0	0	0	0	0	0	0	0	0	0	0	0	0	0	0	0	0	0	0	0	0	0	0	0	0	0	0	0	0	0	0	0	0	0	0	0	0	0	0	0	0	0	0
0	0	0	0	0	0	0	0	0	0	0	0	0	0	0	0	0	0	0	0	0	0	0	0	0	0	0	0	0	0	0	0	0	0	0	0	0	0	0	0	0	0	0	0	0	0	0	0	0	0	0	0	0	0	0	0	0	0	0	0	0	0	0	0
0	0	0	0	0	0	0	0	0	0	0	0	0	0	0	0	0	0	0	0	0	0	0	0	0	0	0	0	0	0	0	0	0	0	0	0	0	0	0	0	0	0	0	0	0	0	0	0	0	0	0	0	0	0	0	0	0	0	0	0	0	0	0	0
0	0	0	0	0	0	0	0	0	0	0	0	0	0	0	0	0	0	0	0	0	0	0	0	0	0	0	0	0	0	0	0	0	0	0	0	0	0	0	0	0	0	0	0	0	0	0	0	0	0	0	0	0	0	0	0	0	0	0	0	0	0	0	0
0	0	0	0	0	0	0	0	0	0	0	0	0	0	0	0	0	0	0	0	0	0	0	0	0	0	0	0	0	0	0	0	0	0	0	0	0	0	0	0	0	0	0	0	0	0	0	0	0	0	0	0	0	0	0	0	0	0	0	0	0	0	0	0
0	0	0	0	0	0	0	0	0	0	0	0	0	0	0	0	0	0	0	0	0	0	0	0	0	0	0	0	0	0	0	0	0	0	0	0	0	0	0	0	0	0	0	0	0	0	0	0	0	0	0	0	0	0	0	0	0	0	0	0	0	0	0	0
0	0	0	0	0	0	0	0	0	0	0	0	0	0	0	0	0	0	0	0	0	0	0	0	0	0	0	0	0	0	0	0	0	0	0	0	0	0	0	0	0	0	0	0	0	0	0	0	0	0	0	0	0	0	0	0	0	0	0	0	0	0	0	0
0	0	0	0	0	0	0	0	0	0	0	0	0	0	0	0	0	0	0	0	0	0	0	0	0	0	0	0	0	0	0	0	0	0	0	0	0	0	0	0	0	0	0	0	0	0	0	0	0	0	0	0	0	0	0	0	0	0	0	0	0	0	0	0
0	0	0	0	0	0	0	0	0	0	0	0	0	0	0	0	0	0	0	0	0	0	0	0	0	0	0	0	0	0	0	0	0	0	0	0	0	0	0	0	0	0	0	0	0	0	0	0	0	0	0	0	0	0	0	0	0	0	0	0	0	0	0	0
0	0	0	0	0	0	0	0	0	0	0	0	0	0	0	0	0	0	0	0	0	0	0	0	0	0	0	0	0	0	0	0	0	0	0	0	0	0	0	0	0	0	0	0	0	0	0	0	0	0	0	0	0	0	0	0	0	0	0	0	0	0	0	0
0	0	0	0	0	0	0	0	0	0	0	0	0	0	0	0	0	0	0	0	0	0	0	0	0	0	0	0	0	0	0	0	0	0	0	0	0	0	0	0	0	0	0	0	0	0	0	0	0	0	0	0	0	0	0	0	0	0	0	0	0	0	0	0
0	0	0	0	0	0	0	0	0	0	0	0	0	0	0	0	0	0	0	0	0	0	0	0	0	0	0	0	0	0	0	0	0	0	0	0	0	0	0	0	0	0	0	0	0	0	0	0	0	0	0	0	0	0	0	0	0	0	0	0	0	0	0	0
0	0	0	0	0	0	0	0	0	0	0	0	0	0	0	0	0	0	0	0	0	0	0	0	0	0	0	0	0	0	0	0	0	0	0	0	0	0	0	0	0	0	0	0	0	0	0	0	0	0	0	0	0	0	0	0	0	0	0	0	0	0	0	0
0	0	0	0	0	0	0	0	0	0	0	0	0	0	0	0	0	0	0	0	0	0	0	0	0	0	0	0	0	0	0	0	0	0	0	0	0	0	0	0	0	0	0	0	0	0	0	0	0	0	0	0	0	0	0	0	0	0	0	0	0	0	0	0
0	0	0	0	0	0	0	0	0	0	0	0	0	0	0	0	0	0	0	0	0	0	0	0	0	0	0	0	0	0	0	0	0	0	0	0	0	0	0	0	0	0	0	0	0	0	0	0	0	0	0	0	0	0	0	0	0	0	0	0	0	0	0	0
0	0	0	0	0	0	0	0	0	0	0	0	0	0	0	0	0	0	0	0	0	0	0	0	0	0	0	0	0	0	0	0	0	0	0	0	0	0	0	0	0	0	0	0	0	0	0	0	0	0	0	0	0	0	0	0	0	0	0	0	0	0	0	0
0	0	0	0	0	0	0	0	0	0	0	0	0	0	0	0	0	0	0	0	0	0	0	0	0	0	0	0	0	0	0	0	0	0	0	0	0	0	0	0	0	0	0	0	0	0	0	0	0	0	0	0	0	0	0	0	0	0	0	0	0	0	0	0
0	0	0	0	0	0	0	0	0	0	0	0	0	0	0	0	0	0	0	0	0	0	0	0	0	0	0	0	0	0	0	0	0	0	0	0	0	0	0	0	0	0	0	0	0	0	0	0	0	0	0	0	0	0	0	0	0	0	0	0	0	0	0	0
0	0	0	0	0	0	0	0	0	0	0	0	0	0	0	0	0	0	0	0	0	0	0	0	0	0	0	0	0	0	0	0	0	0	0	0	0	0	0	0	0	0	0	0	0	0	0	0	0	0	0	0	0	0	0	0	0	0	0	0	0	0	0	0
0	0	0	0	0	0	0	0	0	0	0	0	0	0	0	0	0	0	0	0	0	0	0	0	0	0	0	0	0	0	0	0	0	0	0	0	0	0	0	0	0	0	0	0	0	0	0	0	0	0	0	0	0	0	0	0	0	0	0	0	0	0	0	0
0	0	0	0	0	0	0	0	0	0	0	0	0	0	0	0	0	0	0	0	0	0	0	0	0	0	0	0	0	0	0	0	0	0	0	0	0	0	0	0	0	0	0	0	0	0	0	0	0	0	0	0	0	0	0	0	0	0	0	0	0	0	0	0
0	0	0	0	0	0	0	0	0	0	0	0	0	0	0	0	0	0	0	0	0	0	0	0	0	0	0	0	0	0	0	0	0	0	0	0	0	0	0	0	0	0	0	0	0	0	0	0	0	0	0	0	0	0	0	0	0	0	0	0	0	0	0	0
0.181413	0.181413	0.181413	0.181413	0.181413	0.181413	0.181413	0.181413	0.181413	0.181413	0.181413	0.181413	0.181413	0.181413	0.181413	0.181413	0.181413	0.181413	0.181413	0.181413	0.181413	0.181413	0.181413	0.181413	0.181413	0.181413	0.181413	0.181413	0.181413	0.181413	0.181413	0.181413	0.181413	0.181413	0.181413	0.181413	0.181413	0.181413	0.181413	0.181413	0.181413	0.181413	0.181413	0.181413	0.181413	0.181413	0.181413	0.181413	0.181413	0.181413	0.181413	0.181413	0.181413	0.181413	0.181413	0.181413	0.181413	0.181413	0.181413	0.181413	0.181413	0.181413	0.181413	0.181413
0.309766	0.309766	0.309766	0.309766	0.309766	0.309766	0.309766	0.309766	0.309766	0.309766	0.309766	0.309766	0.309766	0.309766	0.309766	0.309766	0.309766	0.309766	0.309766	0.309766	0.309766	0.309766	0.309766	0.309766	0.309766	0.309766	0.309766	0.309766	0.309766	0.309766	0.309766	0.309766	0.309766	0.309766	0.309766	0.309766	0.309766	0.309766	0.309766	0.309766	0.309766	0.309766	0.309766	0.309766	0.309766	0.309766	0.309766	0.309766	0.309766	0.309766	0.309766	0.309766	0.309766	0.309766	0.309766	0.309766	0.309766	0.309766	0.309766	0.309766	0.309766	0.309766	0.309766	0.309766
0.309766	0.309766	0.309766	0.309766	0.309766	0.309766	0.309766	0.309766	0.309766	0.309766	0.309766	0.309766	0.309766	0.309766	0.309766	0.309766	0.309766	0.309766	0.309766	0.309766	0.309766	0.309766	0.309766	0.309766	0.309766	0.309766	0.309766	0.309766	0.309766	0.309766	0.309766	0.309766	0.309766	0.309766	0.309766	0.309766	0.309766	0.309766	0.309766	0.309766	0.309766	0.309766	0.309766	0.309766	0.309766	0.309766	0.309766	0.309766	0.309766	0.309766	0.309766	0.309766	0.309766	0.309766	0.309766	0.309766	0.309766	0.309766	0.309766	0.309766	0.309766	0.309766	0.309766	0.309766
0.309766	0.309766	0.309766	0.309766	0.309766	0.309766	0.309766	0.309766	0.309766	0.309766	0.309766	0.309766	0.309766	0.309766	0.309766	0.309766	0.309766	0.309766	0.309766	0.309766	0.309766	0.309766	0.309766	0.309766	0.309766	0.309766	0.309766	0.309766	0.309766	0.309766	0.309766	0.309766	0.309766	0.309766	0.309766	0.309766	0.309766	0.309766	0.309766	0.309766	0.309766	0.309766	0.309766	0.309766	0.309766	0.309766	0.309766	0.309766	0.309766	0.309766	0.309766	0.309766	0.309766	0.309766	0.309766	0.309766	0.309766	0.309766	0.309766	0.309766	0.309766	0.309766	0.309766	0.309766
0.309766	0.309766	0.309766	0.309766	0.309766	0.309766	0.309766	0.309766	0.309766	0.309766	0.309766	0.309766	0.309766	0.309766	0.309766	0.309766	0.309766	0.309766	0.309766	0.309766	0.309766	0.309766	0.309766	0.309766	0.309766	0.309766	0.309766	0.309766	0.309766	0.309766	0.309766	0.309766	0.309766	0.309766	0.309766	0.309766	0.309766	0.309766	0.309766	0.309766	0.309766	0.309766	0.309766	0.309766	0.309766	0.309766	0.309766	0.309766	0.309766	0.309766	0.309766	0.309766	0.309766	0.309766	0.309766	0.309766	0.309766	0.309766	0.309766	0.309766	0.309766	0.309766	0.309766	0.309766
0.309766	0.309766	0.309766	0.309766	0.309766	0.309766	0.309766	0.309766	0.309766	0.309766	0.309766	0.309766	0.309766	0.309766	0.309766	0.309766	0.309766	0.309766	0.309766	0.309766	0.309766	0.309766	0.309766	0.309766	0.309766	0.309766	0.309766	0.309766	0.309766	0.309766	0.309766	0.309766	0.309766	0.309766	0.309766	0.309766	0.309766	0.309766	0.309766	0.309766	0.309766	0.309766	0.309766	0.309766	0.309766	0.309766	0.309766	0.309766	0.309766	0.309766	0.309766	0.309766	0.309766	0.309766	0.309766	0.309766	0.309766	0.309766	0.309766	0.309766	0.309766	0.309766	0.309766	0.309766
0.309766	0.309766	0.309766	0.309766	0.309766	0.309766	0.309766	0.309766	0.309766	0.309766	0.309766	0.309766	0.309766	0.309766	0.309766	0.309766	0.309766	0.309766	0.309766	0.309766	0.309766	0.309766	0.309766	0.309766	0.309766	0.309766	0.309766	0.309766	0.309766	0.309766	0.309766	0.309766	0.309766	0.309766	0.309766	0.309766	0.309766	0.309766	0.309766	0.309766	0.309766	0.309766	0.309766	0.309766	0.309766	0.309766	0.309766	0.309766	0.309766	0.309766	0.309766	0.309766	0.309766	0.309766	0.309766	0.309766	0.309766	0.309766	0.309766	0.309766	0.309766	0.309766	0.309766	0.309766
0.309766	0.309766	0.309766	0.309766	0.309766	0.309766	0.309766	0.309766	0.309766	0.309766	0.309766	0.309766	0.309766	0.309766	0.309766	0.309766	0.309766	0.309766	0.309766	0.309766	0.309766	0.309766	0.309766	0.309766	0.309766	0.309766	0.309766	0.309766	0.309766	0.309766	0.309766	0.309766	0.309766	0.309766	0.309766	0.309766	0.309766	0.309766	0.309766	0.309766	0.309766	0.309766	0.309766	0.309766	0.309766	0.309766	0.309766	0.309766	0.309766	0.309766	0.309766	0.309766	0.309766	0.309766	0.309766	0.309766	0.309766	0.309766	0.309766	0.309766	0.309766	0.309766	0.309766	0.309766
0.309766	0.309766	0.309766	0.309766	0.309766	0.309766	0.309766	0.309766	0.309766	0.309766	0.309766	0.309766	0.309766	0.309766	0.309766	0.309766	0.309766	0.309766	0.309766	0.309766	0.309766	0.309766	0.309766	0.309766	0.309766	0.309766	0.309766	0.309766	0.309766	0.309766	0.309766	0.309766	0.309766	0.309766	0.309766	0.309766	0.309766	0.309766	0.309766	0.309766	0.309766	0.309766	0.309766	0.309766	0.309766	0.309766	0.309766	0.309766	0.309766	0.309766	0.309766	0.309766	0.309766	0.309766	0.309766	0.309766	0.309766	0.309766	0.309766	0.309766	0.309766	0.309766	0.309766	0.309766
0.309766	0.309766	0.309766	0.309766	0.309766	0.309766	0.309766	0.309766	0.309766	0.309766	0.309766	0.309766	0.309766	0.309766	0.309766	0.309766	0.309766	0.309766	0.309766	0.309766	0.309766	0.309766	0.309766	0.309766	0.309766	0.309766	0.309766	0.309766	0.309766	0.309766	0.309766	0.309766	0.309766	0.309766	0.309766	0.309766	0.309766	0.309766	0.309766	0.309766	0.309766	0.309766	0.309766	0.309766	0.309766	0.309766	0.309766	0.309766	0.309766	0.309766	0.309766	0.309766	0.309766	0.309766	0.309766	0.309766	0.309766	0.309766	0.309766	0.309766	0.309766	0.309766	0.309766	0.309766
0.309766	0.309766	0.309766	0.309766	0.309766	0.309766	0.309766	0.309766	0.309766	0.309766	0.309766	0.309766	0.309766	0.309766	0.309766	0.309766	0.309766	0.309766	0.309766	0.309766	0.309766	0.309766	0.309766	0.309766	0.309766	0.309766	0.309766	0.309766	0.309766	0.309766	0.309766	0.309766	0.309766	0.309766	0.309766	0.309766	0.309766	0.309766	0.309766	0.309766	0.309766	0.309766	0.309766	0.309766	0.309766	0.309766	0.309766	0.309766	0.309766	0.309766	0.309766	0.309766	0.309766	0.309766	0.309766	0.309766	0.309766	0.309766	0.309766	0.309766	0.309766	0.309766	0.309766	0.309766
0.309766	0.309766	0.309766	0.309766	0.309766	0.309766	0.309766	0.309766	0.309766	0.309766	0.309766	0.309766	0.309766	0.309766	0.309766	0.309766	0.309766	0.309766	0.309766	0.309766	0.309766	0.309766	0.309766	0.309766	0.309766	0.309766	0.309766	0.309766	0.309766	0.309766	0.309766	0.309766	0.309766	0.309766	0.309766	0.309766	0.309766	0.309766	0.309766	0.309766	0.309766	0.309766	0.309766	0.309766	0.309766	0.309766	0.309766	0.309766	0.309766	0.309766	0.309766	0.309766	0.309766	0.309766	0.309766	0.309766	0.309766	0.309766	0.309766	0.309766	0.309766	0.309766	0.309766	0.309766
0.309766	0.309766	0.309766	0.309766	0.309766	0.309766	0.309766	0.309766	0.309766	0.309766	0.309766	0.309766	0.309766	0.309766	0.309766	0.309766	0.309766	0.309766	0.309766	0.309766	0.309766	0.309766	0.309766	0.309766	0.309766	0.309766	0.309766	0.309766	0.309766	0.309766	0.309766	0.309766	0.309766	0.309766	0.309766	0.309766	0.309766	0.309766	0.309766	0.309766	0.309766	0.309766	0.309766	0.309766	0.309766	0.309766	0.309766	0.309766	0.309766	0.309766	0.309766	0.309766	0.309766	0.309766	0.309766	0.309766	0.309766	0.309766	0.309766	0.309766	0.309766	0.309766	0.309766	0.309766
0.309766	0.309766	0.309766	0.309766	0.309766	0.309766	0.309766	0.309766	0.309766	0.309766	0.309766	0.309766	0.309766	0.309766	0.309766	0.309766	0.309766	0.309766	0.309766	0.309766	0.309766	0.309766	0.309766	0.309766	0.309766	0.309766	0.309766	0.309766	0.309766	0.309766	0.309766	0.309766	0.309766	0.309766	0.309766	0.309766	0.309766	0.309766	0.309766	0.309766	0.309766	0.309766	0.309766	0.309766	0.309766	0.309766	0.309766	0.309766	0.309766	0.309766	0.309766	0.309766	0.309766	0.309766	0.309766	0.309766	0.309766	0.309766	0.309766	0.309766	0.309766	0.309766	0.309766	0.309766
0.309766	0.309766	0.309766	0.309766	0.309766	0.309766	0.309766	0.309766	0.309766	0.309766	0.309766	0.309766	0.309766	0.309766	0.309766	0.309766	0.309766	0.309766	0.309766	0.309766	0.309766	0.309766	0.309766	0.309766	0.309766	0.309766	0.309766	0.309766	0.309766	0.309766	0.309766	0.309766	0.309766	0.309766	0.309766	0.309766	0.309766	0.309766	0.309766	0.309766	0.309766	0.309766	0.309766	0.309766	0.309766	0.309766	0.309766	0.309766	0.309766	0.309766	0.309766	0.309766	0.309766	0.309766	0.309766	0.309766	0.309766	0.309766	0.309766	0.309766	0.309766	0.309766	0.309766	0.309766
0.309766	0.309766	0.309766	0.309766	0.309766	0.309766	0.309766	0.309766	0.309766	0.309766	0.309766	0.309766	0.309766	0.309766	0.309766	0.309766	0.309766	0.309766	0.309766	0.309766	0.309766	0.309766	0.309766	0.309766	0.309766	0.309766	0.309766	0.309766	0.309766	0.309766	0.309766	0.309766	0.309766	0.309766	0.309766	0.309766	0.309766	0.309766	0.309766	0.309766	0.309766	0.309766	0.309766	0.309766	0.309766	0.309766	0.309766	0.309766	0.309766	0.309766	0.309766	0.309766	0.309766	0.309766	0.309766	0.309766	0.309766	0.309766	0.309766	0.309766	0.309766	0.309766	0.309766	0.309766
0.309766	0.309766	0.309766	0.309766	0.309766	0.309766	0.309766	0.309766	0.309766	0.309766	0.309766	0.309766	0.309766	0.309766	0.309766	0.309766	0.309766	0.309766	0.309766	0.309766	0.309766	0.309766	0.309766	0.309766	0.309766	0.309766	0.309766	0.309766	0.309766	0.309766	0.309766	0.309766	0.309766	0.309766	0.309766	0.309766	0.309766	0.309766	0.309766	0.309766	0.309766	0.309766	0.309766	0.309766	0.309766	0.309766	0.309766	0.309766	0.309766	0.309766	0.309766	0.309766	0.309766	0.309766	0.309766	0.309766	0.309766	0.309766	0.309766	0.309766	0.309766	0.309766	0.309766	0.309766
0.309766	0.309766	0.309766	0.309766	0.309766	0.309766	0.309766	0.309766	0.309766	0.309766	0.309766	0.309766	0.309766	0.309766	0.309766	0.309766	0.309766	0.309766	0.309766	0.309766	0.309766	0.309766	0.309766	0.309766	0.309766	0.309766	0.309766	0.309766	0.309766	0.309766	0.309766	0.309766	0.309766	0.309766	0.309766	0.309766	0.309766	0.309766	0.309766	0.309766	0.309766	0.309766	0.309766	0.309766	0.309766	0.309766	0.309766	0.309766	0.309766	0.309766	0.309766	0.309766	0.309766	0.309766	0.309766	0.309766	0.309766	0.309766	0.309766	0.309766	0.309766	0.309766	0.309766	0.309766
0.309766	0.309766	0.309766	0.309766	0.309766	0.309766	0.309766	0.309766	0.309766	0.309766	0.309766	0.309766	0.309766	0.309766	0.309766	0.309766	0.309766	0.309766	0.309766	0.309766	0.309766	0.309766	0.309766	0.309766	0.309766	0.309766	0.309766	0.309766	0.309766	0.309766	0.309766	0.309766	0.309766	0.309766	0.309766	0.309766	0.309766	0.309766	0.309766	0.309766	0.309766	0.309766	0.309766	0.309766	0.309766	0.309766	0.309766	0.309766	0.309766	0.309766	0.309766	0.309766	0.309766	0.309766	0.309766	0.309766	0.309766	0.309766	0.309766	0.309766	0.309766	0.309766	0.309766	0.309766
0.309766	0.309766	0.309766	0.309766	0.309766	0.309766	0.309766	0.309766	0.309766	0.309766	0.309766	0.309766	0.309766	0.309766	0.309766	0.309766	0.309766	0.309766	0.309766	0.309766	0.309766	0.309766	0.309766	0.309766	0.309766	0.309766	0.309766	0.309766	0.309766	0.309766	0.309766	0.309766	0.309766	0.309766	0.309766	0.309766	0.309766	0.309766	0.309766	0.309766	0.309766	0.309766	0.309766	0.309766	0.309766	0.309766	0.309766	0.309766	0.309766	0.309766	0.309766	0.309766	0.309766	0.309766	0.309766	0.309766	0.309766	0.309766	0.309766	0.309766	0.309766	0.309766	0.309766	0.309766
0.309766	0.309766	0.309766	0.309766	0.309766	0.309766	0.309766	0.309766	0.309766	0.309766	0.309766	0.309766	0.309766	0.309766	0.309766	0.309766	0.309766	0.309766	0.309766	0.309766	0.309766	0.309766	0.309766	0.309766	0.309766	0.309766	0.309766	0.309766	0.309766	0.309766	0.309766	0.309766	0.309766	0.309766	0.309766	0.309766	0.309766	0.309766	0.309766	0.309766	0.309766	0.309766	0.309766	0.309766	0.309766	0.309766	0.309766	0.309766	0.309766	0.309766	0.309766	0.309766	0.309766	0.309766	0.309766	0.309766	0.309766	0.309766	0.309766	0.309766	0.309766	0.309766	0.309766	0.309766
0.309766	0.309766	0.309766	0.309766	0.309766	0.309766	0.309766	0.309766	0.309766	0.309766	0.309766	0.309766	0.309766	0.309766	0.309766	0.309766	0.309766	0.309766	0.309766	0.309766	0.309766	0.309766	0.309766	0.309766	0.309766	0.309766	0.309766	0.309766	0.309766	0.309766	0.309766	0.309766	0.309766	0.309766	0.309766	0.309766	0.309766	0.309766	0.309766	0.309766	0.309766	0.309766	0.309766	0.309766	0.309766	0.309766	0.309766	0.309766	0.309766	0.309766	0.309766	0.309766	0.309766	0.309766	0.309766	0.309766	0.309766	0.309766	0.309766	0.309766	0.309766	0.309766	0.309766	0.309766
0.309766	0.309766	0.309766	0.309766	0.309766	0.309766	0.309766	0.309766	0.309766	0.309766	0.309766	0.309766	0.309766	0.309766	0.309766	0.309766	0.309766	0.309766	0.309766	0.309766	0.309766	0.309766	0.309766	0.309766	0.309766	0.309766	0.309766	0.309766	0.309766	0.309766	0.309766	0.309766	0.309766	0.309766	0.309766	0.309766	0.309766	0.309766	0.309766	0.309766	0.309766	0.309766	0.309766	0.309766	0.309766	0.309766	0.309766	0.309766	0.309766	0.309766	0.309766	0.309766	0.309766	0.309766	0.309766	0.309766	0.309766	0.309766	0.309766	0.309766	0.309766	0.309766	0.309766	0.309766
0.309766	0.309766	0.309766	0.309766	0.309766	0.309766	0.309766	0.309766	0.309766	0.309766	0.309766	0.309766	0.309766	0.309766	0.309766	0.309766	0.309766	0.309766	0.309766	0.309766	0.309766	0.309766	0.309766	0.309766	0.309766	0.309766	0.309766	0.309766	0.309766	0.309766	0.309766	0.309766	0.309766	0.309766	0.309766	0.309766	0.309766	0.309766	0.309766	0.309766	0.309766	0.309766	0.309766	0.309766	0.309766	0.309766	0.309766	0.309766	0.309766	0.309766	0.309766	0.309766	0.309766	0.309766	0.309766	0.309766	0.309766	0.309766	0.309766	0.309766	0.309766	0.309766	0.309766	0.309766
0.309766	0.309766	0.309766	0.309766	0.309766	0.309766	0.309766	0.309766	0.309766	0.309766	0.309766	0.309766	0.309766	0.309766	0.309766	0.309766	0.309766	0.309766	0.309766	0.309766	0.309766	0.309766	0.309766	0.309766	0.309766	0.309766	0.309766	0.309766	0.309766	0.309766	0.309766	0.309766	0.309766	0.309766	0.309766	0.309766	0.309766	0.309766	0.309766	0.309766	0.309766	0.309766	0.309766	0.309766	0.309766	0.309766	0.309766	0.309766	0.309766	0.309766	0.309766	0.309766	0.309766	0.309766	0.309766	0.309766	0.309766	0.309766	0.309766	0.309766	0.309766	0.309766	0.309766	0.309766
0.309766	0.309766	0.309766	0.309766	0.309766	0.309766	0.309766	0.309766	0.309766	0.309766	0.309766	0.309766	0.309766	0.309766	0.309766	0.309766	0.309766	0.309766	0.309766	0.309766	0.309766	0.309766	0.309766	0.309766	0.309766	0.309766	0.309766	0.309766	0.309766	0.309766	0.309766	0.309766	0.309766	0.309766	0.309766	0.309766	0.309766	0.309766	0.309766	0.309766	0.309766	0.309766	0.309766	0.309766	0.309766	0.309766	0.309766	0.309766	0.309766	0.309766	0.309766	0.309766	0.309766	0.309766	0.309766	0.309766	0.309766	0.309766	0.309766	0.309766	0.309766	0.309766	0.309766	0.309766
0.115299	0.115299	0.115299	0.115299	0.115299	0.115299	0.115299	0.115299	0.115299	0.115299	0.115299	0.115299	0.115299	0.115299	0.115299	0.115299	0.115299	0.115299	0.115299	0.115299	0.115299	0.115299	0.115299	0.115299	0.115299	0.115299	0.115299	0.115299	0.115299	0.115299	0.115299	0.115299	0.115299	0.115299	0.115299	0.115299	0.115299	0.115299	0.115299	0.115299	0.115299	0.115299	0.115299	0.115299	0.115299	0.115299	0.115299	0.115299	0.115299	0.115299	0.115299	0.115299	0.115299	0.115299	0.115299	0.115299	0.115299	0.115299	0.115299	0.115299	0.115299	0.115299	0.115299	0.115299
0	0	0	0	0	0	0	0	0	0	0	0	0	0	0	0	0	0	0	0	0	0	0	0	0	0	0	0	0	0	0	0	0	0	0	0	0	0	0	0	0	0	0	0	0	0	0	0	0	0	0	0	0	0	0	0	0	0	0	0	0	0	0	0
0	0	0	0	0	0	0	0	0	0	0	0	0	0	0	0	0	0	0	0	0	0	0	0	0	0	0	0	0	0	0	0	0	0	0	0	0	0	0	0	0	0	0	0	0	0	0	0	0	0	0	0	0	0	0	0	0	0	0	0	0	0	0	0
0	0	0	0	0	0	0	0	0	0	0	0	0	0	0	0	0	0	0	0	0	0	0	0	0	0	0	0	0	0	0	0	0	0	0	0	0	0	0	0	0	0	0	0	0	0	0	0	0	0	0	0	0	0	0	0	0	0	0	0	0	0	0	0
0	0	0	0	0	0	0	0	0	0	0	0	0	0	0	0	0	0	0	0	0	0	0	0	0	0	0	0	0	0	0	0	0	0	0	0	0	0	0	0	0	0	0	0	0	0	0	0	0	0	0	0	0	0	0	0	0	0	0	0	0	0	0	0
0	0	0	0	0	0	0	0	0	0	0	0	0	0	0	0	0	0	0	0	0	0	0	0	0	0	0	0	0	0	0	0	0	0	0	0	0	0	0	0	0	0	0	0	0	0	0	0	0	0	0	0	0	0	0	0	0	0	0	0	0	0	0	0
0	0	0	0	0	0	0	0	0	0	0	0	0	0	0	0	0	0	0	0	0	0	0	0	0	0	0	0	0	0	0	0	0	0	0	0	0	0	0	0	0	0	0	0	0	0	0	0	0	0	0	0	0	0	0	0	0	0	0	0	0	0	0	0
0	0	0	0	0	0	0	0	0	0	0	0	0	0	0	0	0	0	0	0	0	0	0	0	0	0	0	0	0	0	0	0	0	0	0	0	0	0	0	0	0	0	0	0	0	0	0	0	0	0	0	0	0	0	0	0	0	0	0	0	0	0	0	0
0	0	0	0	0	0	0	0	0	0	0	0	0	0	0	0	0	0	0	0	0	0	0	0	0	0	0	0	0	0	0	0	0	0	0	0	0	0	0	0	0	0	0	0	0	0	0	0	0	0	0	0	0	0	0	0	0	0	0	0	0	0	0	0
0	0	0	0	0	0	0	0	0	0	0	0	0	0	0	0	0	0	0	0	0	0	0	0	0	0	0	0	0	0	0	0	0	0	0	0	0	0	0	0	0	0	0	0	0	0	0	0	0	0	0	0	0	0	0	0	0	0	0	0	0	0	0	0
0	0	0	0	0	0	0	0	0	0	0	0	0	0	0	0	0	0	0	0	0	0	0	0	0	0	0	0	0	0	0	0	0	0	0	0	0	0	0	0	0	0	0	0	0	0	0	0	0	0	0	0	0	0	0	0	0	0	0	0	0	0	0	0
0	0	0	0	0	0	0	0	0	0	0	0	0	0	0	0	0	0	0	0	0	0	0	0	0	0	0	0	0	0	0	0	0	0	0	0	0	0	0	0	0	0	0	0	0	0	0	0	0	0	0	0	0	0	0	0	0	0	0	0	0	0	0	0
0	0	0	0	0	0	0	0	0	0	0	0	0	0	0	0	0	0	0	0	0	0	0	0	0	0	0	0	0	0	0	0	0	0	0	0	0	0	0	0	0	0	0	0	0	0	0	0	0	0	0	0	0	0	0	0	0	0	0	0	0	0	0	0
