1	1	1	1	1	1	1	1	1	1	1	1	1	1	1	1	1	1	1	1	1	1	1	1	1	1	1	1	1	1	1	1	1	1	1	1	1	1	1	1	1	1	1	1	1	1	1	1	1	1	1	1	1	1	1	1	1	1	1	1	1	1	1	1
1	1	1	1	1	1	1	1	1	1	1	1	1	1	1	1	1	1	1	1	1	1	1	1	1	1	1	1	1	1	1	1	1	1	1	1	1	1	1	1	1	1	1	1	1	1	1	1	1	1	1	1	1	1	1	1	1	1	1	1	1	1	1	1
1	1	1	1	1	1	1	1	1	1	1	1	1	1	1	1	1	1	1	1	1	1	1	1	1	1	1	1	1	1	1	1	1	1	1	1	1	1	1	1	1	1	1	1.1156	1.00282	1	1	1	1	1	1	1	1	1	1	1	1	1	1	1	1	1	1	1
1	1	1	1	1	1	1	1	1	1	1	1	1	1	1	1	1	1	1	1	1	1	1	1	1	1	1	1	1	1	1	1	1	1	1	1	1	1	1	1	1.10558	1.9855	2.71433	3.00857	1.70139	1	1	1	1	1	1	1	1	1	1	1	1	1	1	1	1	1	1	1
1	1	1	1	1	1	1	1	1	1	1	1	1	1	1	1	1	1	1	1	1	1	1	1	1	1	1	1	1	1	1	1	1	1	1	1	1	1	1.36961	2.27182	2.89133	3.00857	3.00857	3.00857	2.51351	1	1	1	1	1	1	1	1	1	1	1	1	1	1	1	1	1	1	1
1	1	1	1	1	1	1	1	1	1	1	1	1	1	1	1	1	1	1	1	1	1	1	1	1	1	1	1	1	1	1	1	1	1	1	1.00483	1.71949	2.52583	2.9862	3.00857	3.00857	3.00857	3.00857	3.00857	2.98322	1.35367	1	1	1	1	1	1	1	1	1	1	1	1	1	1	1	1	1	1
1	1	1	1	1	1	1	1	1	1	1	1	1	1	1	1	1	1	1	1	1	1	1	1	1	1	1	1	1	1	1	1	1	1.14586	2.04292	2.75481	3.00857	3.00857	3.00857	3.00857	3.00857	3.00857	3.00857	3.00857	3.00857	1.59991	1	1	1	1	1	1	1	1	1	1	1	1	1	1	1	1	1	1
1	1	1	1	1	1	1	1	1	1	1	1	1	1	1	1	1	1	1	1	1	1	1	1	1	1	1	1	1	1	1	1.43142	2.322	2.91524	3.00857	3.00857	3.00857	3.00857	3.00857	3.00857	3.00857	3.00857	3.00857	3.00857	3.00857	3.00581	1.19753	1	1	1	1	1	1	1	1	1	1	1	1	1	1	1	1	1
1	1	1	1	1	1	1	1	1	1	1	1	1	1	1	1	1	1	1	1	1	1	1	1	1	1	1	1	1.01712	1.7854	2.57125	2.99574	3.00857	3.00857	3.00857	3.00857	3.00857	3.00857	3.00857	3.00857	3.00857	3.00857	3.00857	3.00857	3.00857	3.00857	1.75557	1	1	1	1	1	1	1	1	1	1	1	1	1	1	1	1	1
1	1	1	1	1	1	1	1	1	1	1	1	1	1	1	1	1	1	1	1	1	1	1	1	1	1	1.19125	2.09878	2.79206	3.00857	3.00857	3.00857	3.00857	3.00857	3.00857	3.00857	3.00857	3.00857	3.00857	3.00857	3.00857	3.00857	3.00857	3.00857	3.00857	3.00857	3.00398	1	1	1	1	1	1	1	1	1	1	1	1	1	1	1	1	1
1	1	1	1	1	1	1	1	1	1	1	1	1	1	1	1	1	1	1	1	1	1	1	1	1.49621	2.37153	2.93644	3.00857	3.00857	3.00857	3.00857	3.00857	3.00857	3.00857	3.00857	3.00857	3.00857	3.00857	3.00857	3.00857	3.00857	3.00857	3.00857	3.00857	3.00857	3.00857	3.00856	1.27956	1	1	1	1	1	1	1	1	1	1	1	1	1	1	1	1
1	1	1	1	1	1	1	1	1	1	1	1	1	1	1	1	1	1	1	1	1	1.03657	1.84899	2.6159	3.00261	3.00857	3.00857	3.00857	3.00857	3.00857	3.00857	3.00857	3.00857	3.00857	3.00857	3.00857	3.00857	3.00857	3.00857	3.00857	3.00857	3.00857	3.00857	3.00857	3.00857	3.00857	3.00857	3.00309	1	1	1	1	1	1	1	1	1	1	1	1	1	1	1	1
1	1	1	1	1	1	1	1	1	1	1	1	1	1	1	1	1	1	1	1.24151	2.1532	2.82584	3.00857	3.00857	3.00857	3.00857	3.00857	3.00857	3.00857	3.00857	3.00857	3.00857	3.00857	3.00857	3.00857	3.00857	3.00857	3.00857	3.00857	3.00857	3.00857	3.00857	3.00857	3.00857	3.00857	3.00857	3.00857	3.00581	1.23447	1	1	1	1	1	1	1	1	1	1	1	1	1	1	1
1	1	1	1	1	1	1	1	1	1	1	1	1	1	1	1	1	1.56297	2.41964	2.95475	3.00857	3.00857	3.00857	3.00857	3.00857	3.00857	3.00857	3.00857	3.00857	3.00857	3.00857	3.00857	3.00857	3.00857	3.00857	3.00857	3.00857	3.00857	3.00857	3.00857	3.00857	3.00857	3.00857	3.00857	3.00857	3.00857	3.00857	3.00857	2.25598	1	1	1	1	1	1	1	1	1	1	1	1	1	1	1
1	1	1	1	1	1	1	1	1	1	1	1	1	1	1.06292	1.91023	2.65979	3.00688	3.00857	3.00857	3.00857	3.00857	3.00857	3.00857	3.00857	3.00857	3.00857	3.00857	3.00857	3.00857	3.00857	3.00857	3.00857	3.00857	3.00857	3.00857	3.00857	3.00857	3.00857	3.00857	3.00857	3.00857	3.00857	3.00857	3.00857	3.00857	3.00857	3.00857	3.00581	1.18951	1	1	1	1	1	1	1	1	1	1	1	1	1	1
1	1	1	1	1	1	1	1	1	1	1	1	1.2957	2.20628	2.85668	3.00857	3.00857	3.00857	3.00857	3.00857	3.00857	3.00857	3.00857	3.00857	3.00857	3.00857	3.00857	3.00857	3.00857	3.00857	3.00857	3.00857	3.00857	3.00857	3.00857	3.00857	3.00857	3.00857	3.00857	3.00857	3.00857	3.00857	3.00857	3.00857	3.00857	3.00857	3.00857	3.00857	3.00857	1.69101	1	1	1	1	1	1	1	1	1	1	1	1	1	1
1	1	1	1	1	1	1	1	1	1	1.63223	2.46722	2.97038	3.00857	3.00857	3.00857	3.00857	3.00857	3.00857	3.00857	3.00857	3.00857	3.00857	3.00857	3.00857	3.00857	3.00857	3.00857	3.00857	3.00857	3.00857	3.00857	3.00857	3.00857	3.00857	3.00857	3.00857	3.00857	3.00857	3.00857	3.00857	3.00857	3.00857	3.00857	3.00857	3.00857	3.00857	3.00857	3.00857	3.00366	1	1	1	1	1	1	1	1	1	1	1	1	1	1
1	1	1	1	1	1	1	1.09584	1.97007	2.70297	3.00857	3.00857	3.00857	3.00857	3.00857	3.00857	3.00857	3.00857	3.00857	3.00857	3.00857	3.00857	3.00857	3.00857	3.00857	3.00857	3.00857	3.00857	3.00857	3.00857	3.00857	3.00857	3.00857	3.00857	3.00857	3.00857	3.00857	3.00857	3.00857	3.00857	3.00857	3.00857	3.00857	3.00857	3.00857	3.00857	3.00857	3.00857	3.00857	3.00707	1.27166	1	1	1	1	1	1	1	1	1	1	1	1	1
1	1	1	1	1	1.35367	2.25813	2.88436	3.00857	3.00857	3.00857	3.00857	3.00857	3.00857	3.00857	3.00857	3.00857	3.00857	3.00857	3.00857	3.00857	3.00857	3.00857	3.00857	3.00857	3.00857	3.00857	3.00857	3.00857	3.00857	3.00857	3.00857	3.00857	3.00857	3.00857	3.00857	3.00857	3.00857	3.00857	3.00857	3.00857	3.00857	3.00857	3.00857	3.00857	3.00857	3.00857	3.00857	3.00857	3.00857	3.00308	1	1	1	1	1	1	1	1	1	1	1	1	1
1	1	1.00282	1.70139	2.51351	2.98322	3.00857	3.00857	3.00857	3.00857	3.00857	3.00857	3.00857	3.00857	3.00857	3.00857	3.00857	3.00857	3.00857	3.00857	3.00857	3.00857	3.00857	3.00857	3.00857	3.00857	3.00857	3.00857	3.00857	3.00857	3.00857	3.00857	3.00857	3.00857	3.00857	3.00857	3.00857	3.00857	3.00857	3.00857	3.00857	3.00857	3.00857	3.00857	3.00857	3.00857	3.00857	3.00857	3.00857	3.00857	3.0058	1.22555	1	1	1	1	1	1	1	1	1	1	1	1
1	1	1.1156	3.00857	3.00857	3.00857	3.00857	3.00857	3.00857	3.00857	3.00857	3.00857	3.00857	3.00857	3.00857	3.00857	3.00857	3.00857	3.00857	3.00857	3.00857	3.00857	3.00857	3.00857	3.00857	3.00857	3.00857	3.00857	3.00857	3.00857	3.00857	3.00857	3.00857	3.00857	3.00857	3.00857	3.00857	3.00857	3.00857	3.00857	3.00857	3.00857	3.00857	3.00857	3.00857	3.00857	3.00857	3.00857	3.00857	3.00857	3.00857	2.08641	1	1	1	1	1	1	1	1	1	1	1	1
1	1	1	2.71433	3.00857	3.00857	3.00857	3.00857	3.00857	3.00857	3.00857	3.00857	3.00857	3.00857	3.00857	3.00857	3.00857	3.00857	3.00857	3.00857	3.00857	3.00857	3.00857	3.00857	3.00857	3.00857	3.00857	3.00857	3.00857	3.00857	3.00857	3.00857	3.00857	3.00857	3.00857	3.00857	3.00857	3.00857	3.00857	3.00857	3.00857	3.00857	3.00857	3.00857	3.00857	3.00857	3.00857	3.00857	3.00857	3.00857	3.00857	3.00632	1.29308	1	1	1	1	1	1	1	1	1	1	1
1	1	1	1.9855	3.00857	3.00857	3.00857	3.00857	3.00857	3.00857	3.00857	3.00857	3.00857	3.00857	3.00857	3.00857	3.00857	3.00857	3.00857	3.00857	3.00857	3.00857	3.00857	3.00857	3.00857	3.00857	3.00857	3.00857	3.00857	3.00857	3.00857	3.00857	3.00857	3.00857	3.00857	3.00857	3.00857	3.00857	3.00857	3.00857	3.00857	3.00857	3.00857	3.00857	3.00857	3.00857	3.00857	3.00857	3.00857	3.00857	3.00857	3.00857	3.00613	1.33514	1	1	1	1	1	1	1	1	1	1
1	1	1	1.10558	2.89133	3.00857	3.00857	3.00857	3.00857	3.00857	3.00857	3.00857	3.00857	3.00857	3.00857	3.00857	3.00857	3.00857	3.00857	3.00857	3.00857	3.00857	3.00857	3.00857	3.00857	3.00857	3.00857	3.00857	3.00857	3.00857	3.00857	3.00857	3.00857	3.00857	3.00857	3.00857	3.00857	3.00857	3.00857	3.00857	3.00857	3.00857	3.00857	3.00857	3.00857	3.00857	3.00857	3.00857	3.00857	3.00857	3.00857	3.00857	3.00857	3.00605	1.33118	1	1	1	1	1	1	1	1	1
1	1	1	1	2.27182	3.00857	3.00857	3.00857	3.00857	3.00857	3.00857	3.00857	3.00857	3.00857	3.00857	3.00857	3.00857	3.00857	3.00857	3.00857	3.00857	3.00857	3.00857	3.00857	3.00857	3.00857	3.00857	3.00857	3.00857	3.00857	3.00857	3.00857	3.00857	3.00857	3.00857	3.00857	3.00857	3.00857	3.00857	3.00857	3.00857	3.00857	3.00857	3.00857	3.00857	3.00857	3.00857	3.00857	3.00857	3.00857	3.00857	3.00857	3.00857	3.00857	3.00618	1.27772	1	1	1	1	1	1	1	1
1	1	1	1	1.36961	2.9862	3.00857	3.00857	3.00857	3.00857	3.00857	3.00857	3.00857	3.00857	3.00857	3.00857	3.00857	3.00857	3.00857	3.00857	3.00857	3.00857	3.00857	3.00857	3.00857	3.00857	3.00857	3.00857	3.00857	3.00857	3.00857	3.00857	3.00857	3.00857	3.00857	3.00857	3.00857	3.00857	3.00857	3.00857	3.00857	3.00857	3.00857	3.00857	3.00857	3.00857	3.00857	3.00857	3.00857	3.00857	3.00857	3.00857	3.00857	3.00857	3.00857	3.00624	1.00275	1	1	1	1	1	1	1
1	1	1	1	1	2.52583	3.00857	3.00857	3.00857	3.00857	3.00857	3.00857	3.00857	3.00857	3.00857	3.00857	3.00857	3.00857	3.00857	3.00857	3.00857	3.00857	3.00857	3.00857	3.00857	3.00857	3.00857	3.00857	3.00857	3.00857	3.00857	3.00857	3.00857	3.00857	3.00857	3.00857	3.00857	3.00857	3.00857	3.00857	3.00857	3.00857	3.00857	3.00857	3.00857	3.00857	3.00857	3.00857	3.00857	3.00857	3.00857	3.00857	3.00857	3.00857	3.00857	3.00857	1.94013	1	1	1	1	1	1	1
1	1	1	1	1	1.71949	3.00857	3.00857	3.00857	3.00857	3.00857	3.00857	3.00857	3.00857	3.00857	3.00857	3.00857	3.00857	3.00857	3.00857	3.00857	3.00857	3.00857	3.00857	3.00857	3.00857	3.00857	3.00857	3.00857	3.00857	3.00857	3.00857	3.00857	3.00857	3.00857	3.00857	3.00857	3.00857	3.00857	3.00857	3.00857	3.00857	3.00857	3.00857	3.00857	3.00857	3.00857	3.00857	3.00857	3.00857	3.00857	3.00857	3.00857	3.00857	3.00857	3.00857	2.68376	1	1	1	1	1	1	1
1	1	1	1	1	1.00483	2.75481	3.00857	3.00857	3.00857	3.00857	3.00857	3.00857	3.00857	3.00857	3.00857	3.00857	3.00857	3.00857	3.00857	3.00857	3.00857	3.00857	3.00857	3.00857	3.00857	3.00857	3.00857	3.00857	3.00857	3.00857	3.00857	3.00857	3.00857	3.00857	3.00857	3.00857	3.00857	3.00857	3.00857	3.00857	3.00857	3.00857	3.00857	3.00857	3.00857	3.00857	3.00857	3.00857	3.00857	3.00857	3.00857	3.00857	3.00857	3.00857	3.00857	3.00506	1.35833	1	1	1	1	1	1
1	1	1	1	1	1	2.04292	3.00857	3.00857	3.00857	3.00857	3.00857	3.00857	3.00857	3.00857	3.00857	3.00857	3.00857	3.00857	3.00857	3.00857	3.00857	3.00857	3.00857	3.00857	3.00857	3.00857	3.00857	3.00857	3.00857	3.00857	3.00857	3.00857	3.00857	3.00857	3.00857	3.00857	3.00857	3.00857	3.00857	3.00857	3.00857	3.00857	3.00857	3.00857	3.00857	3.00857	3.00857	3.00857	3.00857	3.00857	3.00857	3.00857	3.00857	3.00857	3.00857	3.00857	1.93657	1	1	1	1	1	1
1	1	1	1	1	1	1.14586	2.91524	3.00857	3.00857	3.00857	3.00857	3.00857	3.00857	3.00857	3.00857	3.00857	3.00857	3.00857	3.00857	3.00857	3.00857	3.00857	3.00857	3.00857	3.00857	3.00857	3.00857	3.00857	3.00857	3.00857	3.00857	3.00857	3.00857	3.00857	3.00857	3.00857	3.00857	3.00857	3.00857	3.00857	3.00857	3.00857	3.00857	3.00857	3.00857	3.00857	3.00857	3.00857	3.00857	3.00857	3.00857	3.00857	3.00857	3.00857	3.00857	3.00857	2.24281	1	1	1	1	1	1
1	1	1	1	1	1	1	2.322	3.00857	3.00857	3.00857	3.00857	3.00857	3.00857	3.00857	3.00857	3.00857	3.00857	3.00857	3.00857	3.00857	3.00857	3.00857	3.00857	3.00857	3.00857	3.00857	3.00857	3.00857	3.00857	3.00857	3.00857	3.00857	3.00857	3.00857	3.00857	3.00857	3.00857	3.00857	3.00857	3.00857	3.00857	3.00857	3.00857	3.00857	3.00857	3.00857	3.00857	3.00857	3.00857	3.00857	3.00857	3.00857	3.00857	3.00857	3.00857	3.00857	2.34668	1	1	1	1	1	1
1	1	1	1	1	1	1	1.43142	2.99574	3.00857	3.00857	3.00857	3.00857	3.00857	3.00857	3.00857	3.00857	3.00857	3.00857	3.00857	3.00857	3.00857	3.00857	3.00857	3.00857	3.00857	3.00857	3.00857	3.00857	3.00857	3.00857	3.00857	3.00857	3.00857	3.00857	3.00857	3.00857	3.00857	3.00857	3.00857	3.00857	3.00857	3.00857	3.00857	3.00857	3.00857	3.00857	3.00857	3.00857	3.00857	3.00857	3.00857	3.00857	3.00857	3.00857	3.00857	3.00857	2.41291	1	1	1	1	1	1
1	1	1	1	1	1	1	1	2.57125	3.00857	3.00857	3.00857	3.00857	3.00857	3.00857	3.00857	3.00857	3.00857	3.00857	3.00857	3.00857	3.00857	3.00857	3.00857	3.00857	3.00857	3.00857	3.00857	3.00857	3.00857	3.00857	3.00857	3.00857	3.00857	3.00857	3.00857	3.00857	3.00857	3.00857	3.00857	3.00857	3.00857	3.00857	3.00857	3.00857	3.00857	3.00857	3.00857	3.00857	3.00857	3.00857	3.00857	3.00857	3.00857	3.00857	3.00857	3.00857	2.24281	1	1	1	1	1	1
1	1	1	1	1	1	1	1	1.7854	3.00857	3.00857	3.00857	3.00857	3.00857	3.00857	3.00857	3.00857	3.00857	3.00857	3.00857	3.00857	3.00857	3.00857	3.00857	3.00857	3.00857	3.00857	3.00857	3.00857	3.00857	3.00857	3.00857	3.00857	3.00857	3.00857	3.00857	3.00857	3.00857	3.00857	3.00857	3.00857	3.00857	3.00857	3.00857	3.00857	3.00857	3.00857	3.00857	3.00857	3.00857	3.00857	3.00857	3.00857	3.00857	3.00857	3.00857	3.00857	2.28458	1	1	1	1	1	1
1	1	1	1	1	1	1	1	1.01712	2.79206	3.00857	3.00857	3.00857	3.00857	3.00857	3.00857	3.00857	3.00857	3.00857	3.00857	3.00857	3.00857	3.00857	3.00857	3.00857	3.00857	3.00857	3.00857	3.00857	3.00857	3.00857	3.00857	3.00857	3.00857	3.00857	3.00857	3.00857	3.00857	3.00857	3.00857	3.00857	3.00857	3.00857	3.00857	3.00857	3.00857	3.00857	3.00857	3.00857	3.00857	3.00857	3.00857	3.00857	3.00857	3.00857	3.00857	3.00857	2.75481	1.00483	1	1	1	1	1
1	1	1	1	1	1	1	1	1	2.09878	3.00857	3.00857	3.00857	3.00857	3.00857	3.00857	3.00857	3.00857	3.00857	3.00857	3.00857	3.00857	3.00857	3.00857	3.00857	3.00857	3.00857	3.00857	3.00857	3.00857	3.00857	3.00857	3.00857	3.00857	3.00857	3.00857	3.00857	3.00857	3.00857	3.00857	3.00857	3.00857	3.00857	3.00857	3.00857	3.00857	3.00857	3.00857	3.00857	3.00857	3.00857	3.00857	3.00857	3.00857	3.00857	3.00857	3.00857	3.00857	1.71949	1	1	1	1	1
1	1	1	1	1	1	1	1	1	1.19125	2.93644	3.00857	3.00857	3.00857	3.00857	3.00857	3.00857	3.00857	3.00857	3.00857	3.00857	3.00857	3.00857	3.00857	3.00857	3.00857	3.00857	3.00857	3.00857	3.00857	3.00857	3.00857	3.00857	3.00857	3.00857	3.00857	3.00857	3.00857	3.00857	3.00857	3.00857	3.00857	3.00857	3.00857	3.00857	3.00857	3.00857	3.00857	3.00857	3.00857	3.00857	3.00857	3.00857	3.00857	3.00857	3.00857	3.00857	3.00857	2.52583	1	1	1	1	1
1	1	1	1	1	1	1	1	1	1	2.37153	3.00857	3.00857	3.00857	3.00857	3.00857	3.00857	3.00857	3.00857	3.00857	3.00857	3.00857	3.00857	3.00857	3.00857	3.00857	3.00857	3.00857	3.00857	3.00857	3.00857	3.00857	3.00857	3.00857	3.00857	3.00857	3.00857	3.00857	3.00857	3.00857	3.00857	3.00857	3.00857	3.00857	3.00857	3.00857	3.00857	3.00857	3.00857	3.00857	3.00857	3.00857	3.00857	3.00857	3.00857	3.00857	3.00857	3.00857	2.9862	1.36961	1	1	1	1
1	1	1	1	1	1	1	1	1	1	1.49621	3.00261	3.00857	3.00857	3.00857	3.00857	3.00857	3.00857	3.00857	3.00857	3.00857	3.00857	3.00857	3.00857	3.00857	3.00857	3.00857	3.00857	3.00857	3.00857	3.00857	3.00857	3.00857	3.00857	3.00857	3.00857	3.00857	3.00857	3.00857	3.00857	3.00857	3.00857	3.00857	3.00857	3.00857	3.00857	3.00857	3.00857	3.00857	3.00857	3.00857	3.00857	3.00857	3.00857	3.00857	3.00857	3.00857	3.00857	3.00857	2.27182	1	1	1	1
1	1	1	1	1	1	1	1	1	1	1	2.6159	3.00857	3.00857	3.00857	3.00857	3.00857	3.00857	3.00857	3.00857	3.00857	3.00857	3.00857	3.00857	3.00857	3.00857	3.00857	3.00857	3.00857	3.00857	3.00857	3.00857	3.00857	3.00857	3.00857	3.00857	3.00857	3.00857	3.00857	3.00857	3.00857	3.00857	3.00857	3.00857	3.00857	3.00857	3.00857	3.00857	3.00857	3.00857	3.00857	3.00857	3.00857	3.00857	3.00857	3.00857	3.00857	3.00857	3.00857	2.89133	1.10558	1	1	1
1	1	1	1	1	1	1	1	1	1	1	1.84899	3.00857	3.00857	3.00857	3.00857	3.00857	3.00857	3.00857	3.00857	3.00857	3.00857	3.00857	3.00857	3.00857	3.00857	3.00857	3.00857	3.00857	3.00857	3.00857	3.00857	3.00857	3.00857	3.00857	3.00857	3.00857	3.00857	3.00857	3.00857	3.00857	3.00857	3.00857	3.00857	3.00857	3.00857	3.00857	3.00857	3.00857	3.00857	3.00857	3.00857	3.00857	3.00857	3.00857	3.00857	3.00857	3.00857	3.00857	3.00857	1.9855	1	1	1
1	1	1	1	1	1	1	1	1	1	1	1.03657	2.82584	3.00857	3.00857	3.00857	3.00857	3.00857	3.00857	3.00857	3.00857	3.00857	3.00857	3.00857	3.00857	3.00857	3.00857	3.00857	3.00857	3.00857	3.00857	3.00857	3.00857	3.00857	3.00857	3.00857	3.00857	3.00857	3.00857	3.00857	3.00857	3.00857	3.00857	3.00857	3.00857	3.00857	3.00857	3.00857	3.00857	3.00857	3.00857	3.00857	3.00857	3.00857	3.00857	3.00857	3.00857	3.00857	3.00857	3.00857	2.71433	1	1	1
1	1	1	1	1	1	1	1	1	1	1	1	2.1532	3.00857	3.00857	3.00857	3.00857	3.00857	3.00857	3.00857	3.00857	3.00857	3.00857	3.00857	3.00857	3.00857	3.00857	3.00857	3.00857	3.00857	3.00857	3.00857	3.00857	3.00857	3.00857	3.00857	3.00857	3.00857	3.00857	3.00857	3.00857	3.00857	3.00857	3.00857	3.00857	3.00857	3.00857	3.00857	3.00857	3.00857	3.00857	3.00857	3.00857	3.00857	3.00857	3.00857	3.00857	3.00857	3.00857	3.00857	3.00857	1.1156	1	1
1	1	1	1	1	1	1	1	1	1	1	1	1.24151	2.95475	3.00857	3.00857	3.00857	3.00857	3.00857	3.00857	3.00857	3.00857	3.00857	3.00857	3.00857	3.00857	3.00857	3.00857	3.00857	3.00857	3.00857	3.00857	3.00857	3.00857	3.00857	3.00857	3.00857	3.00857	3.00857	3.00857	3.00857	3.00857	3.00857	3.00857	3.00857	3.00857	3.00857	3.00857	3.00857	3.00857	3.00857	3.00857	3.00857	3.00857	3.00857	3.00857	3.00857	3.00857	2.98322	2.51351	1.70139	1.00282	1	1
1	1	1	1	1	1	1	1	1	1	1	1	1	2.41964	3.00857	3.00857	3.00857	3.00857	3.00857	3.00857	3.00857	3.00857	3.00857	3.00857	3.00857	3.00857	3.00857	3.00857	3.00857	3.00857	3.00857	3.00857	3.00857	3.00857	3.00857	3.00857	3.00857	3.00857	3.00857	3.00857	3.00857	3.00857	3.00857	3.00857	3.00857	3.00857	3.00857	3.00857	3.00857	3.00857	3.00857	3.00857	3.00857	3.00857	3.00857	3.00857	2.88436	2.25813	1.35367	1	1	1	1	1
1	1	1	1	1	1	1	1	1	1	1	1	1	1.56297	3.00688	3.00857	3.00857	3.00857	3.00857	3.00857	3.00857	3.00857	3.00857	3.00857	3.00857	3.00857	3.00857	3.00857	3.00857	3.00857	3.00857	3.00857	3.00857	3.00857	3.00857	3.00857	3.00857	3.00857	3.00857	3.00857	3.00857	3.00857	3.00857	3.00857	3.00857	3.00857	3.00857	3.00857	3.00857	3.00857	3.00857	3.00857	3.00857	3.00857	2.70297	1.97007	1.09584	1	1	1	1	1	1	1
1	1	1	1	1	1	1	1	1	1	1	1	1	1	2.65979	3.00857	3.00857	3.00857	3.00857	3.00857	3.00857	3.00857	3.00857	3.00857	3.00857	3.00857	3.00857	3.00857	3.00857	3.00857	3.00857	3.00857	3.00857	3.00857	3.00857	3.00857	3.00857	3.00857	3.00857	3.00857	3.00857	3.00857	3.00857	3.00857	3.00857	3.00857	3.00857	3.00857	3.00857	3.00857	3.00857	2.97038	2.46722	1.63223	1	1	1	1	1	1	1	1	1	1
1	1	1	1	1	1	1	1	1	1	1	1	1	1	1.91023	3.00857	3.00857	3.00857	3.00857	3.00857	3.00857	3.00857	3.00857	3.00857	3.00857	3.00857	3.00857	3.00857	3.00857	3.00857	3.00857	3.00857	3.00857	3.00857	3.00857	3.00857	3.00857	3.00857	3.00857	3.00857	3.00857	3.00857	3.00857	3.00857	3.00857	3.00857	3.00857	3.00857	3.00857	2.85668	2.20628	1.2957	1	1	1	1	1	1	1	1	1	1	1	1
1	1	1	1	1	1	1	1	1	1	1	1	1	1	1.06292	2.85668	3.00857	3.00857	3.00857	3.00857	3.00857	3.00857	3.00857	3.00857	3.00857	3.00857	3.00857	3.00857	3.00857	3.00857	3.00857	3.00857	3.00857	3.00857	3.00857	3.00857	3.00857	3.00857	3.00857	3.00857	3.00857	3.00857	3.00857	3.00857	3.00857	3.00857	3.00688	2.65979	1.91023	1.06292	1	1	1	1	1	1	1	1	1	1	1	1	1	1
1	1	1	1	1	1	1	1	1	1	1	1	1	1	1	2.20628	3.00857	3.00857	3.00857	3.00857	3.00857	3.00857	3.00857	3.00857	3.00857	3.00857	3.00857	3.00857	3.00857	3.00857	3.00857	3.00857	3.00857	3.00857	3.00857	3.00857	3.00857	3.00857	3.00857	3.00857	3.00857	3.00857	3.00857	3.00857	2.95475	2.41964	1.56297	1	1	1	1	1	1	1	1	1	1	1	1	1	1	1	1	1
1	1	1	1	1	1	1	1	1	1	1	1	1	1	1	1.2957	2.97038	3.00857	3.00857	3.00857	3.00857	3.00857	3.00857	3.00857	3.00857	3.00857	3.00857	3.00857	3.00857	3.00857	3.00857	3.00857	3.00857	3.00857	3.00857	3.00857	3.00857	3.00857	3.00857	3.00857	3.00857	3.00857	2.82584	2.1532	1.24151	1	1	1	1	1	1	1	1	1	1	1	1	1	1	1	1	1	1	1
1	1	1	1	1	1	1	1	1	1	1	1	1	1	1	1	2.46722	3.00857	3.00857	3.00857	3.00857	3.00857	3.00857	3.00857	3.00857	3.00857	3.00857	3.00857	3.00857	3.00857	3.00857	3.00857	3.00857	3.00857	3.00857	3.00857	3.00857	3.00857	3.00857	3.00261	2.6159	1.84899	1.03657	1	1	1	1	1	1	1	1	1	1	1	1	1	1	1	1	1	1	1	1	1
1	1	1	1	1	1	1	1	1	1	1	1	1	1	1	1	1.63223	3.00857	3.00857	3.00857	3.00857	3.00857	3.00857	3.00857	3.00857	3.00857	3.00857	3.00857	3.00857	3.00857	3.00857	3.00857	3.00857	3.00857	3.00857	3.00857	3.00857	2.93644	2.37153	1.49621	1	1	1	1	1	1	1	1	1	1	1	1	1	1	1	1	1	1	1	1	1	1	1	1
1	1	1	1	1	1	1	1	1	1	1	1	1	1	1	1	1	2.70297	3.00857	3.00857	3.00857	3.00857	3.00857	3.00857	3.00857	3.00857	3.00857	3.00857	3.00857	3.00857	3.00857	3.00857	3.00857	3.00857	3.00857	2.79206	2.09878	1.19125	1	1	1	1	1	1	1	1	1	1	1	1	1	1	1	1	1	1	1	1	1	1	1	1	1	1
1	1	1	1	1	1	1	1	1	1	1	1	1	1	1	1	1	1.97007	3.00857	3.00857	3.00857	3.00857	3.00857	3.00857	3.00857	3.00857	3.00857	3.00857	3.00857	3.00857	3.00857	3.00857	2.99574	2.57125	1.7854	1.01712	1	1	1	1	1	1	1	1	1	1	1	1	1	1	1	1	1	1	1	1	1	1	1	1	1	1	1	1
1	1	1	1	1	1	1	1	1	1	1	1	1	1	1	1	1	1.09584	2.88436	3.00857	3.00857	3.00857	3.00857	3.00857	3.00857	3.00857	3.00857	3.00857	3.00857	3.00857	2.91524	2.322	1.43142	1	1	1	1	1	1	1	1	1	1	1	1	1	1	1	1	1	1	1	1	1	1	1	1	1	1	1	1	1	1	1
1	1	1	1	1	1	1	1	1	1	1	1	1	1	1	1	1	1	2.25813	3.00857	3.00857	3.00857	3.00857	3.00857	3.00857	3.00857	3.00857	3.00857	2.75481	2.04292	1.14586	1	1	1	1	1	1	1	1	1	1	1	1	1	1	1	1	1	1	1	1	1	1	1	1	1	1	1	1	1	1	1	1	1
1	1	1	1	1	1	1	1	1	1	1	1	1	1	1	1	1	1	1.35367	2.98322	3.00857	3.00857	3.00857	3.00857	3.00857	2.9862	2.52583	1.71949	1.00483	1	1	1	1	1	1	1	1	1	1	1	1	1	1	1	1	1	1	1	1	1	1	1	1	1	1	1	1	1	1	1	1	1	1	1
1	1	1	1	1	1	1	1	1	1	1	1	1	1	1	1	1	1	1	2.51351	3.00857	3.00857	3.00857	2.89133	2.27182	1.36961	1	1	1	1	1	1	1	1	1	1	1	1	1	1	1	1	1	1	1	1	1	1	1	1	1	1	1	1	1	1	1	1	1	1	1	1	1	1
1	1	1	1	1	1	1	1	1	1	1	1	1	1	1	1	1	1	1	1.70139	3.00857	2.71433	1.9855	1.10558	1	1	1	1	1	1	1	1	1	1	1	1	1	1	1	1	1	1	1	1	1	1	1	1	1	1	1	1	1	1	1	1	1	1	1	1	1	1	1	1
1	1	1	1	1	1	1	1	1	1	1	1	1	1	1	1	1	1	1	1.00282	1.1156	1	1	1	1	1	1	1	1	1	1	1	1	1	1	1	1	1	1	1	1	1	1	1	1	1	1	1	1	1	1	1	1	1	1	1	1	1	1	1	1	1	1	1
1	1	1	1	1	1	1	1	1	1	1	1	1	1	1	1	1	1	1	1	1	1	1	1	1	1	1	1	1	1	1	1	1	1	1	1	1	1	1	1	1	1	1	1	1	1	1	1	1	1	1	1	1	1	1	1	1	1	1	1	1	1	1	1
1	1	1	1	1	1	1	1	1	1	1	1	1	1	1	1	1	1	1	1	1	1	1	1	1	1	1	1	1	1	1	1	1	1	1	1	1	1	1	1	1	1	1	1	1	1	1	1	1	1	1	1	1	1	1	1	1	1	1	1	1	1	1	1
