0	0	0	0	0	0	0	0	0	0	0	0	0	0	0	0	0	0	0	0	0	0	0	0	0	0	0	0	0	0	0	0	0	0	0	0	0	0	0	0	0	0	0	0	0	0	0	0	0	0	0	0	0	0	0	0	0	0	0	0	0	0	0	0
0	0	0	0	0	0	0	0	0	0	0	0	0	0	0	0	0	0	0	0	0	0	0	0	0	0	0	0	0	0	0	0	0	0	0	0	0	0	0	0	0	0	0	0	0	0	0	0	0	0	0	0	0	0	0	0	0	0	0	0	0	0	0	0
0	0	0	0	0	0	0	0	0	0	0	0	0	0	0	0	0	0	0	0	0	0	0	0	0	0	0	0	0	0	0	0	0	0	0	0	0	0	0	0	0	0	0	0	0	0	0	0	0	0	0	0	0	0	0	0	0	0	0	0	0	0	0	0
0	0	0	0	0	0	0	0	0	0	0	0	0	0	0	0	0	0	0	0	0	0	0	0	0	0	0	0	0	0	0	0	0	0	0	0	0	0	0	0	0	0	0	0	0	0	0	0	0	0	0	0	0	0	0	0	0	0	0	0	0	0	0	0
0	0	0	0	0	0	0	0	0	0	0	0	0	0	0	0	0	0	0	0	0	0	0	0	0	0	0	0	0	0	0	0	0	0	0	0	0	0	0	0	0	0	0	0	0	0	0	0	0	0	0	0	0	0	0	0	0	0	0	0	0	0	0	0
0	0	0	0	0	0	0	0	0	0	0	0	0	0	0	0	0	0	0	0	0	0	0	0	0	0	0	0	0	0	0	0	0	0	0	0	0	0	0	0	0	0	0	0	0	0	0	0	0	0	0	0	0	0	0	0	0	0	0	0	0	0	0	0
0	0	0	0	0	0	0	0	0	0	0	0	0	0	0	0	0	0	0	0	0	0	0	0	0	0	0	0	0	0	0	0	0	0	0	0	0	0	0	0	0	0	0	0	0	0	0	0	0	0	0	0	0	0	0	0	0	0	0	0	0	0	0	0
0	0	0	0	0	0	0	0	0	0	0	0	0	0	0	0	0	0	0	0	0	0	0	0	0	0	0	0	0	0	0	0	0	0	0	0	0	0	0	0	0	0	0	0	0	0	0	0	0	0	0	0	0	0	0	0	0	0	0	0	0	0	0	0
0	0	0	0	0	0	0	0	0	0	0	0	0	0	0	0	0	0	0	0	0	0	0	0	0	0	0	0	0	0	0	0	0	0	0	0	0	0	0	0	0	0	0	0	0	0	0	0	0	0	0	0	0	0	0	0	0	0	0	0	0	0	0	0
0	0	0	0	0	0	0	0	0	0	0	0	0	0	0	0	0	0	0	0	0	0	0	0	0	0	0	0	0	0	0	0	0	0	0	0	0	0	0	0	0	0	0	0	0	0	0	0	0	0	0	0	0	0	0	0	0	0	0	0	0	0	0	0
0	0	0	0	0	0	0	0	0	0	0	0	0	0	0	0	0	0	0	0	0	0	0	0	0	0	0	0	0	0	0	0	0	0	0	0	0	0	0	0	0	0	0	0	0	0	0	0	0	0	0	0	0	0	0	0	0	0	0	0	0	0	0	0
0	0	0	0	0	0	0	0	0	0	0	0	0	0	0	0	0	0	0	0	0	0	0	0	0	0	0	0	0	0	0	0	0	0	0	0	0	0	0	0	0	0	0	0	0	0	0	0	0	0	0	0	0	0	0	0	0	0	0	0	0	0	0	0
0	0	0	0	0	0	0	0	0	0	0	0	0	0	0	0	0	0	0	0	0	0	0	0	0	0	0	0	0	0	0	0	0	0	0	0	0	0	0	0	0	0	0	0	0	0	0	0	0	0	0	0	0	0	0	0	0	0	0	0	0	0	0	0
0	0	0	0	0	0	0	0	0	0	0	0	0	0	0	0	0	0	0	0	0	0	0	0	0	0	0	0	0	0	0	0	0	0	0	0	0	0	0	0	0	0	0	0	0	0	0	0	0	0	0	0	0	0	0	0	0	0	0	0	0	0	0	0
0	0	0	0	0	0	0	0	0	0	0	0	0	0	0	0	0	0	0	0	0	0	0	0	0	0	0	0	0	0	0	0	0	0	0	0	0	0	0	0	0	0	0	0	0	0	0	0	0	0	0	0	0	0	0	0	0	0	0	0	0	0	0	0
0	0	0	0	0	0	0	0	0	0	0	0	0	0	0	0	0	0	0	0	0	0	0	0	0	0	0	0	0	0	0	0	0	0	0	0	0	0	0	0	0	0	0	0	0	0	0	0	0	0	0	0	0	0	0	0	0	0	0	0	0	0	0	0
0	0	0	0	0	0	0	0	0	0	0	0	0	0	0	0	0	0	0	0	0	0	0	0	0	0	0	0	0	0	0	0	0	0	0	0	0	0	0	0	0	0	0	0	0	0	0	0	0	0	0	0	0	0	0	0	0	0	0	0	0	0	0	0
0	0	0	0	0	0	0	0	0	0	0	0	0	0	0	0	0	0	0	0	0	0	0	0	0	0	0	0	0	0	0	0	0	0	0	0	0	0	0	0	0	0	0	0	0	0	0	0	0	0	0	0	0	0	0	0	0	0	0	0	0	0	0	0
0	0	0	0	0	0	0	0	0	0	0	0	0	0	0	0	0	0	0	0	0	0	0	0	0	0	0	0	0	0	0	0	0	0	0	0	0	0	0	0	0	0	0	0	0	0	0	0	0	0	0	0	0	0	0	0	0	0	0	0	0	0	0	0
0	0	0	0	0	0	0	0	0	0	0	0	0	0	0	0	0	0	0	0	0	0	0	0	0	0	0	0	0	0	0	0	0	0	0	0	0	0	0	0	0	0	0	0	0	0	0	0	0	0	0	0	0	0	0	0	0	0	0	0	0	0	0	0
0	0	0	0	0	0	0	0	0	0	0	0	0	0	0	0	0	0	0	0	0	0	0	0	0	0	0	0	0	0	0	0	0	0	0	0	0	0	0	0	0	0	0	0	0	0	0	0	0	0	0	0	0	0	0	0	0	0	0	0	0	0	0	0
0	0	0	0	0	0	0	0	0	0	0	0	0	0	0	0	0	0	0	0	0	0	0	0	0	0	0	0	0	0	0	0	0	0	0	0	0	0	0	0	0	0	0	0	0	0	0	0	0	0	0	0	0	0	0	0	0	0	0	0	0	0	0	0
0	0	0	0	0	0	0	0	0	0	0	0	0	0	0	0	0	0	0	0	0	0	0	0	0	0	0	0	0	0	0	0	0	0	0	0	0	0	0	0	0	0	0	0	0	0	0	0	0	0	0	0	0	0	0	0	0	0	0	0	0	0	0	0
0	0	0	0	0	0	0	0	0	0	0	0	0	0	0	0	0	0	0	0	0	0	0	0	0	0	0	0	0	0	0	0	0	0	0	0	0	0	0	0	0	0	0	0	0	0	0	0	0	0	0	0	0	0	0	0	0	0	0	0	0	0	0	0
0	0	0	0	0	0	0	0	0	0	0	0	0	0	0	0	0	0	0	0	0	0	0	0	0	0	0	0	0	0	0	0	0	0	0	0	0	0	0	0	0	0	0	0	0	0	0	0	0	0	0	0	0	0	0	0	0	0	0	0	0	0	0	0
0.252253	0.252253	0.252253	0.252253	0.252253	0.252253	0.252253	0.252253	0.252253	0.252253	0.252253	0.252253	0.252253	0.252253	0.252253	0.252253	0.252253	0.252253	0.252253	0.252253	0.252253	0.252253	0.252253	0.252253	0.252253	0.252253	0.252253	0.252253	0.252253	0.252253	0.252253	0.252253	0.252253	0.252253	0.252253	0.252253	0.252253	0.252253	0.252253	0.252253	0.252253	0.252253	0.252253	0.252253	0.252253	0.252253	0.252253	0.252253	0.252253	0.252253	0.252253	0.252253	0.252253	0.252253	0.252253	0.252253	0.252253	0.252253	0.252253	0.252253	0.252253	0.252253	0.252253	0.252253
0.430171	0.430171	0.430171	0.430171	0.430171	0.430171	0.430171	0.430171	0.430171	0.430171	0.430171	0.430171	0.430171	0.430171	0.430171	0.430171	0.430171	0.430171	0.430171	0.430171	0.430171	0.430171	0.430171	0.430171	0.430171	0.430171	0.430171	0.430171	0.430171	0.430171	0.430171	0.430171	0.430171	0.430171	0.430171	0.430171	0.430171	0.430171	0.430171	0.430171	0.430171	0.430171	0.430171	0.430171	0.430171	0.430171	0.430171	0.430171	0.430171	0.430171	0.430171	0.430171	0.430171	0.430171	0.430171	0.430171	0.430171	0.430171	0.430171	0.430171	0.430171	0.430171	0.430171	0.430171
0.430171	0.430171	0.430171	0.430171	0.430171	0.430171	0.430171	0.430171	0.430171	0.430171	0.430171	0.430171	0.430171	0.430171	0.430171	0.430171	0.430171	0.430171	0.430171	0.430171	0.430171	0.430171	0.430171	0.430171	0.430171	0.430171	0.430171	0.430171	0.430171	0.430171	0.430171	0.430171	0.430171	0.430171	0.430171	0.430171	0.430171	0.430171	0.430171	0.430171	0.430171	0.430171	0.430171	0.430171	0.430171	0.430171	0.430171	0.430171	0.430171	0.430171	0.430171	0.430171	0.430171	0.430171	0.430171	0.430171	0.430171	0.430171	0.430171	0.430171	0.430171	0.430171	0.430171	0.430171
0.430171	0.430171	0.430171	0.430171	0.430171	0.430171	0.430171	0.430171	0.430171	0.430171	0.430171	0.430171	0.430171	0.430171	0.430171	0.430171	0.430171	0.430171	0.430171	0.430171	0.430171	0.430171	0.430171	0.430171	0.430171	0.430171	0.430171	0.430171	0.430171	0.430171	0.430171	0.430171	0.430171	0.430171	0.430171	0.430171	0.430171	0.430171	0.430171	0.430171	0.430171	0.430171	0.430171	0.430171	0.430171	0.430171	0.430171	0.430171	0.430171	0.430171	0.430171	0.430171	0.430171	0.430171	0.430171	0.430171	0.430171	0.430171	0.430171	0.430171	0.430171	0.430171	0.430171	0.430171
0.430171	0.430171	0.430171	0.430171	0.430171	0.430171	0.430171	0.430171	0.430171	0.430171	0.430171	0.430171	0.430171	0.430171	0.430171	0.430171	0.430171	0.430171	0.430171	0.430171	0.430171	0.430171	0.430171	0.430171	0.430171	0.430171	0.430171	0.430171	0.430171	0.430171	0.430171	0.430171	0.430171	0.430171	0.430171	0.430171	0.430171	0.430171	0.430171	0.430171	0.430171	0.430171	0.430171	0.430171	0.430171	0.430171	0.430171	0.430171	0.430171	0.430171	0.430171	0.430171	0.430171	0.430171	0.430171	0.430171	0.430171	0.430171	0.430171	0.430171	0.430171	0.430171	0.430171	0.430171
0.430171	0.430171	0.430171	0.430171	0.430171	0.430171	0.430171	0.430171	0.430171	0.430171	0.430171	0.430171	0.430171	0.430171	0.430171	0.430171	0.430171	0.430171	0.430171	0.430171	0.430171	0.430171	0.430171	0.430171	0.430171	0.430171	0.430171	0.430171	0.430171	0.430171	0.430171	0.430171	0.430171	0.430171	0.430171	0.430171	0.430171	0.430171	0.430171	0.430171	0.430171	0.430171	0.430171	0.430171	0.430171	0.430171	0.430171	0.430171	0.430171	0.430171	0.430171	0.430171	0.430171	0.430171	0.430171	0.430171	0.430171	0.430171	0.430171	0.430171	0.430171	0.430171	0.430171	0.430171
0.430171	0.430171	0.430171	0.430171	0.430171	0.430171	0.430171	0.430171	0.430171	0.430171	0.430171	0.430171	0.430171	0.430171	0.430171	0.430171	0.430171	0.430171	0.430171	0.430171	0.430171	0.430171	0.430171	0.430171	0.430171	0.430171	0.430171	0.430171	0.430171	0.430171	0.430171	0.430171	0.430171	0.430171	0.430171	0.430171	0.430171	0.430171	0.430171	0.430171	0.430171	0.430171	0.430171	0.430171	0.430171	0.430171	0.430171	0.430171	0.430171	0.430171	0.430171	0.430171	0.430171	0.430171	0.430171	0.430171	0.430171	0.430171	0.430171	0.430171	0.430171	0.430171	0.430171	0.430171
0.430171	0.430171	0.430171	0.430171	0.430171	0.430171	0.430171	0.430171	0.430171	0.430171	0.430171	0.430171	0.430171	0.430171	0.430171	0.430171	0.430171	0.430171	0.430171	0.430171	0.430171	0.430171	0.430171	0.430171	0.430171	0.430171	0.430171	0.430171	0.430171	0.430171	0.430171	0.430171	0.430171	0.430171	0.430171	0.430171	0.430171	0.430171	0.430171	0.430171	0.430171	0.430171	0.430171	0.430171	0.430171	0.430171	0.430171	0.430171	0.430171	0.430171	0.430171	0.430171	0.430171	0.430171	0.430171	0.430171	0.430171	0.430171	0.430171	0.430171	0.430171	0.430171	0.430171	0.430171
0.430171	0.430171	0.430171	0.430171	0.430171	0.430171	0.430171	0.430171	0.430171	0.430171	0.430171	0.430171	0.430171	0.430171	0.430171	0.430171	0.430171	0.430171	0.430171	0.430171	0.430171	0.430171	0.430171	0.430171	0.430171	0.430171	0.430171	0.430171	0.430171	0.430171	0.430171	0.430171	0.430171	0.430171	0.430171	0.430171	0.430171	0.430171	0.430171	0.430171	0.430171	0.430171	0.430171	0.430171	0.430171	0.430171	0.430171	0.430171	0.430171	0.430171	0.430171	0.430171	0.430171	0.430171	0.430171	0.430171	0.430171	0.430171	0.430171	0.430171	0.430171	0.430171	0.430171	0.430171
0.430171	0.430171	0.430171	0.430171	0.430171	0.430171	0.430171	0.430171	0.430171	0.430171	0.430171	0.430171	0.430171	0.430171	0.430171	0.430171	0.430171	0.430171	0.430171	0.430171	0.430171	0.430171	0.430171	0.430171	0.430171	0.430171	0.430171	0.430171	0.430171	0.430171	0.430171	0.430171	0.430171	0.430171	0.430171	0.430171	0.430171	0.430171	0.430171	0.430171	0.430171	0.430171	0.430171	0.430171	0.430171	0.430171	0.430171	0.430171	0.430171	0.430171	0.430171	0.430171	0.430171	0.430171	0.430171	0.430171	0.430171	0.430171	0.430171	0.430171	0.430171	0.430171	0.430171	0.430171
0.430171	0.430171	0.430171	0.430171	0.430171	0.430171	0.430171	0.430171	0.430171	0.430171	0.430171	0.430171	0.430171	0.430171	0.430171	0.430171	0.430171	0.430171	0.430171	0.430171	0.430171	0.430171	0.430171	0.430171	0.430171	0.430171	0.430171	0.430171	0.430171	0.430171	0.430171	0.430171	0.430171	0.430171	0.430171	0.430171	0.430171	0.430171	0.430171	0.430171	0.430171	0.430171	0.430171	0.430171	0.430171	0.430171	0.430171	0.430171	0.430171	0.430171	0.430171	0.430171	0.430171	0.430171	0.430171	0.430171	0.430171	0.430171	0.430171	0.430171	0.430171	0.430171	0.430171	0.430171
0.430171	0.430171	0.430171	0.430171	0.430171	0.430171	0.430171	0.430171	0.430171	0.430171	0.430171	0.430171	0.430171	0.430171	0.430171	0.430171	0.430171	0.430171	0.430171	0.430171	0.430171	0.430171	0.430171	0.430171	0.430171	0.430171	0.430171	0.430171	0.430171	0.430171	0.430171	0.430171	0.430171	0.430171	0.430171	0.430171	0.430171	0.430171	0.430171	0.430171	0.430171	0.430171	0.430171	0.430171	0.430171	0.430171	0.430171	0.430171	0.430171	0.430171	0.430171	0.430171	0.430171	0.430171	0.430171	0.430171	0.430171	0.430171	0.430171	0.430171	0.430171	0.430171	0.430171	0.430171
0.430171	0.430171	0.430171	0.430171	0.430171	0.430171	0.430171	0.430171	0.430171	0.430171	0.430171	0.430171	0.430171	0.430171	0.430171	0.430171	0.430171	0.430171	0.430171	0.430171	0.430171	0.430171	0.430171	0.430171	0.430171	0.430171	0.430171	0.430171	0.430171	0.430171	0.430171	0.430171	0.430171	0.430171	0.430171	0.430171	0.430171	0.430171	0.430171	0.430171	0.430171	0.430171	0.430171	0.430171	0.430171	0.430171	0.430171	0.430171	0.430171	0.430171	0.430171	0.430171	0.430171	0.430171	0.430171	0.430171	0.430171	0.430171	0.430171	0.430171	0.430171	0.430171	0.430171	0.430171
0.430171	0.430171	0.430171	0.430171	0.430171	0.430171	0.430171	0.430171	0.430171	0.430171	0.430171	0.430171	0.430171	0.430171	0.430171	0.430171	0.430171	0.430171	0.430171	0.430171	0.430171	0.430171	0.430171	0.430171	0.430171	0.430171	0.430171	0.430171	0.430171	0.430171	0.430171	0.430171	0.430171	0.430171	0.430171	0.430171	0.430171	0.430171	0.430171	0.430171	0.430171	0.430171	0.430171	0.430171	0.430171	0.430171	0.430171	0.430171	0.430171	0.430171	0.430171	0.430171	0.430171	0.430171	0.430171	0.430171	0.430171	0.430171	0.430171	0.430171	0.430171	0.430171	0.430171	0.430171
0.430171	0.430171	0.430171	0.430171	0.430171	0.430171	0.430171	0.430171	0.430171	0.430171	0.430171	0.430171	0.430171	0.430171	0.430171	0.430171	0.430171	0.430171	0.430171	0.430171	0.430171	0.430171	0.430171	0.430171	0.430171	0.430171	0.430171	0.430171	0.430171	0.430171	0.430171	0.430171	0.430171	0.430171	0.430171	0.430171	0.430171	0.430171	0.430171	0.430171	0.430171	0.430171	0.430171	0.430171	0.430171	0.430171	0.430171	0.430171	0.430171	0.430171	0.430171	0.430171	0.430171	0.430171	0.430171	0.430171	0.430171	0.430171	0.430171	0.430171	0.430171	0.430171	0.430171	0.430171
0.430171	0.430171	0.430171	0.430171	0.430171	0.430171	0.430171	0.430171	0.430171	0.430171	0.430171	0.430171	0.430171	0.430171	0.430171	0.430171	0.430171	0.430171	0.430171	0.430171	0.430171	0.430171	0.430171	0.430171	0.430171	0.430171	0.430171	0.430171	0.430171	0.430171	0.430171	0.430171	0.430171	0.430171	0.430171	0.430171	0.430171	0.430171	0.430171	0.430171	0.430171	0.430171	0.430171	0.430171	0.430171	0.430171	0.430171	0.430171	0.430171	0.430171	0.430171	0.430171	0.430171	0.430171	0.430171	0.430171	0.430171	0.430171	0.430171	0.430171	0.430171	0.430171	0.430171	0.430171
0.430171	0.430171	0.430171	0.430171	0.430171	0.430171	0.430171	0.430171	0.430171	0.430171	0.430171	0.430171	0.430171	0.430171	0.430171	0.430171	0.430171	0.430171	0.430171	0.430171	0.430171	0.430171	0.430171	0.430171	0.430171	0.430171	0.430171	0.430171	0.430171	0.430171	0.430171	0.430171	0.430171	0.430171	0.430171	0.430171	0.430171	0.430171	0.430171	0.430171	0.430171	0.430171	0.430171	0.430171	0.430171	0.430171	0.430171	0.430171	0.430171	0.430171	0.430171	0.430171	0.430171	0.430171	0.430171	0.430171	0.430171	0.430171	0.430171	0.430171	0.430171	0.430171	0.430171	0.430171
0.430171	0.430171	0.430171	0.430171	0.430171	0.430171	0.430171	0.430171	0.430171	0.430171	0.430171	0.430171	0.430171	0.430171	0.430171	0.430171	0.430171	0.430171	0.430171	0.430171	0.430171	0.430171	0.430171	0.430171	0.430171	0.430171	0.430171	0.430171	0.430171	0.430171	0.430171	0.430171	0.430171	0.430171	0.430171	0.430171	0.430171	0.430171	0.430171	0.430171	0.430171	0.430171	0.430171	0.430171	0.430171	0.430171	0.430171	0.430171	0.430171	0.430171	0.430171	0.430171	0.430171	0.430171	0.430171	0.430171	0.430171	0.430171	0.430171	0.430171	0.430171	0.430171	0.430171	0.430171
0.430171	0.430171	0.430171	0.430171	0.430171	0.430171	0.430171	0.430171	0.430171	0.430171	0.430171	0.430171	0.430171	0.430171	0.430171	0.430171	0.430171	0.430171	0.430171	0.430171	0.430171	0.430171	0.430171	0.430171	0.430171	0.430171	0.430171	0.430171	0.430171	0.430171	0.430171	0.430171	0.430171	0.430171	0.430171	0.430171	0.430171	0.430171	0.430171	0.430171	0.430171	0.430171	0.430171	0.430171	0.430171	0.430171	0.430171	0.430171	0.430171	0.430171	0.430171	0.430171	0.430171	0.430171	0.430171	0.430171	0.430171	0.430171	0.430171	0.430171	0.430171	0.430171	0.430171	0.430171
0.430171	0.430171	0.430171	0.430171	0.430171	0.430171	0.430171	0.430171	0.430171	0.430171	0.430171	0.430171	0.430171	0.430171	0.430171	0.430171	0.430171	0.430171	0.430171	0.430171	0.430171	0.430171	0.430171	0.430171	0.430171	0.430171	0.430171	0.430171	0.430171	0.430171	0.430171	0.430171	0.430171	0.430171	0.430171	0.430171	0.430171	0.430171	0.430171	0.430171	0.430171	0.430171	0.430171	0.430171	0.430171	0.430171	0.430171	0.430171	0.430171	0.430171	0.430171	0.430171	0.430171	0.430171	0.430171	0.430171	0.430171	0.430171	0.430171	0.430171	0.430171	0.430171	0.430171	0.430171
0.430171	0.430171	0.430171	0.430171	0.430171	0.430171	0.430171	0.430171	0.430171	0.430171	0.430171	0.430171	0.430171	0.430171	0.430171	0.430171	0.430171	0.430171	0.430171	0.430171	0.430171	0.430171	0.430171	0.430171	0.430171	0.430171	0.430171	0.430171	0.430171	0.430171	0.430171	0.430171	0.430171	0.430171	0.430171	0.430171	0.430171	0.430171	0.430171	0.430171	0.430171	0.430171	0.430171	0.430171	0.430171	0.430171	0.430171	0.430171	0.430171	0.430171	0.430171	0.430171	0.430171	0.430171	0.430171	0.430171	0.430171	0.430171	0.430171	0.430171	0.430171	0.430171	0.430171	0.430171
0.430171	0.430171	0.430171	0.430171	0.430171	0.430171	0.430171	0.430171	0.430171	0.430171	0.430171	0.430171	0.430171	0.430171	0.430171	0.430171	0.430171	0.430171	0.430171	0.430171	0.430171	0.430171	0.430171	0.430171	0.430171	0.430171	0.430171	0.430171	0.430171	0.430171	0.430171	0.430171	0.430171	0.430171	0.430171	0.430171	0.430171	0.430171	0.430171	0.430171	0.430171	0.430171	0.430171	0.430171	0.430171	0.430171	0.430171	0.430171	0.430171	0.430171	0.430171	0.430171	0.430171	0.430171	0.430171	0.430171	0.430171	0.430171	0.430171	0.430171	0.430171	0.430171	0.430171	0.430171
0.430171	0.430171	0.430171	0.430171	0.430171	0.430171	0.430171	0.430171	0.430171	0.430171	0.430171	0.430171	0.430171	0.430171	0.430171	0.430171	0.430171	0.430171	0.430171	0.430171	0.430171	0.430171	0.430171	0.430171	0.430171	0.430171	0.430171	0.430171	0.430171	0.430171	0.430171	0.430171	0.430171	0.430171	0.430171	0.430171	0.430171	0.430171	0.430171	0.430171	0.430171	0.430171	0.430171	0.430171	0.430171	0.430171	0.430171	0.430171	0.430171	0.430171	0.430171	0.430171	0.430171	0.430171	0.430171	0.430171	0.430171	0.430171	0.430171	0.430171	0.430171	0.430171	0.430171	0.430171
0.430171	0.430171	0.430171	0.430171	0.430171	0.430171	0.430171	0.430171	0.430171	0.430171	0.430171	0.430171	0.430171	0.430171	0.430171	0.430171	0.430171	0.430171	0.430171	0.430171	0.430171	0.430171	0.430171	0.430171	0.430171	0.430171	0.430171	0.430171	0.430171	0.430171	0.430171	0.430171	0.430171	0.430171	0.430171	0.430171	0.430171	0.430171	0.430171	0.430171	0.430171	0.430171	0.430171	0.430171	0.430171	0.430171	0.430171	0.430171	0.430171	0.430171	0.430171	0.430171	0.430171	0.430171	0.430171	0.430171	0.430171	0.430171	0.430171	0.430171	0.430171	0.430171	0.430171	0.430171
0.430171	0.430171	0.430171	0.430171	0.430171	0.430171	0.430171	0.430171	0.430171	0.430171	0.430171	0.430171	0.430171	0.430171	0.430171	0.430171	0.430171	0.430171	0.430171	0.430171	0.430171	0.430171	0.430171	0.430171	0.430171	0.430171	0.430171	0.430171	0.430171	0.430171	0.430171	0.430171	0.430171	0.430171	0.430171	0.430171	0.430171	0.430171	0.430171	0.430171	0.430171	0.430171	0.430171	0.430171	0.430171	0.430171	0.430171	0.430171	0.430171	0.430171	0.430171	0.430171	0.430171	0.430171	0.430171	0.430171	0.430171	0.430171	0.430171	0.430171	0.430171	0.430171	0.430171	0.430171
0.430171	0.430171	0.430171	0.430171	0.430171	0.430171	0.430171	0.430171	0.430171	0.430171	0.430171	0.430171	0.430171	0.430171	0.430171	0.430171	0.430171	0.430171	0.430171	0.430171	0.430171	0.430171	0.430171	0.430171	0.430171	0.430171	0.430171	0.430171	0.430171	0.430171	0.430171	0.430171	0.430171	0.430171	0.430171	0.430171	0.430171	0.430171	0.430171	0.430171	0.430171	0.430171	0.430171	0.430171	0.430171	0.430171	0.430171	0.430171	0.430171	0.430171	0.430171	0.430171	0.430171	0.430171	0.430171	0.430171	0.430171	0.430171	0.430171	0.430171	0.430171	0.430171	0.430171	0.430171
0.160524	0.160524	0.160524	0.160524	0.160524	0.160524	0.160524	0.160524	0.160524	0.160524	0.160524	0.160524	0.160524	0.160524	0.160524	0.160524	0.160524	0.160524	0.160524	0.160524	0.160524	0.160524	0.160524	0.160524	0.160524	0.160524	0.160524	0.160524	0.160524	0.160524	0.160524	0.160524	0.160524	0.160524	0.160524	0.160524	0.160524	0.160524	0.160524	0.160524	0.160524	0.160524	0.160524	0.160524	0.160524	0.160524	0.160524	0.160524	0.160524	0.160524	0.160524	0.160524	0.160524	0.160524	0.160524	0.160524	0.160524	0.160524	0.160524	0.160524	0.160524	0.160524	0.160524	0.160524
0	0	0	0	0	0	0	0	0	0	0	0	0	0	0	0	0	0	0	0	0	0	0	0	0	0	0	0	0	0	0	0	0	0	0	0	0	0	0	0	0	0	0	0	0	0	0	0	0	0	0	0	0	0	0	0	0	0	0	0	0	0	0	0
0	0	0	0	0	0	0	0	0	0	0	0	0	0	0	0	0	0	0	0	0	0	0	0	0	0	0	0	0	0	0	0	0	0	0	0	0	0	0	0	0	0	0	0	0	0	0	0	0	0	0	0	0	0	0	0	0	0	0	0	0	0	0	0
0	0	0	0	0	0	0	0	0	0	0	0	0	0	0	0	0	0	0	0	0	0	0	0	0	0	0	0	0	0	0	0	0	0	0	0	0	0	0	0	0	0	0	0	0	0	0	0	0	0	0	0	0	0	0	0	0	0	0	0	0	0	0	0
0	0	0	0	0	0	0	0	0	0	0	0	0	0	0	0	0	0	0	0	0	0	0	0	0	0	0	0	0	0	0	0	0	0	0	0	0	0	0	0	0	0	0	0	0	0	0	0	0	0	0	0	0	0	0	0	0	0	0	0	0	0	0	0
0	0	0	0	0	0	0	0	0	0	0	0	0	0	0	0	0	0	0	0	0	0	0	0	0	0	0	0	0	0	0	0	0	0	0	0	0	0	0	0	0	0	0	0	0	0	0	0	0	0	0	0	0	0	0	0	0	0	0	0	0	0	0	0
0	0	0	0	0	0	0	0	0	0	0	0	0	0	0	0	0	0	0	0	0	0	0	0	0	0	0	0	0	0	0	0	0	0	0	0	0	0	0	0	0	0	0	0	0	0	0	0	0	0	0	0	0	0	0	0	0	0	0	0	0	0	0	0
0	0	0	0	0	0	0	0	0	0	0	0	0	0	0	0	0	0	0	0	0	0	0	0	0	0	0	0	0	0	0	0	0	0	0	0	0	0	0	0	0	0	0	0	0	0	0	0	0	0	0	0	0	0	0	0	0	0	0	0	0	0	0	0
0	0	0	0	0	0	0	0	0	0	0	0	0	0	0	0	0	0	0	0	0	0	0	0	0	0	0	0	0	0	0	0	0	0	0	0	0	0	0	0	0	0	0	0	0	0	0	0	0	0	0	0	0	0	0	0	0	0	0	0	0	0	0	0
0	0	0	0	0	0	0	0	0	0	0	0	0	0	0	0	0	0	0	0	0	0	0	0	0	0	0	0	0	0	0	0	0	0	0	0	0	0	0	0	0	0	0	0	0	0	0	0	0	0	0	0	0	0	0	0	0	0	0	0	0	0	0	0
0	0	0	0	0	0	0	0	0	0	0	0	0	0	0	0	0	0	0	0	0	0	0	0	0	0	0	0	0	0	0	0	0	0	0	0	0	0	0	0	0	0	0	0	0	0	0	0	0	0	0	0	0	0	0	0	0	0	0	0	0	0	0	0
0	0	0	0	0	0	0	0	0	0	0	0	0	0	0	0	0	0	0	0	0	0	0	0	0	0	0	0	0	0	0	0	0	0	0	0	0	0	0	0	0	0	0	0	0	0	0	0	0	0	0	0	0	0	0	0	0	0	0	0	0	0	0	0
0	0	0	0	0	0	0	0	0	0	0	0	0	0	0	0	0	0	0	0	0	0	0	0	0	0	0	0	0	0	0	0	0	0	0	0	0	0	0	0	0	0	0	0	0	0	0	0	0	0	0	0	0	0	0	0	0	0	0	0	0	0	0	0
