0	0	0	0	0	0	0	0	0	0	0	0	0	0	0	0	0	0	0	0	0	0	0	0	0	0	0	0	0	0	0	0	0	0	0	0	0	0	0	0	0	0	0	0	0	0	0	0	0	0	0	0	0	0	0	0	0	0	0	0	0	0	0	0
0	0	0	0	0	0	0	0	0	0	0	0	0	0	0	0	0	0	0	0	0	0	0	0	0	0	0	0	0	0	0	0	0	0	0	0	0	0	0	0	0	0	0	0	0	0	0	0	0	0	0	0	0	0	0	0	0	0	0	0	0	0	0	0
0	0	0	0	0	0	0	0	0	0	0	0	0	0	0	0	0	0	0	0	0	0	0	0	0	0	0	0	0	0	0	0	0	0	0	0	0	0	0	0	0	0	0	0	0	0	0	0	0	0	0	0	0	0	0	0	0	0	0	0	0	0	0	0
0	0	0	0	0	0	0	0	0	0	0	0	0	0	0	0	0	0	0	0	0	0	0	0	0	0	0	0	0	0	0	0	0	0	0	0	0	0	0	0	0	0	0	0	0	0	0	0	0	0	0	0	0	0	0	0	0	0	0	0	0	0	0	0
0	0	0	0	0	0	0	0	0	0	0	0	0	0	0	0	0	0	0	0	0	0	0	0	0	0	0	0	0	0	0	0	0	0	0	0	0	0	0	0	0	0	0	0	0	0	0	0	0	0	0	0	0	0	0	0	0	0	0	0	0	0	0	0
0	0	0	0	0	0	0	0	0	0	0	0	0	0	0	0	0	0	0	0	0	0	0	0	0	0	0	0	0	0	0	0	0	0	0	0	0	0	0	0	0	0	0	0	0	0	0	0	0	0	0	0	0	0	0	0	0	0	0	0	0	0	0	0
0	0	0	0	0	0	0	0	0	0	0	0	0	0	0	0	0	0	0	0	0	0	0	0	0	0	0	0	0	0	0	0	0	0	0	0	0	0	0	0	0	0	0	0	0	0	0	0	0	0	0	0	0	0	0	0	0	0	0	0	0	0	0	0
0	0	0	0	0	0	0	0	0	0	0	0	0	0	0	0	0	0	0	0	0	0	0	0	0	0	0	0	0	0	0	0	0	0	0	0	0	0	0	0	0	0	0	0	0	0	0	0	0	0	0	0	0	0	0	0	0	0	0	0	0	0	0	0
0	0	0	0	0	0	0	0	0	0	0	0	0	0	0	0	0	0	0	0	0	0	0	0	0	0	0	0	0	0	0	0	0	0	0	0	0	0	0	0	0	0	0	0	0	0	0	0	0	0	0	0	0	0	0	0	0	0	0	0	0	0	0	0
0	0	0	0	0	0	0	0	0	0	0	0	0	0	0	0	0	0	0	0	0	0	0	0	0	0	0	0	0	0	0	0	0	0	0	0	0	0	0	0	0	0	0	0	0	0	0	0	0	0	0	0	0	0	0	0	0	0	0	0	0	0	0	0
0	0	0	0	0	0	0	0	0	0	0	0	0	0	0	0	0	0	0	0	0	0	0	0	0	0	0	0	0	0	0	0	0	0	0	0	0	0	0	0	0	0	0	0	0	0	0	0	0	0	0	0	0	0	0	0	0	0	0	0	0	0	0	0
0	0	0	0	0	0	0	0	0	0	0	0	0	0	0	0	0	0	0	0	0	0	0	0	0	0	0	0	0	0	0	0	0	0	0	0	0	0	0	0	0	0	0	0	0	0	0	0	0	0	0	0	0	0	0	0	0	0	0	0	0	0	0	0
0	0	0	0	0	0	0	0	0	0	0	0	0	0	0	0	0	0	0	0	0	0	0	0	0	0	0	0	0	0	0	0	0	0	0	0	0	0	0	0	0	0	0	0	0	0	0	0	0	0	0	0	0	0	0	0	0	0	0	0	0	0	0	0
0	0	0	0	0	0	0	0	0	0	0	0	0	0	0	0	0	0	0	0	0	0	0	0	0	0	0	0	0	0	0	0	0	0	0	0	0	0	0	0	0	0	0	0	0	0	0	0	0	0	0	0	0	0	0	0	0	0	0	0	0	0	0	0
0	0	0	0	0	0	0	0	0	0	0	0	0	0	0	0	0	0	0	0	0	0	0	0	0	0	0	0	0	0	0	0	0	0	0	0	0	0	0	0	0	0	0	0	0	0	0	0	0	0	0	0	0	0	0	0	0	0	0	0	0	0	0	0
0	0	0	0	0	0	0	0	0	0	0	0	0	0	0	0	0	0	0	0	0	0	0	0	0	0	0	0	0	0	0	0	0	0	0	0	0	0	0	0	0	0	0	0	0	0	0	0	0	0	0	0	0	0	0	0	0	0	0	0	0	0	0	0
0	0	0	0	0	0	0	0	0	0	0	0	0	0	0	0	0	0	0	0	0	0	0	0	0	0	0	0	0	0	0	0	0	0	0	0	0	0	0	0	0	0	0	0	0	0	0	0	0	0	0	0	0	0	0	0	0	0	0	0	0	0	0	0
0	0	0	0	0	0	0	0	0	0	0	0	0	0	0	0	0	0	0	0	0	0	0	0	0	0	0	0	0	0	0	0	0	0	0	0	0	0	0	0	0	0	0	0	0	0	0	0	0	0	0	0	0	0	0	0	0	0	0	0	0	0	0	0
0	0	0	0	0	0	0	0	0	0	0	0	0	0	0	0	0	0	0	0	0	0	0	0	0	0	0	0	0	0	0	0	0	0	0	0	0	0	0	0	0	0	0	0	0	0	0	0	0	0	0	0	0	0	0	0	0	0	0	0	0	0	0	0
0	0	0	0	0	0	0	0	0	0	0	0	0	0	0	0	0	0	0	0	0	0	0	0	0	0	0	0	0	0	0	0	0	0	0	0	0	0	0	0	0	0	0	0	0	0	0	0	0	0	0	0	0	0	0	0	0	0	0	0	0	0	0	0
0	0	0	0	0	0	0	0	0	0	0	0	0	0	0	0	0	0	0	0	0	0	0	0	0	0	0	0	0	0	0	0	0	0	0	0	0	0	0	0	0	0	0	0	0	0	0	0	0	0	0	0	0	0	0	0	0	0	0	0	0	0	0	0
0	0	0	0	0	0	0	0	0	0	0	0	0	0	0	0	0	0	0	0	0	0	0	0	0	0	0	0	0	0	0	0	0	0	0	0	0	0	0	0	0	0	0	0	0	0	0	0	0	0	0	0	0	0	0	0	0	0	0	0	0	0	0	0
0	0	0	0	0	0	0	0	0	0	0	0	0	0	0	0	0	0	0	0	0	0	0	0	0	0	0	0	0	0	0	0	0	0	0	0	0	0	0	0	0	0	0	0	0	0	0	0	0	0	0	0	0	0	0	0	0	0	0	0	0	0	0	0
0	0	0	0	0	0	0	0	0	0	0	0	0	0	0	0	0	0	0	0	0	0	0	0	0	0	0	0	0	0	0	0	0	0	0	0	0	0	0	0	0	0	0	0	0	0	0	0	0	0	0	0	0	0	0	0	0	0	0	0	0	0	0	0
0	0	0	0	0	0	0	0	0	0	0	0	0	0	0	0	0	0	0	0	0	0	0	0	0	0	0	0	0	0	0	0	0	0	0	0	0	0	0	0	0	0	0	0	0	0	0	0	0	0	0	0	0	0	0	0	0	0	0	0	0	0	0	0
0.161249	0.161249	0.161249	0.161249	0.161249	0.161249	0.161249	0.161249	0.161249	0.161249	0.161249	0.161249	0.161249	0.161249	0.161249	0.161249	0.161249	0.161249	0.161249	0.161249	0.161249	0.161249	0.161249	0.161249	0.161249	0.161249	0.161249	0.161249	0.161249	0.161249	0.161249	0.161249	0.161249	0.161249	0.161249	0.161249	0.161249	0.161249	0.161249	0.161249	0.161249	0.161249	0.161249	0.161249	0.161249	0.161249	0.161249	0.161249	0.161249	0.161249	0.161249	0.161249	0.161249	0.161249	0.161249	0.161249	0.161249	0.161249	0.161249	0.161249	0.161249	0.161249	0.161249	0.161249
0.275416	0.275416	0.275416	0.275416	0.275416	0.275416	0.275416	0.275416	0.275416	0.275416	0.275416	0.275416	0.275416	0.275416	0.275416	0.275416	0.275416	0.275416	0.275416	0.275416	0.275416	0.275416	0.275416	0.275416	0.275416	0.275416	0.275416	0.275416	0.275416	0.275416	0.275416	0.275416	0.275416	0.275416	0.275416	0.275416	0.275416	0.275416	0.275416	0.275416	0.275416	0.275416	0.275416	0.275416	0.275416	0.275416	0.275416	0.275416	0.275416	0.275416	0.275416	0.275416	0.275416	0.275416	0.275416	0.275416	0.275416	0.275416	0.275416	0.275416	0.275416	0.275416	0.275416	0.275416
0.275416	0.275416	0.275416	0.275416	0.275416	0.275416	0.275416	0.275416	0.275416	0.275416	0.275416	0.275416	0.275416	0.275416	0.275416	0.275416	0.275416	0.275416	0.275416	0.275416	0.275416	0.275416	0.275416	0.275416	0.275416	0.275416	0.275416	0.275416	0.275416	0.275416	0.275416	0.275416	0.275416	0.275416	0.275416	0.275416	0.275416	0.275416	0.275416	0.275416	0.275416	0.275416	0.275416	0.275416	0.275416	0.275416	0.275416	0.275416	0.275416	0.275416	0.275416	0.275416	0.275416	0.275416	0.275416	0.275416	0.275416	0.275416	0.275416	0.275416	0.275416	0.275416	0.275416	0.275416
0.275416	0.275416	0.275416	0.275416	0.275416	0.275416	0.275416	0.275416	0.275416	0.275416	0.275416	0.275416	0.275416	0.275416	0.275416	0.275416	0.275416	0.275416	0.275416	0.275416	0.275416	0.275416	0.275416	0.275416	0.275416	0.275416	0.275416	0.275416	0.275416	0.275416	0.275416	0.275416	0.275416	0.275416	0.275416	0.275416	0.275416	0.275416	0.275416	0.275416	0.275416	0.275416	0.275416	0.275416	0.275416	0.275416	0.275416	0.275416	0.275416	0.275416	0.275416	0.275416	0.275416	0.275416	0.275416	0.275416	0.275416	0.275416	0.275416	0.275416	0.275416	0.275416	0.275416	0.275416
0.275416	0.275416	0.275416	0.275416	0.275416	0.275416	0.275416	0.275416	0.275416	0.275416	0.275416	0.275416	0.275416	0.275416	0.275416	0.275416	0.275416	0.275416	0.275416	0.275416	0.275416	0.275416	0.275416	0.275416	0.275416	0.275416	0.275416	0.275416	0.275416	0.275416	0.275416	0.275416	0.275416	0.275416	0.275416	0.275416	0.275416	0.275416	0.275416	0.275416	0.275416	0.275416	0.275416	0.275416	0.275416	0.275416	0.275416	0.275416	0.275416	0.275416	0.275416	0.275416	0.275416	0.275416	0.275416	0.275416	0.275416	0.275416	0.275416	0.275416	0.275416	0.275416	0.275416	0.275416
0.275416	0.275416	0.275416	0.275416	0.275416	0.275416	0.275416	0.275416	0.275416	0.275416	0.275416	0.275416	0.275416	0.275416	0.275416	0.275416	0.275416	0.275416	0.275416	0.275416	0.275416	0.275416	0.275416	0.275416	0.275416	0.275416	0.275416	0.275416	0.275416	0.275416	0.275416	0.275416	0.275416	0.275416	0.275416	0.275416	0.275416	0.275416	0.275416	0.275416	0.275416	0.275416	0.275416	0.275416	0.275416	0.275416	0.275416	0.275416	0.275416	0.275416	0.275416	0.275416	0.275416	0.275416	0.275416	0.275416	0.275416	0.275416	0.275416	0.275416	0.275416	0.275416	0.275416	0.275416
0.275416	0.275416	0.275416	0.275416	0.275416	0.275416	0.275416	0.275416	0.275416	0.275416	0.275416	0.275416	0.275416	0.275416	0.275416	0.275416	0.275416	0.275416	0.275416	0.275416	0.275416	0.275416	0.275416	0.275416	0.275416	0.275416	0.275416	0.275416	0.275416	0.275416	0.275416	0.275416	0.275416	0.275416	0.275416	0.275416	0.275416	0.275416	0.275416	0.275416	0.275416	0.275416	0.275416	0.275416	0.275416	0.275416	0.275416	0.275416	0.275416	0.275416	0.275416	0.275416	0.275416	0.275416	0.275416	0.275416	0.275416	0.275416	0.275416	0.275416	0.275416	0.275416	0.275416	0.275416
0.275416	0.275416	0.275416	0.275416	0.275416	0.275416	0.275416	0.275416	0.275416	0.275416	0.275416	0.275416	0.275416	0.275416	0.275416	0.275416	0.275416	0.275416	0.275416	0.275416	0.275416	0.275416	0.275416	0.275416	0.275416	0.275416	0.275416	0.275416	0.275416	0.275416	0.275416	0.275416	0.275416	0.275416	0.275416	0.275416	0.275416	0.275416	0.275416	0.275416	0.275416	0.275416	0.275416	0.275416	0.275416	0.275416	0.275416	0.275416	0.275416	0.275416	0.275416	0.275416	0.275416	0.275416	0.275416	0.275416	0.275416	0.275416	0.275416	0.275416	0.275416	0.275416	0.275416	0.275416
0.275416	0.275416	0.275416	0.275416	0.275416	0.275416	0.275416	0.275416	0.275416	0.275416	0.275416	0.275416	0.275416	0.275416	0.275416	0.275416	0.275416	0.275416	0.275416	0.275416	0.275416	0.275416	0.275416	0.275416	0.275416	0.275416	0.275416	0.275416	0.275416	0.275416	0.275416	0.275416	0.275416	0.275416	0.275416	0.275416	0.275416	0.275416	0.275416	0.275416	0.275416	0.275416	0.275416	0.275416	0.275416	0.275416	0.275416	0.275416	0.275416	0.275416	0.275416	0.275416	0.275416	0.275416	0.275416	0.275416	0.275416	0.275416	0.275416	0.275416	0.275416	0.275416	0.275416	0.275416
0.275416	0.275416	0.275416	0.275416	0.275416	0.275416	0.275416	0.275416	0.275416	0.275416	0.275416	0.275416	0.275416	0.275416	0.275416	0.275416	0.275416	0.275416	0.275416	0.275416	0.275416	0.275416	0.275416	0.275416	0.275416	0.275416	0.275416	0.275416	0.275416	0.275416	0.275416	0.275416	0.275416	0.275416	0.275416	0.275416	0.275416	0.275416	0.275416	0.275416	0.275416	0.275416	0.275416	0.275416	0.275416	0.275416	0.275416	0.275416	0.275416	0.275416	0.275416	0.275416	0.275416	0.275416	0.275416	0.275416	0.275416	0.275416	0.275416	0.275416	0.275416	0.275416	0.275416	0.275416
0.275416	0.275416	0.275416	0.275416	0.275416	0.275416	0.275416	0.275416	0.275416	0.275416	0.275416	0.275416	0.275416	0.275416	0.275416	0.275416	0.275416	0.275416	0.275416	0.275416	0.275416	0.275416	0.275416	0.275416	0.275416	0.275416	0.275416	0.275416	0.275416	0.275416	0.275416	0.275416	0.275416	0.275416	0.275416	0.275416	0.275416	0.275416	0.275416	0.275416	0.275416	0.275416	0.275416	0.275416	0.275416	0.275416	0.275416	0.275416	0.275416	0.275416	0.275416	0.275416	0.275416	0.275416	0.275416	0.275416	0.275416	0.275416	0.275416	0.275416	0.275416	0.275416	0.275416	0.275416
0.275416	0.275416	0.275416	0.275416	0.275416	0.275416	0.275416	0.275416	0.275416	0.275416	0.275416	0.275416	0.275416	0.275416	0.275416	0.275416	0.275416	0.275416	0.275416	0.275416	0.275416	0.275416	0.275416	0.275416	0.275416	0.275416	0.275416	0.275416	0.275416	0.275416	0.275416	0.275416	0.275416	0.275416	0.275416	0.275416	0.275416	0.275416	0.275416	0.275416	0.275416	0.275416	0.275416	0.275416	0.275416	0.275416	0.275416	0.275416	0.275416	0.275416	0.275416	0.275416	0.275416	0.275416	0.275416	0.275416	0.275416	0.275416	0.275416	0.275416	0.275416	0.275416	0.275416	0.275416
0.275416	0.275416	0.275416	0.275416	0.275416	0.275416	0.275416	0.275416	0.275416	0.275416	0.275416	0.275416	0.275416	0.275416	0.275416	0.275416	0.275416	0.275416	0.275416	0.275416	0.275416	0.275416	0.275416	0.275416	0.275416	0.275416	0.275416	0.275416	0.275416	0.275416	0.275416	0.275416	0.275416	0.275416	0.275416	0.275416	0.275416	0.275416	0.275416	0.275416	0.275416	0.275416	0.275416	0.275416	0.275416	0.275416	0.275416	0.275416	0.275416	0.275416	0.275416	0.275416	0.275416	0.275416	0.275416	0.275416	0.275416	0.275416	0.275416	0.275416	0.275416	0.275416	0.275416	0.275416
0.275416	0.275416	0.275416	0.275416	0.275416	0.275416	0.275416	0.275416	0.275416	0.275416	0.275416	0.275416	0.275416	0.275416	0.275416	0.275416	0.275416	0.275416	0.275416	0.275416	0.275416	0.275416	0.275416	0.275416	0.275416	0.275416	0.275416	0.275416	0.275416	0.275416	0.275416	0.275416	0.275416	0.275416	0.275416	0.275416	0.275416	0.275416	0.275416	0.275416	0.275416	0.275416	0.275416	0.275416	0.275416	0.275416	0.275416	0.275416	0.275416	0.275416	0.275416	0.275416	0.275416	0.275416	0.275416	0.275416	0.275416	0.275416	0.275416	0.275416	0.275416	0.275416	0.275416	0.275416
0.275416	0.275416	0.275416	0.275416	0.275416	0.275416	0.275416	0.275416	0.275416	0.275416	0.275416	0.275416	0.275416	0.275416	0.275416	0.275416	0.275416	0.275416	0.275416	0.275416	0.275416	0.275416	0.275416	0.275416	0.275416	0.275416	0.275416	0.275416	0.275416	0.275416	0.275416	0.275416	0.275416	0.275416	0.275416	0.275416	0.275416	0.275416	0.275416	0.275416	0.275416	0.275416	0.275416	0.275416	0.275416	0.275416	0.275416	0.275416	0.275416	0.275416	0.275416	0.275416	0.275416	0.275416	0.275416	0.275416	0.275416	0.275416	0.275416	0.275416	0.275416	0.275416	0.275416	0.275416
0.275416	0.275416	0.275416	0.275416	0.275416	0.275416	0.275416	0.275416	0.275416	0.275416	0.275416	0.275416	0.275416	0.275416	0.275416	0.275416	0.275416	0.275416	0.275416	0.275416	0.275416	0.275416	0.275416	0.275416	0.275416	0.275416	0.275416	0.275416	0.275416	0.275416	0.275416	0.275416	0.275416	0.275416	0.275416	0.275416	0.275416	0.275416	0.275416	0.275416	0.275416	0.275416	0.275416	0.275416	0.275416	0.275416	0.275416	0.275416	0.275416	0.275416	0.275416	0.275416	0.275416	0.275416	0.275416	0.275416	0.275416	0.275416	0.275416	0.275416	0.275416	0.275416	0.275416	0.275416
0.275416	0.275416	0.275416	0.275416	0.275416	0.275416	0.275416	0.275416	0.275416	0.275416	0.275416	0.275416	0.275416	0.275416	0.275416	0.275416	0.275416	0.275416	0.275416	0.275416	0.275416	0.275416	0.275416	0.275416	0.275416	0.275416	0.275416	0.275416	0.275416	0.275416	0.275416	0.275416	0.275416	0.275416	0.275416	0.275416	0.275416	0.275416	0.275416	0.275416	0.275416	0.275416	0.275416	0.275416	0.275416	0.275416	0.275416	0.275416	0.275416	0.275416	0.275416	0.275416	0.275416	0.275416	0.275416	0.275416	0.275416	0.275416	0.275416	0.275416	0.275416	0.275416	0.275416	0.275416
0.275416	0.275416	0.275416	0.275416	0.275416	0.275416	0.275416	0.275416	0.275416	0.275416	0.275416	0.275416	0.275416	0.275416	0.275416	0.275416	0.275416	0.275416	0.275416	0.275416	0.275416	0.275416	0.275416	0.275416	0.275416	0.275416	0.275416	0.275416	0.275416	0.275416	0.275416	0.275416	0.275416	0.275416	0.275416	0.275416	0.275416	0.275416	0.275416	0.275416	0.275416	0.275416	0.275416	0.275416	0.275416	0.275416	0.275416	0.275416	0.275416	0.275416	0.275416	0.275416	0.275416	0.275416	0.275416	0.275416	0.275416	0.275416	0.275416	0.275416	0.275416	0.275416	0.275416	0.275416
0.275416	0.275416	0.275416	0.275416	0.275416	0.275416	0.275416	0.275416	0.275416	0.275416	0.275416	0.275416	0.275416	0.275416	0.275416	0.275416	0.275416	0.275416	0.275416	0.275416	0.275416	0.275416	0.275416	0.275416	0.275416	0.275416	0.275416	0.275416	0.275416	0.275416	0.275416	0.275416	0.275416	0.275416	0.275416	0.275416	0.275416	0.275416	0.275416	0.275416	0.275416	0.275416	0.275416	0.275416	0.275416	0.275416	0.275416	0.275416	0.275416	0.275416	0.275416	0.275416	0.275416	0.275416	0.275416	0.275416	0.275416	0.275416	0.275416	0.275416	0.275416	0.275416	0.275416	0.275416
0.275416	0.275416	0.275416	0.275416	0.275416	0.275416	0.275416	0.275416	0.275416	0.275416	0.275416	0.275416	0.275416	0.275416	0.275416	0.275416	0.275416	0.275416	0.275416	0.275416	0.275416	0.275416	0.275416	0.275416	0.275416	0.275416	0.275416	0.275416	0.275416	0.275416	0.275416	0.275416	0.275416	0.275416	0.275416	0.275416	0.275416	0.275416	0.275416	0.275416	0.275416	0.275416	0.275416	0.275416	0.275416	0.275416	0.275416	0.275416	0.275416	0.275416	0.275416	0.275416	0.275416	0.275416	0.275416	0.275416	0.275416	0.275416	0.275416	0.275416	0.275416	0.275416	0.275416	0.275416
0.275416	0.275416	0.275416	0.275416	0.275416	0.275416	0.275416	0.275416	0.275416	0.275416	0.275416	0.275416	0.275416	0.275416	0.275416	0.275416	0.275416	0.275416	0.275416	0.275416	0.275416	0.275416	0.275416	0.275416	0.275416	0.275416	0.275416	0.275416	0.275416	0.275416	0.275416	0.275416	0.275416	0.275416	0.275416	0.275416	0.275416	0.275416	0.275416	0.275416	0.275416	0.275416	0.275416	0.275416	0.275416	0.275416	0.275416	0.275416	0.275416	0.275416	0.275416	0.275416	0.275416	0.275416	0.275416	0.275416	0.275416	0.275416	0.275416	0.275416	0.275416	0.275416	0.275416	0.275416
0.275416	0.275416	0.275416	0.275416	0.275416	0.275416	0.275416	0.275416	0.275416	0.275416	0.275416	0.275416	0.275416	0.275416	0.275416	0.275416	0.275416	0.275416	0.275416	0.275416	0.275416	0.275416	0.275416	0.275416	0.275416	0.275416	0.275416	0.275416	0.275416	0.275416	0.275416	0.275416	0.275416	0.275416	0.275416	0.275416	0.275416	0.275416	0.275416	0.275416	0.275416	0.275416	0.275416	0.275416	0.275416	0.275416	0.275416	0.275416	0.275416	0.275416	0.275416	0.275416	0.275416	0.275416	0.275416	0.275416	0.275416	0.275416	0.275416	0.275416	0.275416	0.275416	0.275416	0.275416
0.275416	0.275416	0.275416	0.275416	0.275416	0.275416	0.275416	0.275416	0.275416	0.275416	0.275416	0.275416	0.275416	0.275416	0.275416	0.275416	0.275416	0.275416	0.275416	0.275416	0.275416	0.275416	0.275416	0.275416	0.275416	0.275416	0.275416	0.275416	0.275416	0.275416	0.275416	0.275416	0.275416	0.275416	0.275416	0.275416	0.275416	0.275416	0.275416	0.275416	0.275416	0.275416	0.275416	0.275416	0.275416	0.275416	0.275416	0.275416	0.275416	0.275416	0.275416	0.275416	0.275416	0.275416	0.275416	0.275416	0.275416	0.275416	0.275416	0.275416	0.275416	0.275416	0.275416	0.275416
0.275416	0.275416	0.275416	0.275416	0.275416	0.275416	0.275416	0.275416	0.275416	0.275416	0.275416	0.275416	0.275416	0.275416	0.275416	0.275416	0.275416	0.275416	0.275416	0.275416	0.275416	0.275416	0.275416	0.275416	0.275416	0.275416	0.275416	0.275416	0.275416	0.275416	0.275416	0.275416	0.275416	0.275416	0.275416	0.275416	0.275416	0.275416	0.275416	0.275416	0.275416	0.275416	0.275416	0.275416	0.275416	0.275416	0.275416	0.275416	0.275416	0.275416	0.275416	0.275416	0.275416	0.275416	0.275416	0.275416	0.275416	0.275416	0.275416	0.275416	0.275416	0.275416	0.275416	0.275416
0.275416	0.275416	0.275416	0.275416	0.275416	0.275416	0.275416	0.275416	0.275416	0.275416	0.275416	0.275416	0.275416	0.275416	0.275416	0.275416	0.275416	0.275416	0.275416	0.275416	0.275416	0.275416	0.275416	0.275416	0.275416	0.275416	0.275416	0.275416	0.275416	0.275416	0.275416	0.275416	0.275416	0.275416	0.275416	0.275416	0.275416	0.275416	0.275416	0.275416	0.275416	0.275416	0.275416	0.275416	0.275416	0.275416	0.275416	0.275416	0.275416	0.275416	0.275416	0.275416	0.275416	0.275416	0.275416	0.275416	0.275416	0.275416	0.275416	0.275416	0.275416	0.275416	0.275416	0.275416
0.275416	0.275416	0.275416	0.275416	0.275416	0.275416	0.275416	0.275416	0.275416	0.275416	0.275416	0.275416	0.275416	0.275416	0.275416	0.275416	0.275416	0.275416	0.275416	0.275416	0.275416	0.275416	0.275416	0.275416	0.275416	0.275416	0.275416	0.275416	0.275416	0.275416	0.275416	0.275416	0.275416	0.275416	0.275416	0.275416	0.275416	0.275416	0.275416	0.275416	0.275416	0.275416	0.275416	0.275416	0.275416	0.275416	0.275416	0.275416	0.275416	0.275416	0.275416	0.275416	0.275416	0.275416	0.275416	0.275416	0.275416	0.275416	0.275416	0.275416	0.275416	0.275416	0.275416	0.275416
0.102454	0.102454	0.102454	0.102454	0.102454	0.102454	0.102454	0.102454	0.102454	0.102454	0.102454	0.102454	0.102454	0.102454	0.102454	0.102454	0.102454	0.102454	0.102454	0.102454	0.102454	0.102454	0.102454	0.102454	0.102454	0.102454	0.102454	0.102454	0.102454	0.102454	0.102454	0.102454	0.102454	0.102454	0.102454	0.102454	0.102454	0.102454	0.102454	0.102454	0.102454	0.102454	0.102454	0.102454	0.102454	0.102454	0.102454	0.102454	0.102454	0.102454	0.102454	0.102454	0.102454	0.102454	0.102454	0.102454	0.102454	0.102454	0.102454	0.102454	0.102454	0.102454	0.102454	0.102454
0	0	0	0	0	0	0	0	0	0	0	0	0	0	0	0	0	0	0	0	0	0	0	0	0	0	0	0	0	0	0	0	0	0	0	0	0	0	0	0	0	0	0	0	0	0	0	0	0	0	0	0	0	0	0	0	0	0	0	0	0	0	0	0
0	0	0	0	0	0	0	0	0	0	0	0	0	0	0	0	0	0	0	0	0	0	0	0	0	0	0	0	0	0	0	0	0	0	0	0	0	0	0	0	0	0	0	0	0	0	0	0	0	0	0	0	0	0	0	0	0	0	0	0	0	0	0	0
0	0	0	0	0	0	0	0	0	0	0	0	0	0	0	0	0	0	0	0	0	0	0	0	0	0	0	0	0	0	0	0	0	0	0	0	0	0	0	0	0	0	0	0	0	0	0	0	0	0	0	0	0	0	0	0	0	0	0	0	0	0	0	0
0	0	0	0	0	0	0	0	0	0	0	0	0	0	0	0	0	0	0	0	0	0	0	0	0	0	0	0	0	0	0	0	0	0	0	0	0	0	0	0	0	0	0	0	0	0	0	0	0	0	0	0	0	0	0	0	0	0	0	0	0	0	0	0
0	0	0	0	0	0	0	0	0	0	0	0	0	0	0	0	0	0	0	0	0	0	0	0	0	0	0	0	0	0	0	0	0	0	0	0	0	0	0	0	0	0	0	0	0	0	0	0	0	0	0	0	0	0	0	0	0	0	0	0	0	0	0	0
0	0	0	0	0	0	0	0	0	0	0	0	0	0	0	0	0	0	0	0	0	0	0	0	0	0	0	0	0	0	0	0	0	0	0	0	0	0	0	0	0	0	0	0	0	0	0	0	0	0	0	0	0	0	0	0	0	0	0	0	0	0	0	0
0	0	0	0	0	0	0	0	0	0	0	0	0	0	0	0	0	0	0	0	0	0	0	0	0	0	0	0	0	0	0	0	0	0	0	0	0	0	0	0	0	0	0	0	0	0	0	0	0	0	0	0	0	0	0	0	0	0	0	0	0	0	0	0
0	0	0	0	0	0	0	0	0	0	0	0	0	0	0	0	0	0	0	0	0	0	0	0	0	0	0	0	0	0	0	0	0	0	0	0	0	0	0	0	0	0	0	0	0	0	0	0	0	0	0	0	0	0	0	0	0	0	0	0	0	0	0	0
0	0	0	0	0	0	0	0	0	0	0	0	0	0	0	0	0	0	0	0	0	0	0	0	0	0	0	0	0	0	0	0	0	0	0	0	0	0	0	0	0	0	0	0	0	0	0	0	0	0	0	0	0	0	0	0	0	0	0	0	0	0	0	0
0	0	0	0	0	0	0	0	0	0	0	0	0	0	0	0	0	0	0	0	0	0	0	0	0	0	0	0	0	0	0	0	0	0	0	0	0	0	0	0	0	0	0	0	0	0	0	0	0	0	0	0	0	0	0	0	0	0	0	0	0	0	0	0
0	0	0	0	0	0	0	0	0	0	0	0	0	0	0	0	0	0	0	0	0	0	0	0	0	0	0	0	0	0	0	0	0	0	0	0	0	0	0	0	0	0	0	0	0	0	0	0	0	0	0	0	0	0	0	0	0	0	0	0	0	0	0	0
0	0	0	0	0	0	0	0	0	0	0	0	0	0	0	0	0	0	0	0	0	0	0	0	0	0	0	0	0	0	0	0	0	0	0	0	0	0	0	0	0	0	0	0	0	0	0	0	0	0	0	0	0	0	0	0	0	0	0	0	0	0	0	0
