0	0	0	0	0	0	0	0	0	0	0	0	0	0	0	0	0	0	0	0	0	0	0	0	0	0	0	0	0	0	0	0	0	0	0	0	0	0	0	0	0	0	0	0	0	0	0	0	0	0	0	0	0	0	0	0	0	0	0	0	0	0	0	0
0	0	0	0	0	0	0	0	0	0	0	0	0	0	0	0	0	0	0	0	0	0	0	0	0	0	0	0	0	0	0	0	0	0	0	0	0	0	0	0	0	0	0	0	0	0	0	0	0	0	0	0	0	0	0	0	0	0	0	0	0	0	0	0
0	0	0	0	0	0	0	0	0	0	0	0	0	0	0	0	0	0	0	0	0	0	0	0	0	0	0	0	0	0	0	0	0	0	0	0	0	0	0	0	0	0	0	0	0	0	0	0	0	0	0	0	0	0	0	0	0	0	0	0	0	0	0	0
0	0	0	0	0	0	0	0	0	0	0	0	0	0	0	0	0	0	0	0	0	0	0	0	0	0	0	0	0	0	0	0	0	0	0	0	0	0	0	0	0	0	0	0	0	0	0	0	0	0	0	0	0	0	0	0	0	0	0	0	0	0	0	0
0	0	0	0	0	0	0	0	0	0	0	0	0	0	0	0	0	0	0	0	0	0	0	0	0	0	0	0	0	0	0	0	0	0	0	0	0	0	0	0	0	0	0	0	0	0	0	0	0	0	0	0	0	0	0	0	0	0	0	0	0	0	0	0
0	0	0	0	0	0	0	0	0	0	0	0	0	0	0	0	0	0	0	0	0	0	0	0	0	0	0	0	0	0	0	0	0	0	0	0	0	0	0	0	0	0	0	0	0	0	0	0	0	0	0	0	0	0	0	0	0	0	0	0	0	0	0	0
0	0	0	0	0	0	0	0	0	0	0	0	0	0	0	0	0	0	0	0	0	0	0	0	0	0	0	0	0	0	0	0	0	0	0	0	0	0	0	0	0	0	0	0	0	0	0	0	0	0	0	0	0	0	0	0	0	0	0	0	0	0	0	0
0	0	0	0	0	0	0	0	0	0	0	0	0	0	0	0	0	0	0	0	0	0	0	0	0	0	0	0	0	0	0	0	0	0	0	0	0	0	0	0	0	0	0	0	0	0	0	0	0	0	0	0	0	0	0	0	0	0	0	0	0	0	0	0
0	0	0	0	0	0	0	0	0	0	0	0	0	0	0	0	0	0	0	0	0	0	0	0	0	0	0	0	0	0	0	0	0	0	0	0	0	0	0	0	0	0	0	0	0	0	0	0	0	0	0	0	0	0	0	0	0	0	0	0	0	0	0	0
0	0	0	0	0	0	0	0	0	0	0	0	0	0	0	0	0	0	0	0	0	0	0	0	0	0	0	0	0	0	0	0	0	0	0	0	0	0	0	0	0	0	0	0	0	0	0	0	0	0	0	0	0	0	0	0	0	0	0	0	0	0	0	0
0	0	0	0	0	0	0	0	0	0	0	0	0	0	0	0	0	0	0	0	0	0	0	0	0	0	0	0	0	0	0	0	0	0	0	0	0	0	0	0	0	0	0	0	0	0	0	0	0	0	0	0	0	0	0	0	0	0	0	0	0	0	0	0
0	0	0	0	0	0	0	0	0	0	0	0	0	0	0	0	0	0	0	0	0	0	0	0	0	0	0	0	0	0	0	0	0	0	0	0	0	0	0	0	0	0	0	0	0	0	0	0	0	0	0	0	0	0	0	0	0	0	0	0	0	0	0	0
0	0	0	0	0	0	0	0	0	0	0	0	0	0	0	0	0	0	0	0	0	0	0	0	0	0	0	0	0	0	0	0	0	0	0	0	0	0	0	0	0	0	0	0	0	0	0	0	0	0	0	0	0	0	0	0	0	0	0	0	0	0	0	0
0	0	0	0	0	0	0	0	0	0	0	0	0	0	0	0	0	0	0	0	0	0	0	0	0	0	0	0	0	0	0	0	0	0	0	0	0	0	0	0	0	0	0	0	0	0	0	0	0	0	0	0	0	0	0	0	0	0	0	0	0	0	0	0
0	0	0	0	0	0	0	0	0	0	0	0	0	0	0	0	0	0	0	0	0	0	0	0	0	0	0	0	0	0	0	0	0	0	0	0	0	0	0	0	0	0	0	0	0	0	0	0	0	0	0	0	0	0	0	0	0	0	0	0	0	0	0	0
0	0	0	0	0	0	0	0	0	0	0	0	0	0	0	0	0	0	0	0	0	0	0	0	0	0	0	0	0	0	0	0	0	0	0	0	0	0	0	0	0	0	0	0	0	0	0	0	0	0	0	0	0	0	0	0	0	0	0	0	0	0	0	0
0	0	0	0	0	0	0	0	0	0	0	0	0	0	0	0	0	0	0	0	0	0	0	0	0	0	0	0	0	0	0	0	0	0	0	0	0	0	0	0	0	0	0	0	0	0	0	0	0	0	0	0	0	0	0	0	0	0	0	0	0	0	0	0
0	0	0	0	0	0	0	0	0	0	0	0	0	0	0	0	0	0	0	0	0	0	0	0	0	0	0	0	0	0	0	0	0	0	0	0	0	0	0	0	0	0	0	0	0	0	0	0	0	0	0	0	0	0	0	0	0	0	0	0	0	0	0	0
0	0	0	0	0	0	0	0	0	0	0	0	0	0	0	0	0	0	0	0	0	0	0	0	0	0	0	0	0	0	0	0	0	0	0	0	0	0	0	0	0	0	0	0	0	0	0	0	0	0	0	0	0	0	0	0	0	0	0	0	0	0	0	0
0	0	0	0	0	0	0	0	0	0	0	0	0	0	0	0	0	0	0	0	0	0	0	0	0	0	0	0	0	0	0	0	0	0	0	0	0	0	0	0	0	0	0	0	0	0	0	0	0	0	0	0	0	0	0	0	0	0	0	0	0	0	0	0
0	0	0	0	0	0	0	0	0	0	0	0	0	0	0	0	0	0	0	0	0	0	0	0	0	0	0	0	0	0	0	0	0	0	0	0	0	0	0	0	0	0	0	0	0	0	0	0	0	0	0	0	0	0	0	0	0	0	0	0	0	0	0	0
0	0	0	0	0	0	0	0	0	0	0	0	0	0	0	0	0	0	0	0	0	0	0	0	0	0	0	0	0	0	0	0	0	0	0	0	0	0	0	0	0	0	0	0	0	0	0	0	0	0	0	0	0	0	0	0	0	0	0	0	0	0	0	0
0	0	0	0	0	0	0	0	0	0	0	0	0	0	0	0	0	0	0	0	0	0	0	0	0	0	0	0	0	0	0	0	0	0	0	0	0	0	0	0	0	0	0	0	0	0	0	0	0	0	0	0	0	0	0	0	0	0	0	0	0	0	0	0
0	0	0	0	0	0	0	0	0	0	0	0	0	0	0	0	0	0	0	0	0	0	0	0	0	0	0	0	0	0	0	0	0	0	0	0	0	0	0	0	0	0	0	0	0	0	0	0	0	0	0	0	0	0	0	0	0	0	0	0	0	0	0	0
0	0	0	0	0	0	0	0	0	0	0	0	0	0	0	0	0	0	0	0	0	0	0	0	0	0	0	0	0	0	0	0	0	0	0	0	0	0	0	0	0	0	0	0	0	0	0	0	0	0	0	0	0	0	0	0	0	0	0	0	0	0	0	0
0.350686	0.350686	0.350686	0.350686	0.350686	0.350686	0.350686	0.350686	0.350686	0.350686	0.350686	0.350686	0.350686	0.350686	0.350686	0.350686	0.350686	0.350686	0.350686	0.350686	0.350686	0.350686	0.350686	0.350686	0.350686	0.350686	0.350686	0.350686	0.350686	0.350686	0.350686	0.350686	0.350686	0.350686	0.350686	0.350686	0.350686	0.350686	0.350686	0.350686	0.350686	0.350686	0.350686	0.350686	0.350686	0.350686	0.350686	0.350686	0.350686	0.350686	0.350686	0.350686	0.350686	0.350686	0.350686	0.350686	0.350686	0.350686	0.350686	0.350686	0.350686	0.350686	0.350686	0.350686
0.596617	0.596617	0.596617	0.596617	0.596617	0.596617	0.596617	0.596617	0.596617	0.596617	0.596617	0.596617	0.596617	0.596617	0.596617	0.596617	0.596617	0.596617	0.596617	0.596617	0.596617	0.596617	0.596617	0.596617	0.596617	0.596617	0.596617	0.596617	0.596617	0.596617	0.596617	0.596617	0.596617	0.596617	0.596617	0.596617	0.596617	0.596617	0.596617	0.596617	0.596617	0.596617	0.596617	0.596617	0.596617	0.596617	0.596617	0.596617	0.596617	0.596617	0.596617	0.596617	0.596617	0.596617	0.596617	0.596617	0.596617	0.596617	0.596617	0.596617	0.596617	0.596617	0.596617	0.596617
0.596617	0.596617	0.596617	0.596617	0.596617	0.596617	0.596617	0.596617	0.596617	0.596617	0.596617	0.596617	0.596617	0.596617	0.596617	0.596617	0.596617	0.596617	0.596617	0.596617	0.596617	0.596617	0.596617	0.596617	0.596617	0.596617	0.596617	0.596617	0.596617	0.596617	0.596617	0.596617	0.596617	0.596617	0.596617	0.596617	0.596617	0.596617	0.596617	0.596617	0.596617	0.596617	0.596617	0.596617	0.596617	0.596617	0.596617	0.596617	0.596617	0.596617	0.596617	0.596617	0.596617	0.596617	0.596617	0.596617	0.596617	0.596617	0.596617	0.596617	0.596617	0.596617	0.596617	0.596617
0.596617	0.596617	0.596617	0.596617	0.596617	0.596617	0.596617	0.596617	0.596617	0.596617	0.596617	0.596617	0.596617	0.596617	0.596617	0.596617	0.596617	0.596617	0.596617	0.596617	0.596617	0.596617	0.596617	0.596617	0.596617	0.596617	0.596617	0.596617	0.596617	0.596617	0.596617	0.596617	0.596617	0.596617	0.596617	0.596617	0.596617	0.596617	0.596617	0.596617	0.596617	0.596617	0.596617	0.596617	0.596617	0.596617	0.596617	0.596617	0.596617	0.596617	0.596617	0.596617	0.596617	0.596617	0.596617	0.596617	0.596617	0.596617	0.596617	0.596617	0.596617	0.596617	0.596617	0.596617
0.596617	0.596617	0.596617	0.596617	0.596617	0.596617	0.596617	0.596617	0.596617	0.596617	0.596617	0.596617	0.596617	0.596617	0.596617	0.596617	0.596617	0.596617	0.596617	0.596617	0.596617	0.596617	0.596617	0.596617	0.596617	0.596617	0.596617	0.596617	0.596617	0.596617	0.596617	0.596617	0.596617	0.596617	0.596617	0.596617	0.596617	0.596617	0.596617	0.596617	0.596617	0.596617	0.596617	0.596617	0.596617	0.596617	0.596617	0.596617	0.596617	0.596617	0.596617	0.596617	0.596617	0.596617	0.596617	0.596617	0.596617	0.596617	0.596617	0.596617	0.596617	0.596617	0.596617	0.596617
0.596617	0.596617	0.596617	0.596617	0.596617	0.596617	0.596617	0.596617	0.596617	0.596617	0.596617	0.596617	0.596617	0.596617	0.596617	0.596617	0.596617	0.596617	0.596617	0.596617	0.596617	0.596617	0.596617	0.596617	0.596617	0.596617	0.596617	0.596617	0.596617	0.596617	0.596617	0.596617	0.596617	0.596617	0.596617	0.596617	0.596617	0.596617	0.596617	0.596617	0.596617	0.596617	0.596617	0.596617	0.596617	0.596617	0.596617	0.596617	0.596617	0.596617	0.596617	0.596617	0.596617	0.596617	0.596617	0.596617	0.596617	0.596617	0.596617	0.596617	0.596617	0.596617	0.596617	0.596617
0.596617	0.596617	0.596617	0.596617	0.596617	0.596617	0.596617	0.596617	0.596617	0.596617	0.596617	0.596617	0.596617	0.596617	0.596617	0.596617	0.596617	0.596617	0.596617	0.596617	0.596617	0.596617	0.596617	0.596617	0.596617	0.596617	0.596617	0.596617	0.596617	0.596617	0.596617	0.596617	0.596617	0.596617	0.596617	0.596617	0.596617	0.596617	0.596617	0.596617	0.596617	0.596617	0.596617	0.596617	0.596617	0.596617	0.596617	0.596617	0.596617	0.596617	0.596617	0.596617	0.596617	0.596617	0.596617	0.596617	0.596617	0.596617	0.596617	0.596617	0.596617	0.596617	0.596617	0.596617
0.596617	0.596617	0.596617	0.596617	0.596617	0.596617	0.596617	0.596617	0.596617	0.596617	0.596617	0.596617	0.596617	0.596617	0.596617	0.596617	0.596617	0.596617	0.596617	0.596617	0.596617	0.596617	0.596617	0.596617	0.596617	0.596617	0.596617	0.596617	0.596617	0.596617	0.596617	0.596617	0.596617	0.596617	0.596617	0.596617	0.596617	0.596617	0.596617	0.596617	0.596617	0.596617	0.596617	0.596617	0.596617	0.596617	0.596617	0.596617	0.596617	0.596617	0.596617	0.596617	0.596617	0.596617	0.596617	0.596617	0.596617	0.596617	0.596617	0.596617	0.596617	0.596617	0.596617	0.596617
0.596617	0.596617	0.596617	0.596617	0.596617	0.596617	0.596617	0.596617	0.596617	0.596617	0.596617	0.596617	0.596617	0.596617	0.596617	0.596617	0.596617	0.596617	0.596617	0.596617	0.596617	0.596617	0.596617	0.596617	0.596617	0.596617	0.596617	0.596617	0.596617	0.596617	0.596617	0.596617	0.596617	0.596617	0.596617	0.596617	0.596617	0.596617	0.596617	0.596617	0.596617	0.596617	0.596617	0.596617	0.596617	0.596617	0.596617	0.596617	0.596617	0.596617	0.596617	0.596617	0.596617	0.596617	0.596617	0.596617	0.596617	0.596617	0.596617	0.596617	0.596617	0.596617	0.596617	0.596617
0.596617	0.596617	0.596617	0.596617	0.596617	0.596617	0.596617	0.596617	0.596617	0.596617	0.596617	0.596617	0.596617	0.596617	0.596617	0.596617	0.596617	0.596617	0.596617	0.596617	0.596617	0.596617	0.596617	0.596617	0.596617	0.596617	0.596617	0.596617	0.596617	0.596617	0.596617	0.596617	0.596617	0.596617	0.596617	0.596617	0.596617	0.596617	0.596617	0.596617	0.596617	0.596617	0.596617	0.596617	0.596617	0.596617	0.596617	0.596617	0.596617	0.596617	0.596617	0.596617	0.596617	0.596617	0.596617	0.596617	0.596617	0.596617	0.596617	0.596617	0.596617	0.596617	0.596617	0.596617
0.596617	0.596617	0.596617	0.596617	0.596617	0.596617	0.596617	0.596617	0.596617	0.596617	0.596617	0.596617	0.596617	0.596617	0.596617	0.596617	0.596617	0.596617	0.596617	0.596617	0.596617	0.596617	0.596617	0.596617	0.596617	0.596617	0.596617	0.596617	0.596617	0.596617	0.596617	0.596617	0.596617	0.596617	0.596617	0.596617	0.596617	0.596617	0.596617	0.596617	0.596617	0.596617	0.596617	0.596617	0.596617	0.596617	0.596617	0.596617	0.596617	0.596617	0.596617	0.596617	0.596617	0.596617	0.596617	0.596617	0.596617	0.596617	0.596617	0.596617	0.596617	0.596617	0.596617	0.596617
0.596617	0.596617	0.596617	0.596617	0.596617	0.596617	0.596617	0.596617	0.596617	0.596617	0.596617	0.596617	0.596617	0.596617	0.596617	0.596617	0.596617	0.596617	0.596617	0.596617	0.596617	0.596617	0.596617	0.596617	0.596617	0.596617	0.596617	0.596617	0.596617	0.596617	0.596617	0.596617	0.596617	0.596617	0.596617	0.596617	0.596617	0.596617	0.596617	0.596617	0.596617	0.596617	0.596617	0.596617	0.596617	0.596617	0.596617	0.596617	0.596617	0.596617	0.596617	0.596617	0.596617	0.596617	0.596617	0.596617	0.596617	0.596617	0.596617	0.596617	0.596617	0.596617	0.596617	0.596617
0.596617	0.596617	0.596617	0.596617	0.596617	0.596617	0.596617	0.596617	0.596617	0.596617	0.596617	0.596617	0.596617	0.596617	0.596617	0.596617	0.596617	0.596617	0.596617	0.596617	0.596617	0.596617	0.596617	0.596617	0.596617	0.596617	0.596617	0.596617	0.596617	0.596617	0.596617	0.596617	0.596617	0.596617	0.596617	0.596617	0.596617	0.596617	0.596617	0.596617	0.596617	0.596617	0.596617	0.596617	0.596617	0.596617	0.596617	0.596617	0.596617	0.596617	0.596617	0.596617	0.596617	0.596617	0.596617	0.596617	0.596617	0.596617	0.596617	0.596617	0.596617	0.596617	0.596617	0.596617
0.596617	0.596617	0.596617	0.596617	0.596617	0.596617	0.596617	0.596617	0.596617	0.596617	0.596617	0.596617	0.596617	0.596617	0.596617	0.596617	0.596617	0.596617	0.596617	0.596617	0.596617	0.596617	0.596617	0.596617	0.596617	0.596617	0.596617	0.596617	0.596617	0.596617	0.596617	0.596617	0.596617	0.596617	0.596617	0.596617	0.596617	0.596617	0.596617	0.596617	0.596617	0.596617	0.596617	0.596617	0.596617	0.596617	0.596617	0.596617	0.596617	0.596617	0.596617	0.596617	0.596617	0.596617	0.596617	0.596617	0.596617	0.596617	0.596617	0.596617	0.596617	0.596617	0.596617	0.596617
0.596617	0.596617	0.596617	0.596617	0.596617	0.596617	0.596617	0.596617	0.596617	0.596617	0.596617	0.596617	0.596617	0.596617	0.596617	0.596617	0.596617	0.596617	0.596617	0.596617	0.596617	0.596617	0.596617	0.596617	0.596617	0.596617	0.596617	0.596617	0.596617	0.596617	0.596617	0.596617	0.596617	0.596617	0.596617	0.596617	0.596617	0.596617	0.596617	0.596617	0.596617	0.596617	0.596617	0.596617	0.596617	0.596617	0.596617	0.596617	0.596617	0.596617	0.596617	0.596617	0.596617	0.596617	0.596617	0.596617	0.596617	0.596617	0.596617	0.596617	0.596617	0.596617	0.596617	0.596617
0.596617	0.596617	0.596617	0.596617	0.596617	0.596617	0.596617	0.596617	0.596617	0.596617	0.596617	0.596617	0.596617	0.596617	0.596617	0.596617	0.596617	0.596617	0.596617	0.596617	0.596617	0.596617	0.596617	0.596617	0.596617	0.596617	0.596617	0.596617	0.596617	0.596617	0.596617	0.596617	0.596617	0.596617	0.596617	0.596617	0.596617	0.596617	0.596617	0.596617	0.596617	0.596617	0.596617	0.596617	0.596617	0.596617	0.596617	0.596617	0.596617	0.596617	0.596617	0.596617	0.596617	0.596617	0.596617	0.596617	0.596617	0.596617	0.596617	0.596617	0.596617	0.596617	0.596617	0.596617
0.596617	0.596617	0.596617	0.596617	0.596617	0.596617	0.596617	0.596617	0.596617	0.596617	0.596617	0.596617	0.596617	0.596617	0.596617	0.596617	0.596617	0.596617	0.596617	0.596617	0.596617	0.596617	0.596617	0.596617	0.596617	0.596617	0.596617	0.596617	0.596617	0.596617	0.596617	0.596617	0.596617	0.596617	0.596617	0.596617	0.596617	0.596617	0.596617	0.596617	0.596617	0.596617	0.596617	0.596617	0.596617	0.596617	0.596617	0.596617	0.596617	0.596617	0.596617	0.596617	0.596617	0.596617	0.596617	0.596617	0.596617	0.596617	0.596617	0.596617	0.596617	0.596617	0.596617	0.596617
0.596617	0.596617	0.596617	0.596617	0.596617	0.596617	0.596617	0.596617	0.596617	0.596617	0.596617	0.596617	0.596617	0.596617	0.596617	0.596617	0.596617	0.596617	0.596617	0.596617	0.596617	0.596617	0.596617	0.596617	0.596617	0.596617	0.596617	0.596617	0.596617	0.596617	0.596617	0.596617	0.596617	0.596617	0.596617	0.596617	0.596617	0.596617	0.596617	0.596617	0.596617	0.596617	0.596617	0.596617	0.596617	0.596617	0.596617	0.596617	0.596617	0.596617	0.596617	0.596617	0.596617	0.596617	0.596617	0.596617	0.596617	0.596617	0.596617	0.596617	0.596617	0.596617	0.596617	0.596617
0.596617	0.596617	0.596617	0.596617	0.596617	0.596617	0.596617	0.596617	0.596617	0.596617	0.596617	0.596617	0.596617	0.596617	0.596617	0.596617	0.596617	0.596617	0.596617	0.596617	0.596617	0.596617	0.596617	0.596617	0.596617	0.596617	0.596617	0.596617	0.596617	0.596617	0.596617	0.596617	0.596617	0.596617	0.596617	0.596617	0.596617	0.596617	0.596617	0.596617	0.596617	0.596617	0.596617	0.596617	0.596617	0.596617	0.596617	0.596617	0.596617	0.596617	0.596617	0.596617	0.596617	0.596617	0.596617	0.596617	0.596617	0.596617	0.596617	0.596617	0.596617	0.596617	0.596617	0.596617
0.596617	0.596617	0.596617	0.596617	0.596617	0.596617	0.596617	0.596617	0.596617	0.596617	0.596617	0.596617	0.596617	0.596617	0.596617	0.596617	0.596617	0.596617	0.596617	0.596617	0.596617	0.596617	0.596617	0.596617	0.596617	0.596617	0.596617	0.596617	0.596617	0.596617	0.596617	0.596617	0.596617	0.596617	0.596617	0.596617	0.596617	0.596617	0.596617	0.596617	0.596617	0.596617	0.596617	0.596617	0.596617	0.596617	0.596617	0.596617	0.596617	0.596617	0.596617	0.596617	0.596617	0.596617	0.596617	0.596617	0.596617	0.596617	0.596617	0.596617	0.596617	0.596617	0.596617	0.596617
0.596617	0.596617	0.596617	0.596617	0.596617	0.596617	0.596617	0.596617	0.596617	0.596617	0.596617	0.596617	0.596617	0.596617	0.596617	0.596617	0.596617	0.596617	0.596617	0.596617	0.596617	0.596617	0.596617	0.596617	0.596617	0.596617	0.596617	0.596617	0.596617	0.596617	0.596617	0.596617	0.596617	0.596617	0.596617	0.596617	0.596617	0.596617	0.596617	0.596617	0.596617	0.596617	0.596617	0.596617	0.596617	0.596617	0.596617	0.596617	0.596617	0.596617	0.596617	0.596617	0.596617	0.596617	0.596617	0.596617	0.596617	0.596617	0.596617	0.596617	0.596617	0.596617	0.596617	0.596617
0.596617	0.596617	0.596617	0.596617	0.596617	0.596617	0.596617	0.596617	0.596617	0.596617	0.596617	0.596617	0.596617	0.596617	0.596617	0.596617	0.596617	0.596617	0.596617	0.596617	0.596617	0.596617	0.596617	0.596617	0.596617	0.596617	0.596617	0.596617	0.596617	0.596617	0.596617	0.596617	0.596617	0.596617	0.596617	0.596617	0.596617	0.596617	0.596617	0.596617	0.596617	0.596617	0.596617	0.596617	0.596617	0.596617	0.596617	0.596617	0.596617	0.596617	0.596617	0.596617	0.596617	0.596617	0.596617	0.596617	0.596617	0.596617	0.596617	0.596617	0.596617	0.596617	0.596617	0.596617
0.596617	0.596617	0.596617	0.596617	0.596617	0.596617	0.596617	0.596617	0.596617	0.596617	0.596617	0.596617	0.596617	0.596617	0.596617	0.596617	0.596617	0.596617	0.596617	0.596617	0.596617	0.596617	0.596617	0.596617	0.596617	0.596617	0.596617	0.596617	0.596617	0.596617	0.596617	0.596617	0.596617	0.596617	0.596617	0.596617	0.596617	0.596617	0.596617	0.596617	0.596617	0.596617	0.596617	0.596617	0.596617	0.596617	0.596617	0.596617	0.596617	0.596617	0.596617	0.596617	0.596617	0.596617	0.596617	0.596617	0.596617	0.596617	0.596617	0.596617	0.596617	0.596617	0.596617	0.596617
0.596617	0.596617	0.596617	0.596617	0.596617	0.596617	0.596617	0.596617	0.596617	0.596617	0.596617	0.596617	0.596617	0.596617	0.596617	0.596617	0.596617	0.596617	0.596617	0.596617	0.596617	0.596617	0.596617	0.596617	0.596617	0.596617	0.596617	0.596617	0.596617	0.596617	0.596617	0.596617	0.596617	0.596617	0.596617	0.596617	0.596617	0.596617	0.596617	0.596617	0.596617	0.596617	0.596617	0.596617	0.596617	0.596617	0.596617	0.596617	0.596617	0.596617	0.596617	0.596617	0.596617	0.596617	0.596617	0.596617	0.596617	0.596617	0.596617	0.596617	0.596617	0.596617	0.596617	0.596617
0.596617	0.596617	0.596617	0.596617	0.596617	0.596617	0.596617	0.596617	0.596617	0.596617	0.596617	0.596617	0.596617	0.596617	0.596617	0.596617	0.596617	0.596617	0.596617	0.596617	0.596617	0.596617	0.596617	0.596617	0.596617	0.596617	0.596617	0.596617	0.596617	0.596617	0.596617	0.596617	0.596617	0.596617	0.596617	0.596617	0.596617	0.596617	0.596617	0.596617	0.596617	0.596617	0.596617	0.596617	0.596617	0.596617	0.596617	0.596617	0.596617	0.596617	0.596617	0.596617	0.596617	0.596617	0.596617	0.596617	0.596617	0.596617	0.596617	0.596617	0.596617	0.596617	0.596617	0.596617
0.596617	0.596617	0.596617	0.596617	0.596617	0.596617	0.596617	0.596617	0.596617	0.596617	0.596617	0.596617	0.596617	0.596617	0.596617	0.596617	0.596617	0.596617	0.596617	0.596617	0.596617	0.596617	0.596617	0.596617	0.596617	0.596617	0.596617	0.596617	0.596617	0.596617	0.596617	0.596617	0.596617	0.596617	0.596617	0.596617	0.596617	0.596617	0.596617	0.596617	0.596617	0.596617	0.596617	0.596617	0.596617	0.596617	0.596617	0.596617	0.596617	0.596617	0.596617	0.596617	0.596617	0.596617	0.596617	0.596617	0.596617	0.596617	0.596617	0.596617	0.596617	0.596617	0.596617	0.596617
0.22369	0.22369	0.22369	0.22369	0.22369	0.22369	0.22369	0.22369	0.22369	0.22369	0.22369	0.22369	0.22369	0.22369	0.22369	0.22369	0.22369	0.22369	0.22369	0.22369	0.22369	0.22369	0.22369	0.22369	0.22369	0.22369	0.22369	0.22369	0.22369	0.22369	0.22369	0.22369	0.22369	0.22369	0.22369	0.22369	0.22369	0.22369	0.22369	0.22369	0.22369	0.22369	0.22369	0.22369	0.22369	0.22369	0.22369	0.22369	0.22369	0.22369	0.22369	0.22369	0.22369	0.22369	0.22369	0.22369	0.22369	0.22369	0.22369	0.22369	0.22369	0.22369	0.22369	0.22369
0	0	0	0	0	0	0	0	0	0	0	0	0	0	0	0	0	0	0	0	0	0	0	0	0	0	0	0	0	0	0	0	0	0	0	0	0	0	0	0	0	0	0	0	0	0	0	0	0	0	0	0	0	0	0	0	0	0	0	0	0	0	0	0
0	0	0	0	0	0	0	0	0	0	0	0	0	0	0	0	0	0	0	0	0	0	0	0	0	0	0	0	0	0	0	0	0	0	0	0	0	0	0	0	0	0	0	0	0	0	0	0	0	0	0	0	0	0	0	0	0	0	0	0	0	0	0	0
0	0	0	0	0	0	0	0	0	0	0	0	0	0	0	0	0	0	0	0	0	0	0	0	0	0	0	0	0	0	0	0	0	0	0	0	0	0	0	0	0	0	0	0	0	0	0	0	0	0	0	0	0	0	0	0	0	0	0	0	0	0	0	0
0	0	0	0	0	0	0	0	0	0	0	0	0	0	0	0	0	0	0	0	0	0	0	0	0	0	0	0	0	0	0	0	0	0	0	0	0	0	0	0	0	0	0	0	0	0	0	0	0	0	0	0	0	0	0	0	0	0	0	0	0	0	0	0
0	0	0	0	0	0	0	0	0	0	0	0	0	0	0	0	0	0	0	0	0	0	0	0	0	0	0	0	0	0	0	0	0	0	0	0	0	0	0	0	0	0	0	0	0	0	0	0	0	0	0	0	0	0	0	0	0	0	0	0	0	0	0	0
0	0	0	0	0	0	0	0	0	0	0	0	0	0	0	0	0	0	0	0	0	0	0	0	0	0	0	0	0	0	0	0	0	0	0	0	0	0	0	0	0	0	0	0	0	0	0	0	0	0	0	0	0	0	0	0	0	0	0	0	0	0	0	0
0	0	0	0	0	0	0	0	0	0	0	0	0	0	0	0	0	0	0	0	0	0	0	0	0	0	0	0	0	0	0	0	0	0	0	0	0	0	0	0	0	0	0	0	0	0	0	0	0	0	0	0	0	0	0	0	0	0	0	0	0	0	0	0
0	0	0	0	0	0	0	0	0	0	0	0	0	0	0	0	0	0	0	0	0	0	0	0	0	0	0	0	0	0	0	0	0	0	0	0	0	0	0	0	0	0	0	0	0	0	0	0	0	0	0	0	0	0	0	0	0	0	0	0	0	0	0	0
0	0	0	0	0	0	0	0	0	0	0	0	0	0	0	0	0	0	0	0	0	0	0	0	0	0	0	0	0	0	0	0	0	0	0	0	0	0	0	0	0	0	0	0	0	0	0	0	0	0	0	0	0	0	0	0	0	0	0	0	0	0	0	0
0	0	0	0	0	0	0	0	0	0	0	0	0	0	0	0	0	0	0	0	0	0	0	0	0	0	0	0	0	0	0	0	0	0	0	0	0	0	0	0	0	0	0	0	0	0	0	0	0	0	0	0	0	0	0	0	0	0	0	0	0	0	0	0
0	0	0	0	0	0	0	0	0	0	0	0	0	0	0	0	0	0	0	0	0	0	0	0	0	0	0	0	0	0	0	0	0	0	0	0	0	0	0	0	0	0	0	0	0	0	0	0	0	0	0	0	0	0	0	0	0	0	0	0	0	0	0	0
0	0	0	0	0	0	0	0	0	0	0	0	0	0	0	0	0	0	0	0	0	0	0	0	0	0	0	0	0	0	0	0	0	0	0	0	0	0	0	0	0	0	0	0	0	0	0	0	0	0	0	0	0	0	0	0	0	0	0	0	0	0	0	0
