0	0	0	0	0	0	0	0	0	0	0	0	0	0	0	0	0	0	0	0	0	0	0	0	0	0	0	0	0	0	0	0	0	0	0	0	0	0	0	0	0	0	0	0	0	0	0	0	0	0	0	0	0	0	0	0	0	0	0	0	0	0	0	0
0	0	0	0	0	0	0	0	0	0	0	0	0	0	0	0	0	0	0	0	0	0	0	0	0	0	0	0	0	0	0	0	0	0	0	0	0	0	0	0	0	0	0	0	0	0	0	0	0	0	0	0	0	0	0	0	0	0	0	0	0	0	0	0
0	0	0	0	0	0	0	0	0	0	0	0	0	0	0	0	0	0	0	0	0	0	0	0	0	0	0	0	0	0	0	0	0	0	0	0	0	0	0	0	0	0	0	0.0249586	0.000645826	0	0	0	0	0	0	0	0	0	0	0	0	0	0	0	0	0	0	0
0	0	0	0	0	0	0	0	0	0	0	0	0	0	0	0	0	0	0	0	0	0	0	0	0	0	0	0	0	0	0	0	0	0	0	0	0	0	0	0	0.0229021	0.166704	0.263425	0.300403	0.125481	0	0	0	0	0	0	0	0	0	0	0	0	0	0	0	0	0	0	0
0	0	0	0	0	0	0	0	0	0	0	0	0	0	0	0	0	0	0	0	0	0	0	0	0	0	0	0	0	0	0	0	0	0	0	0	0	0	0.0723255	0.205857	0.285768	0.300403	0.300403	0.300403	0.237648	0	0	0	0	0	0	0	0	0	0	0	0	0	0	0	0	0	0	0
0	0	0	0	0	0	0	0	0	0	0	0	0	0	0	0	0	0	0	0	0	0	0	0	0	0	0	0	0	0	0	0	0	0	0	0.00110246	0.1282	0.239244	0.29762	0.300403	0.300403	0.300403	0.300403	0.300403	0.297249	0.0695692	0	0	0	0	0	0	0	0	0	0	0	0	0	0	0	0	0	0
0	0	0	0	0	0	0	0	0	0	0	0	0	0	0	0	0	0	0	0	0	0	0	0	0	0	0	0	0	0	0	0	0	0.0310637	0.174715	0.268563	0.300403	0.300403	0.300403	0.300403	0.300403	0.300403	0.300403	0.300403	0.300403	0.0306965	0	0	0	0	0	0	0	0	0	0	0	0	0	0	0	0	0	0
0	0	0	0	0	0	0	0	0	0	0	0	0	0	0	0	0	0	0	0	0	0	0	0	0	0	0	0	0	0	0	0.0828021	0.212538	0.288763	0.300403	0.300403	0.300403	0.300403	0.300403	0.300403	0.300403	0.300403	0.300403	0.300403	0.300403	0.300059	0.00643952	0	0	0	0	0	0	0	0	0	0	0	0	0	0	0	0	0
0	0	0	0	0	0	0	0	0	0	0	0	0	0	0	0	0	0	0	0	0	0	0	0	0	0	0	0	0.00388426	0.137985	0.245113	0.298808	0.300403	0.300403	0.300403	0.300403	0.300403	0.300403	0.300403	0.300403	0.300403	0.300403	0.300403	0.300403	0.300403	0.300403	0.0445768	0	0	0	0	0	0	0	0	0	0	0	0	0	0	0	0	0
0	0	0	0	0	0	0	0	0	0	0	0	0	0	0	0	0	0	0	0	0	0	0	0	0	0	0.0399485	0.182426	0.273275	0.300403	0.300403	0.300403	0.300403	0.300403	0.300403	0.300403	0.300403	0.300403	0.300403	0.300403	0.300403	0.300403	0.300403	0.300403	0.300403	0.300403	0.299819	0	0	0	0	0	0	0	0	0	0	0	0	0	0	0	0	0
0	0	0	0	0	0	0	0	0	0	0	0	0	0	0	0	0	0	0	0	0	0	0	0	0.0934618	0.219089	0.291413	0.300403	0.300403	0.300403	0.300403	0.300403	0.300403	0.300403	0.300403	0.300403	0.300403	0.300403	0.300403	0.300403	0.300403	0.300403	0.300403	0.300403	0.300403	0.300403	0.300402	0.0100438	0	0	0	0	0	0	0	0	0	0	0	0	0	0	0	0
0	0	0	0	0	0	0	0	0	0	0	0	0	0	0	0	0	0	0	0	0	0.00820976	0.14726	0.250853	0.299662	0.300403	0.300403	0.300403	0.300403	0.300403	0.300403	0.300403	0.300403	0.300403	0.300403	0.300403	0.300403	0.300403	0.300403	0.300403	0.300403	0.300403	0.300403	0.300403	0.300403	0.300403	0.300403	0.299695	0	0	0	0	0	0	0	0	0	0	0	0	0	0	0	0
0	0	0	0	0	0	0	0	0	0	0	0	0	0	0	0	0	0	0	0.0494478	0.189865	0.277537	0.300403	0.300403	0.300403	0.300403	0.300403	0.300403	0.300403	0.300403	0.300403	0.300403	0.300403	0.300403	0.300403	0.300403	0.300403	0.300403	0.300403	0.300403	0.300403	0.300403	0.300403	0.300403	0.300403	0.300403	0.300403	0.30006	0.00799248	0	0	0	0	0	0	0	0	0	0	0	0	0	0	0
0	0	0	0	0	0	0	0	0	0	0	0	0	0	0	0	0	0.104145	0.225413	0.293699	0.300403	0.300403	0.300403	0.300403	0.300403	0.300403	0.300403	0.300403	0.300403	0.300403	0.300403	0.300403	0.300403	0.300403	0.300403	0.300403	0.300403	0.300403	0.300403	0.300403	0.300403	0.300403	0.300403	0.300403	0.300403	0.300403	0.300403	0.300403	0.112122	0	0	0	0	0	0	0	0	0	0	0	0	0	0	0
0	0	0	0	0	0	0	0	0	0	0	0	0	0	0.0139344	0.156056	0.256474	0.300194	0.300403	0.300403	0.300403	0.300403	0.300403	0.300403	0.300403	0.300403	0.300403	0.300403	0.300403	0.300403	0.300403	0.300403	0.300403	0.300403	0.300403	0.300403	0.300403	0.300403	0.300403	0.300403	0.300403	0.300403	0.300403	0.300403	0.300403	0.300403	0.300403	0.300403	0.300058	0.00611774	0	0	0	0	0	0	0	0	0	0	0	0	0	0
0	0	0	0	0	0	0	0	0	0	0	0	0.0593384	0.197057	0.281418	0.300403	0.300403	0.300403	0.300403	0.300403	0.300403	0.300403	0.300403	0.300403	0.300403	0.300403	0.300403	0.300403	0.300403	0.300403	0.300403	0.300403	0.300403	0.300403	0.300403	0.300403	0.300403	0.300403	0.300403	0.300403	0.300403	0.300403	0.300403	0.300403	0.300403	0.300403	0.300403	0.300403	0.300403	0.0383878	0	0	0	0	0	0	0	0	0	0	0	0	0	0
0	0	0	0	0	0	0	0	0	0	0.114946	0.231631	0.295649	0.300403	0.300403	0.300403	0.300403	0.300403	0.300403	0.300403	0.300403	0.300403	0.300403	0.300403	0.300403	0.300403	0.300403	0.300403	0.300403	0.300403	0.300403	0.300403	0.300403	0.300403	0.300403	0.300403	0.300403	0.300403	0.300403	0.300403	0.300403	0.300403	0.300403	0.300403	0.300403	0.300403	0.300403	0.300403	0.300403	0.299776	0	0	0	0	0	0	0	0	0	0	0	0	0	0
0	0	0	0	0	0	0	0.0208853	0.164536	0.26198	0.300403	0.300403	0.300403	0.300403	0.300403	0.300403	0.300403	0.300403	0.300403	0.300403	0.300403	0.300403	0.300403	0.300403	0.300403	0.300403	0.300403	0.300403	0.300403	0.300403	0.300403	0.300403	0.300403	0.300403	0.300403	0.300403	0.300403	0.300403	0.300403	0.300403	0.300403	0.300403	0.300403	0.300403	0.300403	0.300403	0.300403	0.300403	0.300403	0.300217	0.00967212	0	0	0	0	0	0	0	0	0	0	0	0	0
0	0	0	0	0	0.0695692	0.204025	0.284893	0.300403	0.300403	0.300403	0.300403	0.300403	0.300403	0.300403	0.300403	0.300403	0.300403	0.300403	0.300403	0.300403	0.300403	0.300403	0.300403	0.300403	0.300403	0.300403	0.300403	0.300403	0.300403	0.300403	0.300403	0.300403	0.300403	0.300403	0.300403	0.300403	0.300403	0.300403	0.300403	0.300403	0.300403	0.300403	0.300403	0.300403	0.300403	0.300403	0.300403	0.300403	0.300403	0.299691	0	0	0	0	0	0	0	0	0	0	0	0	0
0	0	0.000645826	0.125481	0.237648	0.297249	0.300403	0.300403	0.300403	0.300403	0.300403	0.300403	0.300403	0.300403	0.300403	0.300403	0.300403	0.300403	0.300403	0.300403	0.300403	0.300403	0.300403	0.300403	0.300403	0.300403	0.300403	0.300403	0.300403	0.300403	0.300403	0.300403	0.300403	0.300403	0.300403	0.300403	0.300403	0.300403	0.300403	0.300403	0.300403	0.300403	0.300403	0.300403	0.300403	0.300403	0.300403	0.300403	0.300403	0.300403	0.300058	0.00760693	0	0	0	0	0	0	0	0	0	0	0	0
0	0	0.0249586	0.300403	0.300403	0.300403	0.300403	0.300403	0.300403	0.300403	0.300403	0.300403	0.300403	0.300403	0.300403	0.300403	0.300403	0.300403	0.300403	0.300403	0.300403	0.300403	0.300403	0.300403	0.300403	0.300403	0.300403	0.300403	0.300403	0.300403	0.300403	0.300403	0.300403	0.300403	0.300403	0.300403	0.300403	0.300403	0.300403	0.300403	0.300403	0.300403	0.300403	0.300403	0.300403	0.300403	0.300403	0.300403	0.300403	0.300403	0.300403	0.0850344	0	0	0	0	0	0	0	0	0	0	0	0
0	0	0	0.263425	0.300403	0.300403	0.300403	0.300403	0.300403	0.300403	0.300403	0.300403	0.300403	0.300403	0.300403	0.300403	0.300403	0.300403	0.300403	0.300403	0.300403	0.300403	0.300403	0.300403	0.300403	0.300403	0.300403	0.300403	0.300403	0.300403	0.300403	0.300403	0.300403	0.300403	0.300403	0.300403	0.300403	0.300403	0.300403	0.300403	0.300403	0.300403	0.300403	0.300403	0.300403	0.300403	0.300403	0.300403	0.300403	0.300403	0.300403	0.300122	0.0107045	0	0	0	0	0	0	0	0	0	0	0
0	0	0	0.166704	0.300403	0.300403	0.300403	0.300403	0.300403	0.300403	0.300403	0.300403	0.300403	0.300403	0.300403	0.300403	0.300403	0.300403	0.300403	0.300403	0.300403	0.300403	0.300403	0.300403	0.300403	0.300403	0.300403	0.300403	0.300403	0.300403	0.300403	0.300403	0.300403	0.300403	0.300403	0.300403	0.300403	0.300403	0.300403	0.300403	0.300403	0.300403	0.300403	0.300403	0.300403	0.300403	0.300403	0.300403	0.300403	0.300403	0.300403	0.300403	0.3001	0.0128347	0	0	0	0	0	0	0	0	0	0
0	0	0	0.0229021	0.285768	0.300403	0.300403	0.300403	0.300403	0.300403	0.300403	0.300403	0.300403	0.300403	0.300403	0.300403	0.300403	0.300403	0.300403	0.300403	0.300403	0.300403	0.300403	0.300403	0.300403	0.300403	0.300403	0.300403	0.300403	0.300403	0.300403	0.300403	0.300403	0.300403	0.300403	0.300403	0.300403	0.300403	0.300403	0.300403	0.300403	0.300403	0.300403	0.300403	0.300403	0.300403	0.300403	0.300403	0.300403	0.300403	0.300403	0.300403	0.300403	0.30009	0.0126279	0	0	0	0	0	0	0	0	0
0	0	0	0	0.205857	0.300403	0.300403	0.300403	0.300403	0.300403	0.300403	0.300403	0.300403	0.300403	0.300403	0.300403	0.300403	0.300403	0.300403	0.300403	0.300403	0.300403	0.300403	0.300403	0.300403	0.300403	0.300403	0.300403	0.300403	0.300403	0.300403	0.300403	0.300403	0.300403	0.300403	0.300403	0.300403	0.300403	0.300403	0.300403	0.300403	0.300403	0.300403	0.300403	0.300403	0.300403	0.300403	0.300403	0.300403	0.300403	0.300403	0.300403	0.300403	0.300403	0.300106	0.00996539	0	0	0	0	0	0	0	0
0	0	0	0	0.0723255	0.29762	0.300403	0.300403	0.300403	0.300403	0.300403	0.300403	0.300403	0.300403	0.300403	0.300403	0.300403	0.300403	0.300403	0.300403	0.300403	0.300403	0.300403	0.300403	0.300403	0.300403	0.300403	0.300403	0.300403	0.300403	0.300403	0.300403	0.300403	0.300403	0.300403	0.300403	0.300403	0.300403	0.300403	0.300403	0.300403	0.300403	0.300403	0.300403	0.300403	0.300403	0.300403	0.300403	0.300403	0.300403	0.300403	0.300403	0.300403	0.300403	0.300403	0.30011	0.0003633	0	0	0	0	0	0	0
0	0	0	0	0	0.239244	0.300403	0.300403	0.300403	0.300403	0.300403	0.300403	0.300403	0.300403	0.300403	0.300403	0.300403	0.300403	0.300403	0.300403	0.300403	0.300403	0.300403	0.300403	0.300403	0.300403	0.300403	0.300403	0.300403	0.300403	0.300403	0.300403	0.300403	0.300403	0.300403	0.300403	0.300403	0.300403	0.300403	0.300403	0.300403	0.300403	0.300403	0.300403	0.300403	0.300403	0.300403	0.300403	0.300403	0.300403	0.300403	0.300403	0.300403	0.300403	0.300403	0.300403	0.160306	0	0	0	0	0	0	0
0	0	0	0	0	0.1282	0.300403	0.300403	0.300403	0.300403	0.300403	0.300403	0.300403	0.300403	0.300403	0.300403	0.300403	0.300403	0.300403	0.300403	0.300403	0.300403	0.300403	0.300403	0.300403	0.300403	0.300403	0.300403	0.300403	0.300403	0.300403	0.300403	0.300403	0.300403	0.300403	0.300403	0.300403	0.300403	0.300403	0.300403	0.300403	0.300403	0.300403	0.300403	0.300403	0.300403	0.300403	0.300403	0.300403	0.300403	0.300403	0.300403	0.300403	0.300403	0.300403	0.300403	0.259533	0	0	0	0	0	0	0
0	0	0	0	0	0.00110246	0.268563	0.300403	0.300403	0.300403	0.300403	0.300403	0.300403	0.300403	0.300403	0.300403	0.300403	0.300403	0.300403	0.300403	0.300403	0.300403	0.300403	0.300403	0.300403	0.300403	0.300403	0.300403	0.300403	0.300403	0.300403	0.300403	0.300403	0.300403	0.300403	0.300403	0.300403	0.300403	0.300403	0.300403	0.300403	0.300403	0.300403	0.300403	0.300403	0.300403	0.300403	0.300403	0.300403	0.300403	0.300403	0.300403	0.300403	0.300403	0.300403	0.300403	0.299967	0.0703769	0	0	0	0	0	0
0	0	0	0	0	0	0.174715	0.300403	0.300403	0.300403	0.300403	0.300403	0.300403	0.300403	0.300403	0.300403	0.300403	0.300403	0.300403	0.300403	0.300403	0.300403	0.300403	0.300403	0.300403	0.300403	0.300403	0.300403	0.300403	0.300403	0.300403	0.300403	0.300403	0.300403	0.300403	0.300403	0.300403	0.300403	0.300403	0.300403	0.300403	0.300403	0.300403	0.300403	0.300403	0.300403	0.300403	0.300403	0.300403	0.300403	0.300403	0.300403	0.300403	0.300403	0.300403	0.300403	0.300403	0.159803	0	0	0	0	0	0
0	0	0	0	0	0	0.0310637	0.288763	0.300403	0.300403	0.300403	0.300403	0.300403	0.300403	0.300403	0.300403	0.300403	0.300403	0.300403	0.300403	0.300403	0.300403	0.300403	0.300403	0.300403	0.300403	0.300403	0.300403	0.300403	0.300403	0.300403	0.300403	0.300403	0.300403	0.300403	0.300403	0.300403	0.300403	0.300403	0.300403	0.300403	0.300403	0.300403	0.300403	0.300403	0.300403	0.300403	0.300403	0.300403	0.300403	0.300403	0.300403	0.300403	0.300403	0.300403	0.300403	0.300403	0.201972	0	0	0	0	0	0
0	0	0	0	0	0	0	0.212538	0.300403	0.300403	0.300403	0.300403	0.300403	0.300403	0.300403	0.300403	0.300403	0.300403	0.300403	0.300403	0.300403	0.300403	0.300403	0.300403	0.300403	0.300403	0.300403	0.300403	0.300403	0.300403	0.300403	0.300403	0.300403	0.300403	0.300403	0.300403	0.300403	0.300403	0.300403	0.300403	0.300403	0.300403	0.300403	0.300403	0.300403	0.300403	0.300403	0.300403	0.300403	0.300403	0.300403	0.300403	0.300403	0.300403	0.300403	0.300403	0.300403	0.215808	0	0	0	0	0	0
0	0	0	0	0	0	0	0.0828021	0.298808	0.300403	0.300403	0.300403	0.300403	0.300403	0.300403	0.300403	0.300403	0.300403	0.300403	0.300403	0.300403	0.300403	0.300403	0.300403	0.300403	0.300403	0.300403	0.300403	0.300403	0.300403	0.300403	0.300403	0.300403	0.300403	0.300403	0.300403	0.300403	0.300403	0.300403	0.300403	0.300403	0.300403	0.300403	0.300403	0.300403	0.300403	0.300403	0.300403	0.300403	0.300403	0.300403	0.300403	0.300403	0.300403	0.300403	0.300403	0.300403	0.224531	0	0	0	0	0	0
0	0	0	0	0	0	0	0	0.245113	0.300403	0.300403	0.300403	0.300403	0.300403	0.300403	0.300403	0.300403	0.300403	0.300403	0.300403	0.300403	0.300403	0.300403	0.300403	0.300403	0.300403	0.300403	0.300403	0.300403	0.300403	0.300403	0.300403	0.300403	0.300403	0.300403	0.300403	0.300403	0.300403	0.300403	0.300403	0.300403	0.300403	0.300403	0.300403	0.300403	0.300403	0.300403	0.300403	0.300403	0.300403	0.300403	0.300403	0.300403	0.300403	0.300403	0.300403	0.300403	0.201972	0	0	0	0	0	0
0	0	0	0	0	0	0	0	0.137985	0.300403	0.300403	0.300403	0.300403	0.300403	0.300403	0.300403	0.300403	0.300403	0.300403	0.300403	0.300403	0.300403	0.300403	0.300403	0.300403	0.300403	0.300403	0.300403	0.300403	0.300403	0.300403	0.300403	0.300403	0.300403	0.300403	0.300403	0.300403	0.300403	0.300403	0.300403	0.300403	0.300403	0.300403	0.300403	0.300403	0.300403	0.300403	0.300403	0.300403	0.300403	0.300403	0.300403	0.300403	0.300403	0.300403	0.300403	0.300403	0.20756	0	0	0	0	0	0
0	0	0	0	0	0	0	0	0.00388426	0.273275	0.300403	0.300403	0.300403	0.300403	0.300403	0.300403	0.300403	0.300403	0.300403	0.300403	0.300403	0.300403	0.300403	0.300403	0.300403	0.300403	0.300403	0.300403	0.300403	0.300403	0.300403	0.300403	0.300403	0.300403	0.300403	0.300403	0.300403	0.300403	0.300403	0.300403	0.300403	0.300403	0.300403	0.300403	0.300403	0.300403	0.300403	0.300403	0.300403	0.300403	0.300403	0.300403	0.300403	0.300403	0.300403	0.300403	0.300403	0.268563	0.00110246	0	0	0	0	0
0	0	0	0	0	0	0	0	0	0.182426	0.300403	0.300403	0.300403	0.300403	0.300403	0.300403	0.300403	0.300403	0.300403	0.300403	0.300403	0.300403	0.300403	0.300403	0.300403	0.300403	0.300403	0.300403	0.300403	0.300403	0.300403	0.300403	0.300403	0.300403	0.300403	0.300403	0.300403	0.300403	0.300403	0.300403	0.300403	0.300403	0.300403	0.300403	0.300403	0.300403	0.300403	0.300403	0.300403	0.300403	0.300403	0.300403	0.300403	0.300403	0.300403	0.300403	0.300403	0.300403	0.1282	0	0	0	0	0
0	0	0	0	0	0	0	0	0	0.0399485	0.291413	0.300403	0.300403	0.300403	0.300403	0.300403	0.300403	0.300403	0.300403	0.300403	0.300403	0.300403	0.300403	0.300403	0.300403	0.300403	0.300403	0.300403	0.300403	0.300403	0.300403	0.300403	0.300403	0.300403	0.300403	0.300403	0.300403	0.300403	0.300403	0.300403	0.300403	0.300403	0.300403	0.300403	0.300403	0.300403	0.300403	0.300403	0.300403	0.300403	0.300403	0.300403	0.300403	0.300403	0.300403	0.300403	0.300403	0.300403	0.239244	0	0	0	0	0
0	0	0	0	0	0	0	0	0	0	0.219089	0.300403	0.300403	0.300403	0.300403	0.300403	0.300403	0.300403	0.300403	0.300403	0.300403	0.300403	0.300403	0.300403	0.300403	0.300403	0.300403	0.300403	0.300403	0.300403	0.300403	0.300403	0.300403	0.300403	0.300403	0.300403	0.300403	0.300403	0.300403	0.300403	0.300403	0.300403	0.300403	0.300403	0.300403	0.300403	0.300403	0.300403	0.300403	0.300403	0.300403	0.300403	0.300403	0.300403	0.300403	0.300403	0.300403	0.300403	0.29762	0.0723255	0	0	0	0
0	0	0	0	0	0	0	0	0	0	0.0934618	0.299662	0.300403	0.300403	0.300403	0.300403	0.300403	0.300403	0.300403	0.300403	0.300403	0.300403	0.300403	0.300403	0.300403	0.300403	0.300403	0.300403	0.300403	0.300403	0.300403	0.300403	0.300403	0.300403	0.300403	0.300403	0.300403	0.300403	0.300403	0.300403	0.300403	0.300403	0.300403	0.300403	0.300403	0.300403	0.300403	0.300403	0.300403	0.300403	0.300403	0.300403	0.300403	0.300403	0.300403	0.300403	0.300403	0.300403	0.300403	0.205857	0	0	0	0
0	0	0	0	0	0	0	0	0	0	0	0.250853	0.300403	0.300403	0.300403	0.300403	0.300403	0.300403	0.300403	0.300403	0.300403	0.300403	0.300403	0.300403	0.300403	0.300403	0.300403	0.300403	0.300403	0.300403	0.300403	0.300403	0.300403	0.300403	0.300403	0.300403	0.300403	0.300403	0.300403	0.300403	0.300403	0.300403	0.300403	0.300403	0.300403	0.300403	0.300403	0.300403	0.300403	0.300403	0.300403	0.300403	0.300403	0.300403	0.300403	0.300403	0.300403	0.300403	0.300403	0.285768	0.0229021	0	0	0
0	0	0	0	0	0	0	0	0	0	0	0.14726	0.300403	0.300403	0.300403	0.300403	0.300403	0.300403	0.300403	0.300403	0.300403	0.300403	0.300403	0.300403	0.300403	0.300403	0.300403	0.300403	0.300403	0.300403	0.300403	0.300403	0.300403	0.300403	0.300403	0.300403	0.300403	0.300403	0.300403	0.300403	0.300403	0.300403	0.300403	0.300403	0.300403	0.300403	0.300403	0.300403	0.300403	0.300403	0.300403	0.300403	0.300403	0.300403	0.300403	0.300403	0.300403	0.300403	0.300403	0.300403	0.166704	0	0	0
0	0	0	0	0	0	0	0	0	0	0	0.00820976	0.277537	0.300403	0.300403	0.300403	0.300403	0.300403	0.300403	0.300403	0.300403	0.300403	0.300403	0.300403	0.300403	0.300403	0.300403	0.300403	0.300403	0.300403	0.300403	0.300403	0.300403	0.300403	0.300403	0.300403	0.300403	0.300403	0.300403	0.300403	0.300403	0.300403	0.300403	0.300403	0.300403	0.300403	0.300403	0.300403	0.300403	0.300403	0.300403	0.300403	0.300403	0.300403	0.300403	0.300403	0.300403	0.300403	0.300403	0.300403	0.263425	0	0	0
0	0	0	0	0	0	0	0	0	0	0	0	0.189865	0.300403	0.300403	0.300403	0.300403	0.300403	0.300403	0.300403	0.300403	0.300403	0.300403	0.300403	0.300403	0.300403	0.300403	0.300403	0.300403	0.300403	0.300403	0.300403	0.300403	0.300403	0.300403	0.300403	0.300403	0.300403	0.300403	0.300403	0.300403	0.300403	0.300403	0.300403	0.300403	0.300403	0.300403	0.300403	0.300403	0.300403	0.300403	0.300403	0.300403	0.300403	0.300403	0.300403	0.300403	0.300403	0.300403	0.300403	0.300403	0.0249586	0	0
0	0	0	0	0	0	0	0	0	0	0	0	0.0494478	0.293699	0.300403	0.300403	0.300403	0.300403	0.300403	0.300403	0.300403	0.300403	0.300403	0.300403	0.300403	0.300403	0.300403	0.300403	0.300403	0.300403	0.300403	0.300403	0.300403	0.300403	0.300403	0.300403	0.300403	0.300403	0.300403	0.300403	0.300403	0.300403	0.300403	0.300403	0.300403	0.300403	0.300403	0.300403	0.300403	0.300403	0.300403	0.300403	0.300403	0.300403	0.300403	0.300403	0.300403	0.300403	0.297249	0.237648	0.125481	0.000645826	0	0
0	0	0	0	0	0	0	0	0	0	0	0	0	0.225413	0.300403	0.300403	0.300403	0.300403	0.300403	0.300403	0.300403	0.300403	0.300403	0.300403	0.300403	0.300403	0.300403	0.300403	0.300403	0.300403	0.300403	0.300403	0.300403	0.300403	0.300403	0.300403	0.300403	0.300403	0.300403	0.300403	0.300403	0.300403	0.300403	0.300403	0.300403	0.300403	0.300403	0.300403	0.300403	0.300403	0.300403	0.300403	0.300403	0.300403	0.300403	0.300403	0.284893	0.204025	0.0695692	0	0	0	0	0
0	0	0	0	0	0	0	0	0	0	0	0	0	0.104145	0.300194	0.300403	0.300403	0.300403	0.300403	0.300403	0.300403	0.300403	0.300403	0.300403	0.300403	0.300403	0.300403	0.300403	0.300403	0.300403	0.300403	0.300403	0.300403	0.300403	0.300403	0.300403	0.300403	0.300403	0.300403	0.300403	0.300403	0.300403	0.300403	0.300403	0.300403	0.300403	0.300403	0.300403	0.300403	0.300403	0.300403	0.300403	0.300403	0.300403	0.26198	0.164536	0.0208853	0	0	0	0	0	0	0
0	0	0	0	0	0	0	0	0	0	0	0	0	0	0.256474	0.300403	0.300403	0.300403	0.300403	0.300403	0.300403	0.300403	0.300403	0.300403	0.300403	0.300403	0.300403	0.300403	0.300403	0.300403	0.300403	0.300403	0.300403	0.300403	0.300403	0.300403	0.300403	0.300403	0.300403	0.300403	0.300403	0.300403	0.300403	0.300403	0.300403	0.300403	0.300403	0.300403	0.300403	0.300403	0.300403	0.295649	0.231631	0.114946	0	0	0	0	0	0	0	0	0	0
0	0	0	0	0	0	0	0	0	0	0	0	0	0	0.156056	0.300403	0.300403	0.300403	0.300403	0.300403	0.300403	0.300403	0.300403	0.300403	0.300403	0.300403	0.300403	0.300403	0.300403	0.300403	0.300403	0.300403	0.300403	0.300403	0.300403	0.300403	0.300403	0.300403	0.300403	0.300403	0.300403	0.300403	0.300403	0.300403	0.300403	0.300403	0.300403	0.300403	0.300403	0.281418	0.197057	0.0593384	0	0	0	0	0	0	0	0	0	0	0	0
0	0	0	0	0	0	0	0	0	0	0	0	0	0	0.0139344	0.281418	0.300403	0.300403	0.300403	0.300403	0.300403	0.300403	0.300403	0.300403	0.300403	0.300403	0.300403	0.300403	0.300403	0.300403	0.300403	0.300403	0.300403	0.300403	0.300403	0.300403	0.300403	0.300403	0.300403	0.300403	0.300403	0.300403	0.300403	0.300403	0.300403	0.300403	0.300194	0.256474	0.156056	0.0139344	0	0	0	0	0	0	0	0	0	0	0	0	0	0
0	0	0	0	0	0	0	0	0	0	0	0	0	0	0	0.197057	0.300403	0.300403	0.300403	0.300403	0.300403	0.300403	0.300403	0.300403	0.300403	0.300403	0.300403	0.300403	0.300403	0.300403	0.300403	0.300403	0.300403	0.300403	0.300403	0.300403	0.300403	0.300403	0.300403	0.300403	0.300403	0.300403	0.300403	0.300403	0.293699	0.225413	0.104145	0	0	0	0	0	0	0	0	0	0	0	0	0	0	0	0	0
0	0	0	0	0	0	0	0	0	0	0	0	0	0	0	0.0593384	0.295649	0.300403	0.300403	0.300403	0.300403	0.300403	0.300403	0.300403	0.300403	0.300403	0.300403	0.300403	0.300403	0.300403	0.300403	0.300403	0.300403	0.300403	0.300403	0.300403	0.300403	0.300403	0.300403	0.300403	0.300403	0.300403	0.277537	0.189865	0.0494478	0	0	0	0	0	0	0	0	0	0	0	0	0	0	0	0	0	0	0
0	0	0	0	0	0	0	0	0	0	0	0	0	0	0	0	0.231631	0.300403	0.300403	0.300403	0.300403	0.300403	0.300403	0.300403	0.300403	0.300403	0.300403	0.300403	0.300403	0.300403	0.300403	0.300403	0.300403	0.300403	0.300403	0.300403	0.300403	0.300403	0.300403	0.299662	0.250853	0.14726	0.00820976	0	0	0	0	0	0	0	0	0	0	0	0	0	0	0	0	0	0	0	0	0
0	0	0	0	0	0	0	0	0	0	0	0	0	0	0	0	0.114946	0.300403	0.300403	0.300403	0.300403	0.300403	0.300403	0.300403	0.300403	0.300403	0.300403	0.300403	0.300403	0.300403	0.300403	0.300403	0.300403	0.300403	0.300403	0.300403	0.300403	0.291413	0.219089	0.0934618	0	0	0	0	0	0	0	0	0	0	0	0	0	0	0	0	0	0	0	0	0	0	0	0
0	0	0	0	0	0	0	0	0	0	0	0	0	0	0	0	0	0.26198	0.300403	0.300403	0.300403	0.300403	0.300403	0.300403	0.300403	0.300403	0.300403	0.300403	0.300403	0.300403	0.300403	0.300403	0.300403	0.300403	0.300403	0.273275	0.182426	0.0399485	0	0	0	0	0	0	0	0	0	0	0	0	0	0	0	0	0	0	0	0	0	0	0	0	0	0
0	0	0	0	0	0	0	0	0	0	0	0	0	0	0	0	0	0.164536	0.300403	0.300403	0.300403	0.300403	0.300403	0.300403	0.300403	0.300403	0.300403	0.300403	0.300403	0.300403	0.300403	0.300403	0.298808	0.245113	0.137985	0.00388426	0	0	0	0	0	0	0	0	0	0	0	0	0	0	0	0	0	0	0	0	0	0	0	0	0	0	0	0
0	0	0	0	0	0	0	0	0	0	0	0	0	0	0	0	0	0.0208853	0.284893	0.300403	0.300403	0.300403	0.300403	0.300403	0.300403	0.300403	0.300403	0.300403	0.300403	0.300403	0.288763	0.212538	0.0828021	0	0	0	0	0	0	0	0	0	0	0	0	0	0	0	0	0	0	0	0	0	0	0	0	0	0	0	0	0	0	0
0	0	0	0	0	0	0	0	0	0	0	0	0	0	0	0	0	0	0.204025	0.300403	0.300403	0.300403	0.300403	0.300403	0.300403	0.300403	0.300403	0.300403	0.268563	0.174715	0.0310637	0	0	0	0	0	0	0	0	0	0	0	0	0	0	0	0	0	0	0	0	0	0	0	0	0	0	0	0	0	0	0	0	0
0	0	0	0	0	0	0	0	0	0	0	0	0	0	0	0	0	0	0.0695692	0.297249	0.300403	0.300403	0.300403	0.300403	0.300403	0.29762	0.239244	0.1282	0.00110246	0	0	0	0	0	0	0	0	0	0	0	0	0	0	0	0	0	0	0	0	0	0	0	0	0	0	0	0	0	0	0	0	0	0	0
0	0	0	0	0	0	0	0	0	0	0	0	0	0	0	0	0	0	0	0.237648	0.300403	0.300403	0.300403	0.285768	0.205857	0.0723255	0	0	0	0	0	0	0	0	0	0	0	0	0	0	0	0	0	0	0	0	0	0	0	0	0	0	0	0	0	0	0	0	0	0	0	0	0	0
0	0	0	0	0	0	0	0	0	0	0	0	0	0	0	0	0	0	0	0.125481	0.300403	0.263425	0.166704	0.0229021	0	0	0	0	0	0	0	0	0	0	0	0	0	0	0	0	0	0	0	0	0	0	0	0	0	0	0	0	0	0	0	0	0	0	0	0	0	0	0	0
0	0	0	0	0	0	0	0	0	0	0	0	0	0	0	0	0	0	0	0.000645826	0.0249586	0	0	0	0	0	0	0	0	0	0	0	0	0	0	0	0	0	0	0	0	0	0	0	0	0	0	0	0	0	0	0	0	0	0	0	0	0	0	0	0	0	0	0
0	0	0	0	0	0	0	0	0	0	0	0	0	0	0	0	0	0	0	0	0	0	0	0	0	0	0	0	0	0	0	0	0	0	0	0	0	0	0	0	0	0	0	0	0	0	0	0	0	0	0	0	0	0	0	0	0	0	0	0	0	0	0	0
0	0	0	0	0	0	0	0	0	0	0	0	0	0	0	0	0	0	0	0	0	0	0	0	0	0	0	0	0	0	0	0	0	0	0	0	0	0	0	0	0	0	0	0	0	0	0	0	0	0	0	0	0	0	0	0	0	0	0	0	0	0	0	0
