0	0	0	0	0	0	0	0	0	0	0	0	0	0	0	0	0	0	0	0	0	0	0	0	0	0	0	0	0	0	0	0	0	0	0	0	0	0	0	0	0	0	0	0	0	0	0	0	0	0	0	0	0	0	0	0	0	0	0	0	0	0	0	0
0	0	0	0	0	0	0	0	0	0	0	0	0	0	0	0	0	0	0	0	0	0	0	0	0	0	0	0	0	0	0	0	0	0	0	0	0	0	0	0	0	0	0	0	0	0	0	0	0	0	0	0	0	0	0	0	0	0	0	0	0	0	0	0
0	0	0	0	0	0	0	0	0	0	0	0	0	0	0	0	0	0	0	0	0	0	0	0	0	0	0	0	0	0	0	0	0	0	0	0	0	0	0	0	0	0	0	0	0	0	0	0	0	0	0	0	0	0	0	0	0	0	0	0	0	0	0	0
0	0	0	0	0	0	0	0	0	0	0	0	0	0	0	0	0	0	0	0	0	0	0	0	0	0	0	0	0	0	0	0	0	0	0	0	0	0	0	0	0	0	0	0	0	0	0	0	0	0	0	0	0	0	0	0	0	0	0	0	0	0	0	0
0	0	0	0	0	0	0	0	0	0	0	0	0	0	0	0	0	0	0	0	0	0	0	0	0	0	0	0	0	0	0	0	0	0	0	0	0	0	0	0	0	0	0	0	0	0	0	0	0	0	0	0	0	0	0	0	0	0	0	0	0	0	0	0
0	0	0	0	0	0	0	0	0	0	0	0	0	0	0	0	0	0	0	0	0	0	0	0	0	0	0	0	0	0	0	0	0	0	0	0	0	0	0	0	0	0	0	0	0	0	0	0	0	0	0	0	0	0	0	0	0	0	0	0	0	0	0	0
0	0	0	0	0	0	0	0	0	0	0	0	0	0	0	0	0	0	0	0	0	0	0	0	0	0	0	0	0	0	0	0	0	0	0	0	0	0	0	0	0	0	0	0	0	0	0	0	0	0	0	0	0	0	0	0	0	0	0	0	0	0	0	0
0	0	0	0	0	0	0	0	0	0	0	0	0	0	0	0	0	0	0	0	0	0	0	0	0	0	0	0	0	0	0	0	0	0	0	0	0	0	0	0	0	0	0	0	0	0	0	0	0	0	0	0	0	0	0	0	0	0	0	0	0	0	0	0
0	0	0	0	0	0	0	0	0	0	0	0	0	0	0	0	0	0	0	0	0	0	0	0	0	0	0	0	0	0	0	0	0	0	0	0	0	0	0	0	0	0	0	0	0	0	0	0	0	0	0	0	0	0	0	0	0	0	0	0	0	0	0	0
0	0	0	0	0	0	0	0	0	0	0	0	0	0	0	0	0	0	0	0	0	0	0	0	0	0	0	0	0	0	0	0	0	0	0	0	0	0	0	0	0	0	0	0	0	0	0	0	0	0	0	0	0	0	0	0	0	0	0	0	0	0	0	0
0	0	0	0	0	0	0	0	0	0	0	0	0	0	0	0	0	0	0	0	0	0	0	0	0	0	0	0	0	0	0	0	0	0	0	0	0	0	0	0	0	0	0	0	0	0	0	0	0	0	0	0	0	0	0	0	0	0	0	0	0	0	0	0
0	0	0	0	0	0	0	0	0	0	0	0	0	0	0	0	0	0	0	0	0	0	0	0	0	0	0	0	0	0	0	0	0	0	0	0	0	0	0	0	0	0	0	0	0	0	0	0	0	0	0	0	0	0	0	0	0	0	0	0	0	0	0	0
0	0	0	0	0	0	0	0	0	0	0	0	0	0	0	0	0	0	0	0	0	0	0	0	0	0	0	0	0	0	0	0	0	0	0	0	0	0	0	0	0	0	0	0	0	0	0	0	0	0	0	0	0	0	0	0	0	0	0	0	0	0	0	0
0	0	0	0	0	0	0	0	0	0	0	0	0	0	0	0	0	0	0	0	0	0	0	0	0	0	0	0	0	0	0	0	0	0	0	0	0	0	0	0	0	0	0	0	0	0	0	0	0	0	0	0	0	0	0	0	0	0	0	0	0	0	0	0
0	0	0	0	0	0	0	0	0	0	0	0	0	0	0	0	0	0	0	0	0	0	0	0	0	0	0	0	0	0	0	0	0	0	0	0	0	0	0	0	0	0	0	0	0	0	0	0	0	0	0	0	0	0	0	0	0	0	0	0	0	0	0	0
0	0	0	0	0	0	0	0	0	0	0	0	0	0	0	0	0	0	0	0	0	0	0	0	0	0	0	0	0	0	0	0	0	0	0	0	0	0	0	0	0	0	0	0	0	0	0	0	0	0	0	0	0	0	0	0	0	0	0	0	0	0	0	0
0	0	0	0	0	0	0	0	0	0	0	0	0	0	0	0	0	0	0	0	0	0	0	0	0	0	0	0	0	0	0	0	0	0	0	0	0	0	0	0	0	0	0	0	0	0	0	0	0	0	0	0	0	0	0	0	0	0	0	0	0	0	0	0
0	0	0	0	0	0	0	0	0	0	0	0	0	0	0	0	0	0	0	0	0	0	0	0	0	0	0	0	0	0	0	0	0	0	0	0	0	0	0	0	0	0	0	0	0	0	0	0	0	0	0	0	0	0	0	0	0	0	0	0	0	0	0	0
0	0	0	0	0	0	0	0	0	0	0	0	0	0	0	0	0	0	0	0	0	0	0	0	0	0	0	0	0	0	0	0	0	0	0	0	0	0	0	0	0	0	0	0	0	0	0	0	0	0	0	0	0	0	0	0	0	0	0	0	0	0	0	0
0	0	0	0	0	0	0	0	0	0	0	0	0	0	0	0	0	0	0	0	0	0	0	0	0	0	0	0	0	0	0	0	0	0	0	0	0	0	0	0	0	0	0	0	0	0	0	0	0	0	0	0	0	0	0	0	0	0	0	0	0	0	0	0
0	0	0	0	0	0	0	0	0	0	0	0	0	0	0	0	0	0	0	0	0	0	0	0	0	0	0	0	0	0	0	0	0	0	0	0	0	0	0	0	0	0	0	0	0	0	0	0	0	0	0	0	0	0	0	0	0	0	0	0	0	0	0	0
0	0	0	0	0	0	0	0	0	0	0	0	0	0	0	0	0	0	0	0	0	0	0	0	0	0	0	0	0	0	0	0	0	0	0	0	0	0	0	0	0	0	0	0	0	0	0	0	0	0	0	0	0	0	0	0	0	0	0	0	0	0	0	0
0	0	0	0	0	0	0	0	0	0	0	0	0	0	0	0	0	0	0	0	0	0	0	0	0	0	0	0	0	0	0	0	0	0	0	0	0	0	0	0	0	0	0	0	0	0	0	0	0	0	0	0	0	0	0	0	0	0	0	0	0	0	0	0
0	0	0	0	0	0	0	0	0	0	0	0	0	0	0	0	0	0	0	0	0	0	0	0	0	0	0	0	0	0	0	0	0	0	0	0	0	0	0	0	0	0	0	0	0	0	0	0	0	0	0	0	0	0	0	0	0	0	0	0	0	0	0	0
0	0	0	0	0	0	0	0	0	0	0	0	0	0	0	0	0	0	0	0	0	0	0	0	0	0	0	0	0	0	0	0	0	0	0	0	0	0	0	0	0	0	0	0	0	0	0	0	0	0	0	0	0	0	0	0	0	0	0	0	0	0	0	0
0.207313	0.207313	0.207313	0.207313	0.207313	0.207313	0.207313	0.207313	0.207313	0.207313	0.207313	0.207313	0.207313	0.207313	0.207313	0.207313	0.207313	0.207313	0.207313	0.207313	0.207313	0.207313	0.207313	0.207313	0.207313	0.207313	0.207313	0.207313	0.207313	0.207313	0.207313	0.207313	0.207313	0.207313	0.207313	0.207313	0.207313	0.207313	0.207313	0.207313	0.207313	0.207313	0.207313	0.207313	0.207313	0.207313	0.207313	0.207313	0.207313	0.207313	0.207313	0.207313	0.207313	0.207313	0.207313	0.207313	0.207313	0.207313	0.207313	0.207313	0.207313	0.207313	0.207313	0.207313
0.353838	0.353838	0.353838	0.353838	0.353838	0.353838	0.353838	0.353838	0.353838	0.353838	0.353838	0.353838	0.353838	0.353838	0.353838	0.353838	0.353838	0.353838	0.353838	0.353838	0.353838	0.353838	0.353838	0.353838	0.353838	0.353838	0.353838	0.353838	0.353838	0.353838	0.353838	0.353838	0.353838	0.353838	0.353838	0.353838	0.353838	0.353838	0.353838	0.353838	0.353838	0.353838	0.353838	0.353838	0.353838	0.353838	0.353838	0.353838	0.353838	0.353838	0.353838	0.353838	0.353838	0.353838	0.353838	0.353838	0.353838	0.353838	0.353838	0.353838	0.353838	0.353838	0.353838	0.353838
0.353838	0.353838	0.353838	0.353838	0.353838	0.353838	0.353838	0.353838	0.353838	0.353838	0.353838	0.353838	0.353838	0.353838	0.353838	0.353838	0.353838	0.353838	0.353838	0.353838	0.353838	0.353838	0.353838	0.353838	0.353838	0.353838	0.353838	0.353838	0.353838	0.353838	0.353838	0.353838	0.353838	0.353838	0.353838	0.353838	0.353838	0.353838	0.353838	0.353838	0.353838	0.353838	0.353838	0.353838	0.353838	0.353838	0.353838	0.353838	0.353838	0.353838	0.353838	0.353838	0.353838	0.353838	0.353838	0.353838	0.353838	0.353838	0.353838	0.353838	0.353838	0.353838	0.353838	0.353838
0.353838	0.353838	0.353838	0.353838	0.353838	0.353838	0.353838	0.353838	0.353838	0.353838	0.353838	0.353838	0.353838	0.353838	0.353838	0.353838	0.353838	0.353838	0.353838	0.353838	0.353838	0.353838	0.353838	0.353838	0.353838	0.353838	0.353838	0.353838	0.353838	0.353838	0.353838	0.353838	0.353838	0.353838	0.353838	0.353838	0.353838	0.353838	0.353838	0.353838	0.353838	0.353838	0.353838	0.353838	0.353838	0.353838	0.353838	0.353838	0.353838	0.353838	0.353838	0.353838	0.353838	0.353838	0.353838	0.353838	0.353838	0.353838	0.353838	0.353838	0.353838	0.353838	0.353838	0.353838
0.353838	0.353838	0.353838	0.353838	0.353838	0.353838	0.353838	0.353838	0.353838	0.353838	0.353838	0.353838	0.353838	0.353838	0.353838	0.353838	0.353838	0.353838	0.353838	0.353838	0.353838	0.353838	0.353838	0.353838	0.353838	0.353838	0.353838	0.353838	0.353838	0.353838	0.353838	0.353838	0.353838	0.353838	0.353838	0.353838	0.353838	0.353838	0.353838	0.353838	0.353838	0.353838	0.353838	0.353838	0.353838	0.353838	0.353838	0.353838	0.353838	0.353838	0.353838	0.353838	0.353838	0.353838	0.353838	0.353838	0.353838	0.353838	0.353838	0.353838	0.353838	0.353838	0.353838	0.353838
0.353838	0.353838	0.353838	0.353838	0.353838	0.353838	0.353838	0.353838	0.353838	0.353838	0.353838	0.353838	0.353838	0.353838	0.353838	0.353838	0.353838	0.353838	0.353838	0.353838	0.353838	0.353838	0.353838	0.353838	0.353838	0.353838	0.353838	0.353838	0.353838	0.353838	0.353838	0.353838	0.353838	0.353838	0.353838	0.353838	0.353838	0.353838	0.353838	0.353838	0.353838	0.353838	0.353838	0.353838	0.353838	0.353838	0.353838	0.353838	0.353838	0.353838	0.353838	0.353838	0.353838	0.353838	0.353838	0.353838	0.353838	0.353838	0.353838	0.353838	0.353838	0.353838	0.353838	0.353838
0.353838	0.353838	0.353838	0.353838	0.353838	0.353838	0.353838	0.353838	0.353838	0.353838	0.353838	0.353838	0.353838	0.353838	0.353838	0.353838	0.353838	0.353838	0.353838	0.353838	0.353838	0.353838	0.353838	0.353838	0.353838	0.353838	0.353838	0.353838	0.353838	0.353838	0.353838	0.353838	0.353838	0.353838	0.353838	0.353838	0.353838	0.353838	0.353838	0.353838	0.353838	0.353838	0.353838	0.353838	0.353838	0.353838	0.353838	0.353838	0.353838	0.353838	0.353838	0.353838	0.353838	0.353838	0.353838	0.353838	0.353838	0.353838	0.353838	0.353838	0.353838	0.353838	0.353838	0.353838
0.353838	0.353838	0.353838	0.353838	0.353838	0.353838	0.353838	0.353838	0.353838	0.353838	0.353838	0.353838	0.353838	0.353838	0.353838	0.353838	0.353838	0.353838	0.353838	0.353838	0.353838	0.353838	0.353838	0.353838	0.353838	0.353838	0.353838	0.353838	0.353838	0.353838	0.353838	0.353838	0.353838	0.353838	0.353838	0.353838	0.353838	0.353838	0.353838	0.353838	0.353838	0.353838	0.353838	0.353838	0.353838	0.353838	0.353838	0.353838	0.353838	0.353838	0.353838	0.353838	0.353838	0.353838	0.353838	0.353838	0.353838	0.353838	0.353838	0.353838	0.353838	0.353838	0.353838	0.353838
0.353838	0.353838	0.353838	0.353838	0.353838	0.353838	0.353838	0.353838	0.353838	0.353838	0.353838	0.353838	0.353838	0.353838	0.353838	0.353838	0.353838	0.353838	0.353838	0.353838	0.353838	0.353838	0.353838	0.353838	0.353838	0.353838	0.353838	0.353838	0.353838	0.353838	0.353838	0.353838	0.353838	0.353838	0.353838	0.353838	0.353838	0.353838	0.353838	0.353838	0.353838	0.353838	0.353838	0.353838	0.353838	0.353838	0.353838	0.353838	0.353838	0.353838	0.353838	0.353838	0.353838	0.353838	0.353838	0.353838	0.353838	0.353838	0.353838	0.353838	0.353838	0.353838	0.353838	0.353838
0.353838	0.353838	0.353838	0.353838	0.353838	0.353838	0.353838	0.353838	0.353838	0.353838	0.353838	0.353838	0.353838	0.353838	0.353838	0.353838	0.353838	0.353838	0.353838	0.353838	0.353838	0.353838	0.353838	0.353838	0.353838	0.353838	0.353838	0.353838	0.353838	0.353838	0.353838	0.353838	0.353838	0.353838	0.353838	0.353838	0.353838	0.353838	0.353838	0.353838	0.353838	0.353838	0.353838	0.353838	0.353838	0.353838	0.353838	0.353838	0.353838	0.353838	0.353838	0.353838	0.353838	0.353838	0.353838	0.353838	0.353838	0.353838	0.353838	0.353838	0.353838	0.353838	0.353838	0.353838
0.353838	0.353838	0.353838	0.353838	0.353838	0.353838	0.353838	0.353838	0.353838	0.353838	0.353838	0.353838	0.353838	0.353838	0.353838	0.353838	0.353838	0.353838	0.353838	0.353838	0.353838	0.353838	0.353838	0.353838	0.353838	0.353838	0.353838	0.353838	0.353838	0.353838	0.353838	0.353838	0.353838	0.353838	0.353838	0.353838	0.353838	0.353838	0.353838	0.353838	0.353838	0.353838	0.353838	0.353838	0.353838	0.353838	0.353838	0.353838	0.353838	0.353838	0.353838	0.353838	0.353838	0.353838	0.353838	0.353838	0.353838	0.353838	0.353838	0.353838	0.353838	0.353838	0.353838	0.353838
0.353838	0.353838	0.353838	0.353838	0.353838	0.353838	0.353838	0.353838	0.353838	0.353838	0.353838	0.353838	0.353838	0.353838	0.353838	0.353838	0.353838	0.353838	0.353838	0.353838	0.353838	0.353838	0.353838	0.353838	0.353838	0.353838	0.353838	0.353838	0.353838	0.353838	0.353838	0.353838	0.353838	0.353838	0.353838	0.353838	0.353838	0.353838	0.353838	0.353838	0.353838	0.353838	0.353838	0.353838	0.353838	0.353838	0.353838	0.353838	0.353838	0.353838	0.353838	0.353838	0.353838	0.353838	0.353838	0.353838	0.353838	0.353838	0.353838	0.353838	0.353838	0.353838	0.353838	0.353838
0.353838	0.353838	0.353838	0.353838	0.353838	0.353838	0.353838	0.353838	0.353838	0.353838	0.353838	0.353838	0.353838	0.353838	0.353838	0.353838	0.353838	0.353838	0.353838	0.353838	0.353838	0.353838	0.353838	0.353838	0.353838	0.353838	0.353838	0.353838	0.353838	0.353838	0.353838	0.353838	0.353838	0.353838	0.353838	0.353838	0.353838	0.353838	0.353838	0.353838	0.353838	0.353838	0.353838	0.353838	0.353838	0.353838	0.353838	0.353838	0.353838	0.353838	0.353838	0.353838	0.353838	0.353838	0.353838	0.353838	0.353838	0.353838	0.353838	0.353838	0.353838	0.353838	0.353838	0.353838
0.353838	0.353838	0.353838	0.353838	0.353838	0.353838	0.353838	0.353838	0.353838	0.353838	0.353838	0.353838	0.353838	0.353838	0.353838	0.353838	0.353838	0.353838	0.353838	0.353838	0.353838	0.353838	0.353838	0.353838	0.353838	0.353838	0.353838	0.353838	0.353838	0.353838	0.353838	0.353838	0.353838	0.353838	0.353838	0.353838	0.353838	0.353838	0.353838	0.353838	0.353838	0.353838	0.353838	0.353838	0.353838	0.353838	0.353838	0.353838	0.353838	0.353838	0.353838	0.353838	0.353838	0.353838	0.353838	0.353838	0.353838	0.353838	0.353838	0.353838	0.353838	0.353838	0.353838	0.353838
0.353838	0.353838	0.353838	0.353838	0.353838	0.353838	0.353838	0.353838	0.353838	0.353838	0.353838	0.353838	0.353838	0.353838	0.353838	0.353838	0.353838	0.353838	0.353838	0.353838	0.353838	0.353838	0.353838	0.353838	0.353838	0.353838	0.353838	0.353838	0.353838	0.353838	0.353838	0.353838	0.353838	0.353838	0.353838	0.353838	0.353838	0.353838	0.353838	0.353838	0.353838	0.353838	0.353838	0.353838	0.353838	0.353838	0.353838	0.353838	0.353838	0.353838	0.353838	0.353838	0.353838	0.353838	0.353838	0.353838	0.353838	0.353838	0.353838	0.353838	0.353838	0.353838	0.353838	0.353838
0.353838	0.353838	0.353838	0.353838	0.353838	0.353838	0.353838	0.353838	0.353838	0.353838	0.353838	0.353838	0.353838	0.353838	0.353838	0.353838	0.353838	0.353838	0.353838	0.353838	0.353838	0.353838	0.353838	0.353838	0.353838	0.353838	0.353838	0.353838	0.353838	0.353838	0.353838	0.353838	0.353838	0.353838	0.353838	0.353838	0.353838	0.353838	0.353838	0.353838	0.353838	0.353838	0.353838	0.353838	0.353838	0.353838	0.353838	0.353838	0.353838	0.353838	0.353838	0.353838	0.353838	0.353838	0.353838	0.353838	0.353838	0.353838	0.353838	0.353838	0.353838	0.353838	0.353838	0.353838
0.353838	0.353838	0.353838	0.353838	0.353838	0.353838	0.353838	0.353838	0.353838	0.353838	0.353838	0.353838	0.353838	0.353838	0.353838	0.353838	0.353838	0.353838	0.353838	0.353838	0.353838	0.353838	0.353838	0.353838	0.353838	0.353838	0.353838	0.353838	0.353838	0.353838	0.353838	0.353838	0.353838	0.353838	0.353838	0.353838	0.353838	0.353838	0.353838	0.353838	0.353838	0.353838	0.353838	0.353838	0.353838	0.353838	0.353838	0.353838	0.353838	0.353838	0.353838	0.353838	0.353838	0.353838	0.353838	0.353838	0.353838	0.353838	0.353838	0.353838	0.353838	0.353838	0.353838	0.353838
0.353838	0.353838	0.353838	0.353838	0.353838	0.353838	0.353838	0.353838	0.353838	0.353838	0.353838	0.353838	0.353838	0.353838	0.353838	0.353838	0.353838	0.353838	0.353838	0.353838	0.353838	0.353838	0.353838	0.353838	0.353838	0.353838	0.353838	0.353838	0.353838	0.353838	0.353838	0.353838	0.353838	0.353838	0.353838	0.353838	0.353838	0.353838	0.353838	0.353838	0.353838	0.353838	0.353838	0.353838	0.353838	0.353838	0.353838	0.353838	0.353838	0.353838	0.353838	0.353838	0.353838	0.353838	0.353838	0.353838	0.353838	0.353838	0.353838	0.353838	0.353838	0.353838	0.353838	0.353838
0.353838	0.353838	0.353838	0.353838	0.353838	0.353838	0.353838	0.353838	0.353838	0.353838	0.353838	0.353838	0.353838	0.353838	0.353838	0.353838	0.353838	0.353838	0.353838	0.353838	0.353838	0.353838	0.353838	0.353838	0.353838	0.353838	0.353838	0.353838	0.353838	0.353838	0.353838	0.353838	0.353838	0.353838	0.353838	0.353838	0.353838	0.353838	0.353838	0.353838	0.353838	0.353838	0.353838	0.353838	0.353838	0.353838	0.353838	0.353838	0.353838	0.353838	0.353838	0.353838	0.353838	0.353838	0.353838	0.353838	0.353838	0.353838	0.353838	0.353838	0.353838	0.353838	0.353838	0.353838
0.353838	0.353838	0.353838	0.353838	0.353838	0.353838	0.353838	0.353838	0.353838	0.353838	0.353838	0.353838	0.353838	0.353838	0.353838	0.353838	0.353838	0.353838	0.353838	0.353838	0.353838	0.353838	0.353838	0.353838	0.353838	0.353838	0.353838	0.353838	0.353838	0.353838	0.353838	0.353838	0.353838	0.353838	0.353838	0.353838	0.353838	0.353838	0.353838	0.353838	0.353838	0.353838	0.353838	0.353838	0.353838	0.353838	0.353838	0.353838	0.353838	0.353838	0.353838	0.353838	0.353838	0.353838	0.353838	0.353838	0.353838	0.353838	0.353838	0.353838	0.353838	0.353838	0.353838	0.353838
0.353838	0.353838	0.353838	0.353838	0.353838	0.353838	0.353838	0.353838	0.353838	0.353838	0.353838	0.353838	0.353838	0.353838	0.353838	0.353838	0.353838	0.353838	0.353838	0.353838	0.353838	0.353838	0.353838	0.353838	0.353838	0.353838	0.353838	0.353838	0.353838	0.353838	0.353838	0.353838	0.353838	0.353838	0.353838	0.353838	0.353838	0.353838	0.353838	0.353838	0.353838	0.353838	0.353838	0.353838	0.353838	0.353838	0.353838	0.353838	0.353838	0.353838	0.353838	0.353838	0.353838	0.353838	0.353838	0.353838	0.353838	0.353838	0.353838	0.353838	0.353838	0.353838	0.353838	0.353838
0.353838	0.353838	0.353838	0.353838	0.353838	0.353838	0.353838	0.353838	0.353838	0.353838	0.353838	0.353838	0.353838	0.353838	0.353838	0.353838	0.353838	0.353838	0.353838	0.353838	0.353838	0.353838	0.353838	0.353838	0.353838	0.353838	0.353838	0.353838	0.353838	0.353838	0.353838	0.353838	0.353838	0.353838	0.353838	0.353838	0.353838	0.353838	0.353838	0.353838	0.353838	0.353838	0.353838	0.353838	0.353838	0.353838	0.353838	0.353838	0.353838	0.353838	0.353838	0.353838	0.353838	0.353838	0.353838	0.353838	0.353838	0.353838	0.353838	0.353838	0.353838	0.353838	0.353838	0.353838
0.353838	0.353838	0.353838	0.353838	0.353838	0.353838	0.353838	0.353838	0.353838	0.353838	0.353838	0.353838	0.353838	0.353838	0.353838	0.353838	0.353838	0.353838	0.353838	0.353838	0.353838	0.353838	0.353838	0.353838	0.353838	0.353838	0.353838	0.353838	0.353838	0.353838	0.353838	0.353838	0.353838	0.353838	0.353838	0.353838	0.353838	0.353838	0.353838	0.353838	0.353838	0.353838	0.353838	0.353838	0.353838	0.353838	0.353838	0.353838	0.353838	0.353838	0.353838	0.353838	0.353838	0.353838	0.353838	0.353838	0.353838	0.353838	0.353838	0.353838	0.353838	0.353838	0.353838	0.353838
0.353838	0.353838	0.353838	0.353838	0.353838	0.353838	0.353838	0.353838	0.353838	0.353838	0.353838	0.353838	0.353838	0.353838	0.353838	0.353838	0.353838	0.353838	0.353838	0.353838	0.353838	0.353838	0.353838	0.353838	0.353838	0.353838	0.353838	0.353838	0.353838	0.353838	0.353838	0.353838	0.353838	0.353838	0.353838	0.353838	0.353838	0.353838	0.353838	0.353838	0.353838	0.353838	0.353838	0.353838	0.353838	0.353838	0.353838	0.353838	0.353838	0.353838	0.353838	0.353838	0.353838	0.353838	0.353838	0.353838	0.353838	0.353838	0.353838	0.353838	0.353838	0.353838	0.353838	0.353838
0.353838	0.353838	0.353838	0.353838	0.353838	0.353838	0.353838	0.353838	0.353838	0.353838	0.353838	0.353838	0.353838	0.353838	0.353838	0.353838	0.353838	0.353838	0.353838	0.353838	0.353838	0.353838	0.353838	0.353838	0.353838	0.353838	0.353838	0.353838	0.353838	0.353838	0.353838	0.353838	0.353838	0.353838	0.353838	0.353838	0.353838	0.353838	0.353838	0.353838	0.353838	0.353838	0.353838	0.353838	0.353838	0.353838	0.353838	0.353838	0.353838	0.353838	0.353838	0.353838	0.353838	0.353838	0.353838	0.353838	0.353838	0.353838	0.353838	0.353838	0.353838	0.353838	0.353838	0.353838
0.353838	0.353838	0.353838	0.353838	0.353838	0.353838	0.353838	0.353838	0.353838	0.353838	0.353838	0.353838	0.353838	0.353838	0.353838	0.353838	0.353838	0.353838	0.353838	0.353838	0.353838	0.353838	0.353838	0.353838	0.353838	0.353838	0.353838	0.353838	0.353838	0.353838	0.353838	0.353838	0.353838	0.353838	0.353838	0.353838	0.353838	0.353838	0.353838	0.353838	0.353838	0.353838	0.353838	0.353838	0.353838	0.353838	0.353838	0.353838	0.353838	0.353838	0.353838	0.353838	0.353838	0.353838	0.353838	0.353838	0.353838	0.353838	0.353838	0.353838	0.353838	0.353838	0.353838	0.353838
0.131815	0.131815	0.131815	0.131815	0.131815	0.131815	0.131815	0.131815	0.131815	0.131815	0.131815	0.131815	0.131815	0.131815	0.131815	0.131815	0.131815	0.131815	0.131815	0.131815	0.131815	0.131815	0.131815	0.131815	0.131815	0.131815	0.131815	0.131815	0.131815	0.131815	0.131815	0.131815	0.131815	0.131815	0.131815	0.131815	0.131815	0.131815	0.131815	0.131815	0.131815	0.131815	0.131815	0.131815	0.131815	0.131815	0.131815	0.131815	0.131815	0.131815	0.131815	0.131815	0.131815	0.131815	0.131815	0.131815	0.131815	0.131815	0.131815	0.131815	0.131815	0.131815	0.131815	0.131815
0	0	0	0	0	0	0	0	0	0	0	0	0	0	0	0	0	0	0	0	0	0	0	0	0	0	0	0	0	0	0	0	0	0	0	0	0	0	0	0	0	0	0	0	0	0	0	0	0	0	0	0	0	0	0	0	0	0	0	0	0	0	0	0
0	0	0	0	0	0	0	0	0	0	0	0	0	0	0	0	0	0	0	0	0	0	0	0	0	0	0	0	0	0	0	0	0	0	0	0	0	0	0	0	0	0	0	0	0	0	0	0	0	0	0	0	0	0	0	0	0	0	0	0	0	0	0	0
0	0	0	0	0	0	0	0	0	0	0	0	0	0	0	0	0	0	0	0	0	0	0	0	0	0	0	0	0	0	0	0	0	0	0	0	0	0	0	0	0	0	0	0	0	0	0	0	0	0	0	0	0	0	0	0	0	0	0	0	0	0	0	0
0	0	0	0	0	0	0	0	0	0	0	0	0	0	0	0	0	0	0	0	0	0	0	0	0	0	0	0	0	0	0	0	0	0	0	0	0	0	0	0	0	0	0	0	0	0	0	0	0	0	0	0	0	0	0	0	0	0	0	0	0	0	0	0
0	0	0	0	0	0	0	0	0	0	0	0	0	0	0	0	0	0	0	0	0	0	0	0	0	0	0	0	0	0	0	0	0	0	0	0	0	0	0	0	0	0	0	0	0	0	0	0	0	0	0	0	0	0	0	0	0	0	0	0	0	0	0	0
0	0	0	0	0	0	0	0	0	0	0	0	0	0	0	0	0	0	0	0	0	0	0	0	0	0	0	0	0	0	0	0	0	0	0	0	0	0	0	0	0	0	0	0	0	0	0	0	0	0	0	0	0	0	0	0	0	0	0	0	0	0	0	0
0	0	0	0	0	0	0	0	0	0	0	0	0	0	0	0	0	0	0	0	0	0	0	0	0	0	0	0	0	0	0	0	0	0	0	0	0	0	0	0	0	0	0	0	0	0	0	0	0	0	0	0	0	0	0	0	0	0	0	0	0	0	0	0
0	0	0	0	0	0	0	0	0	0	0	0	0	0	0	0	0	0	0	0	0	0	0	0	0	0	0	0	0	0	0	0	0	0	0	0	0	0	0	0	0	0	0	0	0	0	0	0	0	0	0	0	0	0	0	0	0	0	0	0	0	0	0	0
0	0	0	0	0	0	0	0	0	0	0	0	0	0	0	0	0	0	0	0	0	0	0	0	0	0	0	0	0	0	0	0	0	0	0	0	0	0	0	0	0	0	0	0	0	0	0	0	0	0	0	0	0	0	0	0	0	0	0	0	0	0	0	0
0	0	0	0	0	0	0	0	0	0	0	0	0	0	0	0	0	0	0	0	0	0	0	0	0	0	0	0	0	0	0	0	0	0	0	0	0	0	0	0	0	0	0	0	0	0	0	0	0	0	0	0	0	0	0	0	0	0	0	0	0	0	0	0
0	0	0	0	0	0	0	0	0	0	0	0	0	0	0	0	0	0	0	0	0	0	0	0	0	0	0	0	0	0	0	0	0	0	0	0	0	0	0	0	0	0	0	0	0	0	0	0	0	0	0	0	0	0	0	0	0	0	0	0	0	0	0	0
0	0	0	0	0	0	0	0	0	0	0	0	0	0	0	0	0	0	0	0	0	0	0	0	0	0	0	0	0	0	0	0	0	0	0	0	0	0	0	0	0	0	0	0	0	0	0	0	0	0	0	0	0	0	0	0	0	0	0	0	0	0	0	0
