1	1	1	1	1	1	1	1	1	1	1	1	1	1	1	1	1	1	1	1	1	1	1	1	1	1	1	1	1	1	1	1	1	1	1	1	1	1	1	1	1	1	1	1	1	1	1	1	1	1	1	1	1	1	1	1	1	1	1	1	1	1	1	1
1	1	1	1	1	1	1	1	1	1	1	1	1	1	1	1	1	1	1	1	1	1	1	1	1	1	1	1	1	1	1	1	1	1	1	1	1	1	1	1	1	1	1	1	1	1	1	1	1	1	1	1	1	1	1	1	1	1	1	1	1	1	1	1
1	1	1	1	1	1	1	1	1	1	1	1	1	1	1	1	1	1	1	1	1	1	1	1	1	1	1	1	1	1	1	1	1	1	1	1	1	1	1	1	1	1	1	1.11652	1.00283	1	1	1	1	1	1	1	1	1	1	1	1	1	1	1	1	1	1	1
1	1	1	1	1	1	1	1	1	1	1	1	1	1	1	1	1	1	1	1	1	1	1	1	1	1	1	1	1	1	1	1	1	1	1	1	1	1	1	1	1.10636	2.00739	2.75364	3.05451	1.71603	1	1	1	1	1	1	1	1	1	1	1	1	1	1	1	1	1	1	1
1	1	1	1	1	1	1	1	1	1	1	1	1	1	1	1	1	1	1	1	1	1	1	1	1	1	1	1	1	1	1	1	1	1	1	1	1	1	1.37577	2.30075	2.93465	3.05451	3.05451	3.05451	2.54817	1	1	1	1	1	1	1	1	1	1	1	1	1	1	1	1	1	1	1
1	1	1	1	1	1	1	1	1	1	1	1	1	1	1	1	1	1	1	1	1	1	1	1	1	1	1	1	1	1	1	1	1	1	1	1.00483	1.7346	2.56078	3.03164	3.05451	3.05451	3.05451	3.05451	3.05451	3.0286	1.35944	1	1	1	1	1	1	1	1	1	1	1	1	1	1	1	1	1	1
1	1	1	1	1	1	1	1	1	1	1	1	1	1	1	1	1	1	1	1	1	1	1	1	1	1	1	1	1	1	1	1	1	1.14724	2.06624	2.79504	3.05451	3.05451	3.05451	3.05451	3.05451	3.05451	3.05451	3.05451	3.05451	1.61428	1	1	1	1	1	1	1	1	1	1	1	1	1	1	1	1	1	1
1	1	1	1	1	1	1	1	1	1	1	1	1	1	1	1	1	1	1	1	1	1	1	1	1	1	1	1	1	1	1	1.43912	2.35213	2.9591	3.05451	3.05451	3.05451	3.05451	3.05451	3.05451	3.05451	3.05451	3.05451	3.05451	3.05451	3.05169	1.20076	1	1	1	1	1	1	1	1	1	1	1	1	1	1	1	1	1
1	1	1	1	1	1	1	1	1	1	1	1	1	1	1	1	1	1	1	1	1	1	1	1	1	1	1	1	1.01715	1.80221	2.60726	3.0414	3.05451	3.05451	3.05451	3.05451	3.05451	3.05451	3.05451	3.05451	3.05451	3.05451	3.05451	3.05451	3.05451	3.05451	1.77566	1	1	1	1	1	1	1	1	1	1	1	1	1	1	1	1	1
1	1	1	1	1	1	1	1	1	1	1	1	1	1	1	1	1	1	1	1	1	1	1	1	1	1	1.19344	2.12348	2.83313	3.05451	3.05451	3.05451	3.05451	3.05451	3.05451	3.05451	3.05451	3.05451	3.05451	3.05451	3.05451	3.05451	3.05451	3.05451	3.05451	3.05451	3.04982	1	1	1	1	1	1	1	1	1	1	1	1	1	1	1	1	1
1	1	1	1	1	1	1	1	1	1	1	1	1	1	1	1	1	1	1	1	1	1	1	1	1.50555	2.40284	2.98077	3.05451	3.05451	3.05451	3.05451	3.05451	3.05451	3.05451	3.05451	3.05451	3.05451	3.05451	3.05451	3.05451	3.05451	3.05451	3.05451	3.05451	3.05451	3.05451	3.0545	1.28455	1	1	1	1	1	1	1	1	1	1	1	1	1	1	1	1
1	1	1	1	1	1	1	1	1	1	1	1	1	1	1	1	1	1	1	1	1	1.03668	1.86742	2.65294	3.04842	3.05451	3.05451	3.05451	3.05451	3.05451	3.05451	3.05451	3.05451	3.05451	3.05451	3.05451	3.05451	3.05451	3.05451	3.05451	3.05451	3.05451	3.05451	3.05451	3.05451	3.05451	3.05451	3.0489	1	1	1	1	1	1	1	1	1	1	1	1	1	1	1	1
1	1	1	1	1	1	1	1	1	1	1	1	1	1	1	1	1	1	1	1.24472	2.17924	2.86768	3.05451	3.05451	3.05451	3.05451	3.05451	3.05451	3.05451	3.05451	3.05451	3.05451	3.05451	3.05451	3.05451	3.05451	3.05451	3.05451	3.05451	3.05451	3.05451	3.05451	3.05451	3.05451	3.05451	3.05451	3.05451	3.05169	1.23847	1	1	1	1	1	1	1	1	1	1	1	1	1	1	1
1	1	1	1	1	1	1	1	1	1	1	1	1	1	1	1	1	1.57403	2.4521	2.99949	3.05451	3.05451	3.05451	3.05451	3.05451	3.05451	3.05451	3.05451	3.05451	3.05451	3.05451	3.05451	3.05451	3.05451	3.05451	3.05451	3.05451	3.05451	3.05451	3.05451	3.05451	3.05451	3.05451	3.05451	3.05451	3.05451	3.05451	3.05451	2.29732	1	1	1	1	1	1	1	1	1	1	1	1	1	1	1
1	1	1	1	1	1	1	1	1	1	1	1	1	1	1.06322	1.93022	2.69785	3.05278	3.05451	3.05451	3.05451	3.05451	3.05451	3.05451	3.05451	3.05451	3.05451	3.05451	3.05451	3.05451	3.05451	3.05451	3.05451	3.05451	3.05451	3.05451	3.05451	3.05451	3.05451	3.05451	3.05451	3.05451	3.05451	3.05451	3.05451	3.05451	3.05451	3.05451	3.05169	1.19259	1	1	1	1	1	1	1	1	1	1	1	1	1	1
1	1	1	1	1	1	1	1	1	1	1	1	1.30011	2.23362	2.89922	3.05451	3.05451	3.05451	3.05451	3.05451	3.05451	3.05451	3.05451	3.05451	3.05451	3.05451	3.05451	3.05451	3.05451	3.05451	3.05451	3.05451	3.05451	3.05451	3.05451	3.05451	3.05451	3.05451	3.05451	3.05451	3.05451	3.05451	3.05451	3.05451	3.05451	3.05451	3.05451	3.05451	3.05451	1.70861	1	1	1	1	1	1	1	1	1	1	1	1	1	1
1	1	1	1	1	1	1	1	1	1	1.64508	2.5008	3.01547	3.05451	3.05451	3.05451	3.05451	3.05451	3.05451	3.05451	3.05451	3.05451	3.05451	3.05451	3.05451	3.05451	3.05451	3.05451	3.05451	3.05451	3.05451	3.05451	3.05451	3.05451	3.05451	3.05451	3.05451	3.05451	3.05451	3.05451	3.05451	3.05451	3.05451	3.05451	3.05451	3.05451	3.05451	3.05451	3.05451	3.04948	1	1	1	1	1	1	1	1	1	1	1	1	1	1
1	1	1	1	1	1	1	1.09649	1.99157	2.74202	3.05451	3.05451	3.05451	3.05451	3.05451	3.05451	3.05451	3.05451	3.05451	3.05451	3.05451	3.05451	3.05451	3.05451	3.05451	3.05451	3.05451	3.05451	3.05451	3.05451	3.05451	3.05451	3.05451	3.05451	3.05451	3.05451	3.05451	3.05451	3.05451	3.05451	3.05451	3.05451	3.05451	3.05451	3.05451	3.05451	3.05451	3.05451	3.05451	3.05298	1.27647	1	1	1	1	1	1	1	1	1	1	1	1	1
1	1	1	1	1	1.35944	2.28672	2.92752	3.05451	3.05451	3.05451	3.05451	3.05451	3.05451	3.05451	3.05451	3.05451	3.05451	3.05451	3.05451	3.05451	3.05451	3.05451	3.05451	3.05451	3.05451	3.05451	3.05451	3.05451	3.05451	3.05451	3.05451	3.05451	3.05451	3.05451	3.05451	3.05451	3.05451	3.05451	3.05451	3.05451	3.05451	3.05451	3.05451	3.05451	3.05451	3.05451	3.05451	3.05451	3.05451	3.04889	1	1	1	1	1	1	1	1	1	1	1	1	1
1	1	1.00283	1.71603	2.54817	3.0286	3.05451	3.05451	3.05451	3.05451	3.05451	3.05451	3.05451	3.05451	3.05451	3.05451	3.05451	3.05451	3.05451	3.05451	3.05451	3.05451	3.05451	3.05451	3.05451	3.05451	3.05451	3.05451	3.05451	3.05451	3.05451	3.05451	3.05451	3.05451	3.05451	3.05451	3.05451	3.05451	3.05451	3.05451	3.05451	3.05451	3.05451	3.05451	3.05451	3.05451	3.05451	3.05451	3.05451	3.05451	3.05168	1.22936	1	1	1	1	1	1	1	1	1	1	1	1
1	1	1.11652	3.05451	3.05451	3.05451	3.05451	3.05451	3.05451	3.05451	3.05451	3.05451	3.05451	3.05451	3.05451	3.05451	3.05451	3.05451	3.05451	3.05451	3.05451	3.05451	3.05451	3.05451	3.05451	3.05451	3.05451	3.05451	3.05451	3.05451	3.05451	3.05451	3.05451	3.05451	3.05451	3.05451	3.05451	3.05451	3.05451	3.05451	3.05451	3.05451	3.05451	3.05451	3.05451	3.05451	3.05451	3.05451	3.05451	3.05451	3.05451	2.12052	1	1	1	1	1	1	1	1	1	1	1	1
1	1	1	2.75364	3.05451	3.05451	3.05451	3.05451	3.05451	3.05451	3.05451	3.05451	3.05451	3.05451	3.05451	3.05451	3.05451	3.05451	3.05451	3.05451	3.05451	3.05451	3.05451	3.05451	3.05451	3.05451	3.05451	3.05451	3.05451	3.05451	3.05451	3.05451	3.05451	3.05451	3.05451	3.05451	3.05451	3.05451	3.05451	3.05451	3.05451	3.05451	3.05451	3.05451	3.05451	3.05451	3.05451	3.05451	3.05451	3.05451	3.05451	3.05221	1.29838	1	1	1	1	1	1	1	1	1	1	1
1	1	1	2.00739	3.05451	3.05451	3.05451	3.05451	3.05451	3.05451	3.05451	3.05451	3.05451	3.05451	3.05451	3.05451	3.05451	3.05451	3.05451	3.05451	3.05451	3.05451	3.05451	3.05451	3.05451	3.05451	3.05451	3.05451	3.05451	3.05451	3.05451	3.05451	3.05451	3.05451	3.05451	3.05451	3.05451	3.05451	3.05451	3.05451	3.05451	3.05451	3.05451	3.05451	3.05451	3.05451	3.05451	3.05451	3.05451	3.05451	3.05451	3.05451	3.05202	1.34147	1	1	1	1	1	1	1	1	1	1
1	1	1	1.10636	2.93465	3.05451	3.05451	3.05451	3.05451	3.05451	3.05451	3.05451	3.05451	3.05451	3.05451	3.05451	3.05451	3.05451	3.05451	3.05451	3.05451	3.05451	3.05451	3.05451	3.05451	3.05451	3.05451	3.05451	3.05451	3.05451	3.05451	3.05451	3.05451	3.05451	3.05451	3.05451	3.05451	3.05451	3.05451	3.05451	3.05451	3.05451	3.05451	3.05451	3.05451	3.05451	3.05451	3.05451	3.05451	3.05451	3.05451	3.05451	3.05451	3.05193	1.33741	1	1	1	1	1	1	1	1	1
1	1	1	1	2.30075	3.05451	3.05451	3.05451	3.05451	3.05451	3.05451	3.05451	3.05451	3.05451	3.05451	3.05451	3.05451	3.05451	3.05451	3.05451	3.05451	3.05451	3.05451	3.05451	3.05451	3.05451	3.05451	3.05451	3.05451	3.05451	3.05451	3.05451	3.05451	3.05451	3.05451	3.05451	3.05451	3.05451	3.05451	3.05451	3.05451	3.05451	3.05451	3.05451	3.05451	3.05451	3.05451	3.05451	3.05451	3.05451	3.05451	3.05451	3.05451	3.05451	3.05207	1.28267	1	1	1	1	1	1	1	1
1	1	1	1	1.37577	3.03164	3.05451	3.05451	3.05451	3.05451	3.05451	3.05451	3.05451	3.05451	3.05451	3.05451	3.05451	3.05451	3.05451	3.05451	3.05451	3.05451	3.05451	3.05451	3.05451	3.05451	3.05451	3.05451	3.05451	3.05451	3.05451	3.05451	3.05451	3.05451	3.05451	3.05451	3.05451	3.05451	3.05451	3.05451	3.05451	3.05451	3.05451	3.05451	3.05451	3.05451	3.05451	3.05451	3.05451	3.05451	3.05451	3.05451	3.05451	3.05451	3.05451	3.05213	1.00285	1	1	1	1	1	1	1
1	1	1	1	1	2.56078	3.05451	3.05451	3.05451	3.05451	3.05451	3.05451	3.05451	3.05451	3.05451	3.05451	3.05451	3.05451	3.05451	3.05451	3.05451	3.05451	3.05451	3.05451	3.05451	3.05451	3.05451	3.05451	3.05451	3.05451	3.05451	3.05451	3.05451	3.05451	3.05451	3.05451	3.05451	3.05451	3.05451	3.05451	3.05451	3.05451	3.05451	3.05451	3.05451	3.05451	3.05451	3.05451	3.05451	3.05451	3.05451	3.05451	3.05451	3.05451	3.05451	3.05451	1.96087	1	1	1	1	1	1	1
1	1	1	1	1	1.7346	3.05451	3.05451	3.05451	3.05451	3.05451	3.05451	3.05451	3.05451	3.05451	3.05451	3.05451	3.05451	3.05451	3.05451	3.05451	3.05451	3.05451	3.05451	3.05451	3.05451	3.05451	3.05451	3.05451	3.05451	3.05451	3.05451	3.05451	3.05451	3.05451	3.05451	3.05451	3.05451	3.05451	3.05451	3.05451	3.05451	3.05451	3.05451	3.05451	3.05451	3.05451	3.05451	3.05451	3.05451	3.05451	3.05451	3.05451	3.05451	3.05451	3.05451	2.72237	1	1	1	1	1	1	1
1	1	1	1	1	1.00483	2.79504	3.05451	3.05451	3.05451	3.05451	3.05451	3.05451	3.05451	3.05451	3.05451	3.05451	3.05451	3.05451	3.05451	3.05451	3.05451	3.05451	3.05451	3.05451	3.05451	3.05451	3.05451	3.05451	3.05451	3.05451	3.05451	3.05451	3.05451	3.05451	3.05451	3.05451	3.05451	3.05451	3.05451	3.05451	3.05451	3.05451	3.05451	3.05451	3.05451	3.05451	3.05451	3.05451	3.05451	3.05451	3.05451	3.05451	3.05451	3.05451	3.05451	3.05092	1.36421	1	1	1	1	1	1
1	1	1	1	1	1	2.06624	3.05451	3.05451	3.05451	3.05451	3.05451	3.05451	3.05451	3.05451	3.05451	3.05451	3.05451	3.05451	3.05451	3.05451	3.05451	3.05451	3.05451	3.05451	3.05451	3.05451	3.05451	3.05451	3.05451	3.05451	3.05451	3.05451	3.05451	3.05451	3.05451	3.05451	3.05451	3.05451	3.05451	3.05451	3.05451	3.05451	3.05451	3.05451	3.05451	3.05451	3.05451	3.05451	3.05451	3.05451	3.05451	3.05451	3.05451	3.05451	3.05451	3.05451	1.95723	1	1	1	1	1	1
1	1	1	1	1	1	1.14724	2.9591	3.05451	3.05451	3.05451	3.05451	3.05451	3.05451	3.05451	3.05451	3.05451	3.05451	3.05451	3.05451	3.05451	3.05451	3.05451	3.05451	3.05451	3.05451	3.05451	3.05451	3.05451	3.05451	3.05451	3.05451	3.05451	3.05451	3.05451	3.05451	3.05451	3.05451	3.05451	3.05451	3.05451	3.05451	3.05451	3.05451	3.05451	3.05451	3.05451	3.05451	3.05451	3.05451	3.05451	3.05451	3.05451	3.05451	3.05451	3.05451	3.05451	2.27103	1	1	1	1	1	1
1	1	1	1	1	1	1	2.35213	3.05451	3.05451	3.05451	3.05451	3.05451	3.05451	3.05451	3.05451	3.05451	3.05451	3.05451	3.05451	3.05451	3.05451	3.05451	3.05451	3.05451	3.05451	3.05451	3.05451	3.05451	3.05451	3.05451	3.05451	3.05451	3.05451	3.05451	3.05451	3.05451	3.05451	3.05451	3.05451	3.05451	3.05451	3.05451	3.05451	3.05451	3.05451	3.05451	3.05451	3.05451	3.05451	3.05451	3.05451	3.05451	3.05451	3.05451	3.05451	3.05451	2.3774	1	1	1	1	1	1
1	1	1	1	1	1	1	1.43912	3.0414	3.05451	3.05451	3.05451	3.05451	3.05451	3.05451	3.05451	3.05451	3.05451	3.05451	3.05451	3.05451	3.05451	3.05451	3.05451	3.05451	3.05451	3.05451	3.05451	3.05451	3.05451	3.05451	3.05451	3.05451	3.05451	3.05451	3.05451	3.05451	3.05451	3.05451	3.05451	3.05451	3.05451	3.05451	3.05451	3.05451	3.05451	3.05451	3.05451	3.05451	3.05451	3.05451	3.05451	3.05451	3.05451	3.05451	3.05451	3.05451	2.44521	1	1	1	1	1	1
1	1	1	1	1	1	1	1	2.60726	3.05451	3.05451	3.05451	3.05451	3.05451	3.05451	3.05451	3.05451	3.05451	3.05451	3.05451	3.05451	3.05451	3.05451	3.05451	3.05451	3.05451	3.05451	3.05451	3.05451	3.05451	3.05451	3.05451	3.05451	3.05451	3.05451	3.05451	3.05451	3.05451	3.05451	3.05451	3.05451	3.05451	3.05451	3.05451	3.05451	3.05451	3.05451	3.05451	3.05451	3.05451	3.05451	3.05451	3.05451	3.05451	3.05451	3.05451	3.05451	2.27103	1	1	1	1	1	1
1	1	1	1	1	1	1	1	1.80221	3.05451	3.05451	3.05451	3.05451	3.05451	3.05451	3.05451	3.05451	3.05451	3.05451	3.05451	3.05451	3.05451	3.05451	3.05451	3.05451	3.05451	3.05451	3.05451	3.05451	3.05451	3.05451	3.05451	3.05451	3.05451	3.05451	3.05451	3.05451	3.05451	3.05451	3.05451	3.05451	3.05451	3.05451	3.05451	3.05451	3.05451	3.05451	3.05451	3.05451	3.05451	3.05451	3.05451	3.05451	3.05451	3.05451	3.05451	3.05451	2.31381	1	1	1	1	1	1
1	1	1	1	1	1	1	1	1.01715	2.83313	3.05451	3.05451	3.05451	3.05451	3.05451	3.05451	3.05451	3.05451	3.05451	3.05451	3.05451	3.05451	3.05451	3.05451	3.05451	3.05451	3.05451	3.05451	3.05451	3.05451	3.05451	3.05451	3.05451	3.05451	3.05451	3.05451	3.05451	3.05451	3.05451	3.05451	3.05451	3.05451	3.05451	3.05451	3.05451	3.05451	3.05451	3.05451	3.05451	3.05451	3.05451	3.05451	3.05451	3.05451	3.05451	3.05451	3.05451	2.79504	1.00483	1	1	1	1	1
1	1	1	1	1	1	1	1	1	2.12348	3.05451	3.05451	3.05451	3.05451	3.05451	3.05451	3.05451	3.05451	3.05451	3.05451	3.05451	3.05451	3.05451	3.05451	3.05451	3.05451	3.05451	3.05451	3.05451	3.05451	3.05451	3.05451	3.05451	3.05451	3.05451	3.05451	3.05451	3.05451	3.05451	3.05451	3.05451	3.05451	3.05451	3.05451	3.05451	3.05451	3.05451	3.05451	3.05451	3.05451	3.05451	3.05451	3.05451	3.05451	3.05451	3.05451	3.05451	3.05451	1.7346	1	1	1	1	1
1	1	1	1	1	1	1	1	1	1.19344	2.98077	3.05451	3.05451	3.05451	3.05451	3.05451	3.05451	3.05451	3.05451	3.05451	3.05451	3.05451	3.05451	3.05451	3.05451	3.05451	3.05451	3.05451	3.05451	3.05451	3.05451	3.05451	3.05451	3.05451	3.05451	3.05451	3.05451	3.05451	3.05451	3.05451	3.05451	3.05451	3.05451	3.05451	3.05451	3.05451	3.05451	3.05451	3.05451	3.05451	3.05451	3.05451	3.05451	3.05451	3.05451	3.05451	3.05451	3.05451	2.56078	1	1	1	1	1
1	1	1	1	1	1	1	1	1	1	2.40284	3.05451	3.05451	3.05451	3.05451	3.05451	3.05451	3.05451	3.05451	3.05451	3.05451	3.05451	3.05451	3.05451	3.05451	3.05451	3.05451	3.05451	3.05451	3.05451	3.05451	3.05451	3.05451	3.05451	3.05451	3.05451	3.05451	3.05451	3.05451	3.05451	3.05451	3.05451	3.05451	3.05451	3.05451	3.05451	3.05451	3.05451	3.05451	3.05451	3.05451	3.05451	3.05451	3.05451	3.05451	3.05451	3.05451	3.05451	3.03164	1.37577	1	1	1	1
1	1	1	1	1	1	1	1	1	1	1.50555	3.04842	3.05451	3.05451	3.05451	3.05451	3.05451	3.05451	3.05451	3.05451	3.05451	3.05451	3.05451	3.05451	3.05451	3.05451	3.05451	3.05451	3.05451	3.05451	3.05451	3.05451	3.05451	3.05451	3.05451	3.05451	3.05451	3.05451	3.05451	3.05451	3.05451	3.05451	3.05451	3.05451	3.05451	3.05451	3.05451	3.05451	3.05451	3.05451	3.05451	3.05451	3.05451	3.05451	3.05451	3.05451	3.05451	3.05451	3.05451	2.30075	1	1	1	1
1	1	1	1	1	1	1	1	1	1	1	2.65294	3.05451	3.05451	3.05451	3.05451	3.05451	3.05451	3.05451	3.05451	3.05451	3.05451	3.05451	3.05451	3.05451	3.05451	3.05451	3.05451	3.05451	3.05451	3.05451	3.05451	3.05451	3.05451	3.05451	3.05451	3.05451	3.05451	3.05451	3.05451	3.05451	3.05451	3.05451	3.05451	3.05451	3.05451	3.05451	3.05451	3.05451	3.05451	3.05451	3.05451	3.05451	3.05451	3.05451	3.05451	3.05451	3.05451	3.05451	2.93465	1.10636	1	1	1
1	1	1	1	1	1	1	1	1	1	1	1.86742	3.05451	3.05451	3.05451	3.05451	3.05451	3.05451	3.05451	3.05451	3.05451	3.05451	3.05451	3.05451	3.05451	3.05451	3.05451	3.05451	3.05451	3.05451	3.05451	3.05451	3.05451	3.05451	3.05451	3.05451	3.05451	3.05451	3.05451	3.05451	3.05451	3.05451	3.05451	3.05451	3.05451	3.05451	3.05451	3.05451	3.05451	3.05451	3.05451	3.05451	3.05451	3.05451	3.05451	3.05451	3.05451	3.05451	3.05451	3.05451	2.00739	1	1	1
1	1	1	1	1	1	1	1	1	1	1	1.03668	2.86768	3.05451	3.05451	3.05451	3.05451	3.05451	3.05451	3.05451	3.05451	3.05451	3.05451	3.05451	3.05451	3.05451	3.05451	3.05451	3.05451	3.05451	3.05451	3.05451	3.05451	3.05451	3.05451	3.05451	3.05451	3.05451	3.05451	3.05451	3.05451	3.05451	3.05451	3.05451	3.05451	3.05451	3.05451	3.05451	3.05451	3.05451	3.05451	3.05451	3.05451	3.05451	3.05451	3.05451	3.05451	3.05451	3.05451	3.05451	2.75364	1	1	1
1	1	1	1	1	1	1	1	1	1	1	1	2.17924	3.05451	3.05451	3.05451	3.05451	3.05451	3.05451	3.05451	3.05451	3.05451	3.05451	3.05451	3.05451	3.05451	3.05451	3.05451	3.05451	3.05451	3.05451	3.05451	3.05451	3.05451	3.05451	3.05451	3.05451	3.05451	3.05451	3.05451	3.05451	3.05451	3.05451	3.05451	3.05451	3.05451	3.05451	3.05451	3.05451	3.05451	3.05451	3.05451	3.05451	3.05451	3.05451	3.05451	3.05451	3.05451	3.05451	3.05451	3.05451	1.11652	1	1
1	1	1	1	1	1	1	1	1	1	1	1	1.24472	2.99949	3.05451	3.05451	3.05451	3.05451	3.05451	3.05451	3.05451	3.05451	3.05451	3.05451	3.05451	3.05451	3.05451	3.05451	3.05451	3.05451	3.05451	3.05451	3.05451	3.05451	3.05451	3.05451	3.05451	3.05451	3.05451	3.05451	3.05451	3.05451	3.05451	3.05451	3.05451	3.05451	3.05451	3.05451	3.05451	3.05451	3.05451	3.05451	3.05451	3.05451	3.05451	3.05451	3.05451	3.05451	3.0286	2.54817	1.71603	1.00283	1	1
1	1	1	1	1	1	1	1	1	1	1	1	1	2.4521	3.05451	3.05451	3.05451	3.05451	3.05451	3.05451	3.05451	3.05451	3.05451	3.05451	3.05451	3.05451	3.05451	3.05451	3.05451	3.05451	3.05451	3.05451	3.05451	3.05451	3.05451	3.05451	3.05451	3.05451	3.05451	3.05451	3.05451	3.05451	3.05451	3.05451	3.05451	3.05451	3.05451	3.05451	3.05451	3.05451	3.05451	3.05451	3.05451	3.05451	3.05451	3.05451	2.92752	2.28672	1.35944	1	1	1	1	1
1	1	1	1	1	1	1	1	1	1	1	1	1	1.57403	3.05278	3.05451	3.05451	3.05451	3.05451	3.05451	3.05451	3.05451	3.05451	3.05451	3.05451	3.05451	3.05451	3.05451	3.05451	3.05451	3.05451	3.05451	3.05451	3.05451	3.05451	3.05451	3.05451	3.05451	3.05451	3.05451	3.05451	3.05451	3.05451	3.05451	3.05451	3.05451	3.05451	3.05451	3.05451	3.05451	3.05451	3.05451	3.05451	3.05451	2.74202	1.99157	1.09649	1	1	1	1	1	1	1
1	1	1	1	1	1	1	1	1	1	1	1	1	1	2.69785	3.05451	3.05451	3.05451	3.05451	3.05451	3.05451	3.05451	3.05451	3.05451	3.05451	3.05451	3.05451	3.05451	3.05451	3.05451	3.05451	3.05451	3.05451	3.05451	3.05451	3.05451	3.05451	3.05451	3.05451	3.05451	3.05451	3.05451	3.05451	3.05451	3.05451	3.05451	3.05451	3.05451	3.05451	3.05451	3.05451	3.01547	2.5008	1.64508	1	1	1	1	1	1	1	1	1	1
1	1	1	1	1	1	1	1	1	1	1	1	1	1	1.93022	3.05451	3.05451	3.05451	3.05451	3.05451	3.05451	3.05451	3.05451	3.05451	3.05451	3.05451	3.05451	3.05451	3.05451	3.05451	3.05451	3.05451	3.05451	3.05451	3.05451	3.05451	3.05451	3.05451	3.05451	3.05451	3.05451	3.05451	3.05451	3.05451	3.05451	3.05451	3.05451	3.05451	3.05451	2.89922	2.23362	1.30011	1	1	1	1	1	1	1	1	1	1	1	1
1	1	1	1	1	1	1	1	1	1	1	1	1	1	1.06322	2.89922	3.05451	3.05451	3.05451	3.05451	3.05451	3.05451	3.05451	3.05451	3.05451	3.05451	3.05451	3.05451	3.05451	3.05451	3.05451	3.05451	3.05451	3.05451	3.05451	3.05451	3.05451	3.05451	3.05451	3.05451	3.05451	3.05451	3.05451	3.05451	3.05451	3.05451	3.05278	2.69785	1.93022	1.06322	1	1	1	1	1	1	1	1	1	1	1	1	1	1
1	1	1	1	1	1	1	1	1	1	1	1	1	1	1	2.23362	3.05451	3.05451	3.05451	3.05451	3.05451	3.05451	3.05451	3.05451	3.05451	3.05451	3.05451	3.05451	3.05451	3.05451	3.05451	3.05451	3.05451	3.05451	3.05451	3.05451	3.05451	3.05451	3.05451	3.05451	3.05451	3.05451	3.05451	3.05451	2.99949	2.4521	1.57403	1	1	1	1	1	1	1	1	1	1	1	1	1	1	1	1	1
1	1	1	1	1	1	1	1	1	1	1	1	1	1	1	1.30011	3.01547	3.05451	3.05451	3.05451	3.05451	3.05451	3.05451	3.05451	3.05451	3.05451	3.05451	3.05451	3.05451	3.05451	3.05451	3.05451	3.05451	3.05451	3.05451	3.05451	3.05451	3.05451	3.05451	3.05451	3.05451	3.05451	2.86768	2.17924	1.24472	1	1	1	1	1	1	1	1	1	1	1	1	1	1	1	1	1	1	1
1	1	1	1	1	1	1	1	1	1	1	1	1	1	1	1	2.5008	3.05451	3.05451	3.05451	3.05451	3.05451	3.05451	3.05451	3.05451	3.05451	3.05451	3.05451	3.05451	3.05451	3.05451	3.05451	3.05451	3.05451	3.05451	3.05451	3.05451	3.05451	3.05451	3.04842	2.65294	1.86742	1.03668	1	1	1	1	1	1	1	1	1	1	1	1	1	1	1	1	1	1	1	1	1
1	1	1	1	1	1	1	1	1	1	1	1	1	1	1	1	1.64508	3.05451	3.05451	3.05451	3.05451	3.05451	3.05451	3.05451	3.05451	3.05451	3.05451	3.05451	3.05451	3.05451	3.05451	3.05451	3.05451	3.05451	3.05451	3.05451	3.05451	2.98077	2.40284	1.50555	1	1	1	1	1	1	1	1	1	1	1	1	1	1	1	1	1	1	1	1	1	1	1	1
1	1	1	1	1	1	1	1	1	1	1	1	1	1	1	1	1	2.74202	3.05451	3.05451	3.05451	3.05451	3.05451	3.05451	3.05451	3.05451	3.05451	3.05451	3.05451	3.05451	3.05451	3.05451	3.05451	3.05451	3.05451	2.83313	2.12348	1.19344	1	1	1	1	1	1	1	1	1	1	1	1	1	1	1	1	1	1	1	1	1	1	1	1	1	1
1	1	1	1	1	1	1	1	1	1	1	1	1	1	1	1	1	1.99157	3.05451	3.05451	3.05451	3.05451	3.05451	3.05451	3.05451	3.05451	3.05451	3.05451	3.05451	3.05451	3.05451	3.05451	3.0414	2.60726	1.80221	1.01715	1	1	1	1	1	1	1	1	1	1	1	1	1	1	1	1	1	1	1	1	1	1	1	1	1	1	1	1
1	1	1	1	1	1	1	1	1	1	1	1	1	1	1	1	1	1.09649	2.92752	3.05451	3.05451	3.05451	3.05451	3.05451	3.05451	3.05451	3.05451	3.05451	3.05451	3.05451	2.9591	2.35213	1.43912	1	1	1	1	1	1	1	1	1	1	1	1	1	1	1	1	1	1	1	1	1	1	1	1	1	1	1	1	1	1	1
1	1	1	1	1	1	1	1	1	1	1	1	1	1	1	1	1	1	2.28672	3.05451	3.05451	3.05451	3.05451	3.05451	3.05451	3.05451	3.05451	3.05451	2.79504	2.06624	1.14724	1	1	1	1	1	1	1	1	1	1	1	1	1	1	1	1	1	1	1	1	1	1	1	1	1	1	1	1	1	1	1	1	1
1	1	1	1	1	1	1	1	1	1	1	1	1	1	1	1	1	1	1.35944	3.0286	3.05451	3.05451	3.05451	3.05451	3.05451	3.03164	2.56078	1.7346	1.00483	1	1	1	1	1	1	1	1	1	1	1	1	1	1	1	1	1	1	1	1	1	1	1	1	1	1	1	1	1	1	1	1	1	1	1
1	1	1	1	1	1	1	1	1	1	1	1	1	1	1	1	1	1	1	2.54817	3.05451	3.05451	3.05451	2.93465	2.30075	1.37577	1	1	1	1	1	1	1	1	1	1	1	1	1	1	1	1	1	1	1	1	1	1	1	1	1	1	1	1	1	1	1	1	1	1	1	1	1	1
1	1	1	1	1	1	1	1	1	1	1	1	1	1	1	1	1	1	1	1.71603	3.05451	2.75364	2.00739	1.10636	1	1	1	1	1	1	1	1	1	1	1	1	1	1	1	1	1	1	1	1	1	1	1	1	1	1	1	1	1	1	1	1	1	1	1	1	1	1	1	1
1	1	1	1	1	1	1	1	1	1	1	1	1	1	1	1	1	1	1	1.00283	1.11652	1	1	1	1	1	1	1	1	1	1	1	1	1	1	1	1	1	1	1	1	1	1	1	1	1	1	1	1	1	1	1	1	1	1	1	1	1	1	1	1	1	1	1
1	1	1	1	1	1	1	1	1	1	1	1	1	1	1	1	1	1	1	1	1	1	1	1	1	1	1	1	1	1	1	1	1	1	1	1	1	1	1	1	1	1	1	1	1	1	1	1	1	1	1	1	1	1	1	1	1	1	1	1	1	1	1	1
1	1	1	1	1	1	1	1	1	1	1	1	1	1	1	1	1	1	1	1	1	1	1	1	1	1	1	1	1	1	1	1	1	1	1	1	1	1	1	1	1	1	1	1	1	1	1	1	1	1	1	1	1	1	1	1	1	1	1	1	1	1	1	1
