1	1	1	1	1	1	1	1	1	1	1	1	1	1	1	1	1	1	1	1	1	1	1	1	1	1	1	1	1	1	1	1	1	1	1	1	1	1	1	1	1	1	1	1	1	1	1	1	1	1	1	1	1	1	1	1	1	1	1	1	1	1	1	1
1	1	1	1	1	1	1	1	1	1	1	1	1	1	1	1	1	1	1	1	1	1	1	1	1	1	1	1	1	1	1	1	1	1	1	1	1	1	1	1	1	1	1	1	1	1	1	1	1	1	1	1	1	1	1	1	1	1	1	1	1	1	1	1
1	1	1	1	1	1	1	1	1	1	1	1	1	1	1	1	1	1	1	1	1	1	1	1	1	1	1	1	1	1	1	1	1	1	1	1	1	1	1	1	1	1	1	1	1	1	1	1	1	1	1	1	1	1	1	1	1	1	1	1	1	1	1	1
1	1	1	1	1	1	1	1	1	1	1	1	1	1	1	1	1	1	1	1	1	1	1	1	1	1	1	1	1	1	1	1	1	1	1	1	1	1	1	1	1	1	1	1	1	1	1	1	1	1	1	1	1	1	1	1	1	1	1	1	1	1	1	1
1	1	1	1	1	1	1	1	1	1	1	1	1	1	1	1	1	1	1	1	1	1	1	1	1	1	1	1	1	1	1	1	1	1	1	1	1	1	1	1	1	1	1	1	1	1	1	1	1	1	1	1	1	1	1	1	1	1	1	1	1	1	1	1
1	1	1	1	1	1	1	1	1	1	1	1	1	1	1	1	1	1	1	1	1	1	1	1	1	1	1	1	1	1	1	1	1	1	1	1	1	1	1	1	1	1	1	1	1	1	1	1	1	1	1	1	1	1	1	1	1	1	1	1	1	1	1	1
1	1	1	1	1	1	1.11855	1.0178	1	1	1	1	1	1	1	1	1	1	1	1	1	1	1	1	1	1	1	1	1	1	1	1	1	1	1	1	1	1	1	1	1.00326	1.49438	2.0034	2.26775	2.35537	2.34859	2.18348	1.8389	1.22974	1	1	1	1	1	1	1	1.20956	1.23066	1	1	1	1	1	1
1	1	1	1	1	1	2.77327	2.84157	1.1203	1	1	1	1	1	1	1	1	1	1	1	1	1	1	1	1	1	1	1	1	1	1	1	1	1	1	1	1	1	1.15258	2.11283	2.77252	2.9856	2.9856	2.9856	2.9856	2.9856	2.9856	2.9856	2.96191	2.54708	1.71825	1	1	1	1.04477	2.04944	2.88246	2.08182	1	1	1	1	1	1
1	1	1	1	1	1	2.77327	3.486	3.04125	1.29357	1	1	1	1	1	1	1	1	1	1	1	1	1	1	1	1	1	1	1	1	1	1	1	1	1	1	1	1.83696	2.83977	2.9856	2.9856	2.9856	2.9856	2.9856	2.9856	2.9856	2.9856	2.9856	2.9856	2.9856	2.9856	2.54214	1.34313	1.75014	2.7454	3	3	1.73205	1	1	1	1	1	1
1	1	1	1	1	1	2.77327	3.486	3.486	3.19763	1.5135	1	1	1	1	1	1	1	1	1	1	1	1	1	1	1	1	1	1	1	1	1	1	1	1	1.01838	2.26434	2.98332	2.9856	2.9856	2.9856	2.9856	2.9856	2.9856	2.9856	2.9856	2.9856	2.9856	2.9856	2.9856	2.9856	2.9856	2.9767	3	3	3	3	1.29112	1	1	1	1	1	1
1	1	1	1	1	1	2.77327	3.486	3.486	3.486	3.31682	1.7627	1	1	1	1	1	1	1	1	1	1	1	1	1	1	1	1	1	1	1	1	1	1	1.0019	2.33851	2.9856	2.9856	2.9856	2.9856	2.9856	2.9856	2.9856	2.9856	2.9856	2.9856	2.9856	2.9856	2.9856	2.9856	2.9856	2.9856	2.9856	2.98572	2.99472	3	2.88679	1	1	1	1	1	1	1
1	1	1	1	1	1	2.77327	3.486	3.486	3.486	3.486	3.40275	2.03043	1	1	1	1	1	1	1	1	1	1	1	1	1	1	1	1	1	1	1	1	1	2.05108	2.9856	2.9856	2.9856	2.9856	2.9856	2.9856	2.9856	2.9856	2.9856	2.9856	2.9856	2.9856	2.9856	2.9856	2.9856	2.9856	2.9856	2.9856	2.9856	2.98587	2.9974	2.64575	1	1	1	1	1	1	1
1	1	1	1	1	1	2.77327	3.486	3.486	3.486	3.486	3.486	3.4579	2.31026	1	1	1	1	1	1	1	1	1	1	1	1	1	1	1	1	1	1	1	1.43258	2.93777	2.9856	2.9856	2.9856	2.9856	2.9856	2.9856	2.9856	2.9856	2.9856	2.9856	2.9856	2.9856	2.9856	2.9856	2.9856	2.9856	2.9856	2.9856	2.9856	2.9856	2.98742	2.38054	1	1	1	1	1	1	1
1	1	1	1	1	1	2.77327	3.486	3.486	3.486	3.486	3.486	3.486	3.48371	2.59159	1.0178	1	1	1	1	1	1	1	1	1	1	1	1	1	1	1	1	1	2.4737	2.9856	2.9856	2.9856	2.9856	2.9856	2.9856	2.9856	2.9856	2.9856	2.9856	2.9856	2.9856	2.9856	2.9856	2.9856	2.9856	2.9856	2.9856	2.9856	2.9856	2.9856	2.9856	1	1	1	1	1	1	1	1
1	1	1	1	1	1	2.77327	3.486	3.486	3.486	3.486	3.486	3.486	3.486	3.486	2.84157	1.1203	1	1	1	1	1	1	1	1	1	1	1	1	1	1	1	1.36831	2.96901	2.9856	2.9856	2.9856	2.9856	2.9856	2.9856	2.9856	2.9856	2.9856	2.9856	2.9856	2.9856	2.9856	2.9856	2.9856	2.9856	2.9856	2.9856	2.9856	2.9856	2.9856	2.9856	2.54708	1	1	1	1	1	1	1
1	1	1	1	1	1	2.77327	3.486	3.486	3.486	3.486	3.486	3.486	3.486	3.486	3.486	3.04125	1.29357	1	1	1	1	1	1	1	1	1	1	1	1	1	1	2.12082	2.9856	2.9856	2.9856	2.9856	2.9856	2.9856	2.9856	2.9856	2.9856	2.9856	2.9856	2.9856	2.9856	2.9856	2.9856	2.9856	2.9856	2.9856	2.9856	2.9856	2.9856	2.9856	2.9856	2.96191	1.22974	1	1	1	1	1	1
1	1	1	1	1	1	2.77327	3.486	3.486	3.486	3.486	3.486	3.486	3.486	3.486	3.486	3.486	3.19763	1.5135	1	1	1	1	1	1	1	1	1	1	1	1	1	2.5592	2.9856	2.9856	2.9856	2.9856	2.9856	2.9856	2.9856	2.9856	2.9856	2.9856	2.9856	2.9856	2.9856	2.9856	2.9856	2.9856	2.9856	2.9856	2.9856	2.9856	2.9856	2.9856	2.9856	2.9856	1.8389	1	1	1	1	1	1
1	1	1	1	1	1	2.77327	3.486	3.486	3.486	3.486	3.486	3.486	3.486	3.486	3.486	3.486	3.486	3.31682	1.7627	1	1	1	1	1	1	1	1	1	1	1	1	2.81711	2.9856	2.9856	2.9856	2.9856	2.9856	2.9856	2.9856	2.9856	2.9856	2.9856	2.9856	2.9856	2.9856	2.9856	2.9856	2.9856	2.9856	2.9856	2.9856	2.9856	2.9856	2.9856	2.9856	2.9856	2.18348	1	1	1	1	1	1
1	1	1	1	1	1	2.77327	3.486	3.486	3.486	3.486	3.486	3.486	3.486	3.486	3.486	3.486	3.486	3.486	3.40275	2.03043	1	1	1	1	1	1	1	1	1	1	1	2.94697	2.9856	2.9856	2.9856	2.9856	2.9856	2.9856	2.9856	2.9856	2.9856	2.9856	2.9856	2.9856	2.9856	2.9856	2.9856	2.9856	2.9856	2.9856	2.9856	2.9856	2.9856	2.9856	2.9856	2.9856	2.34859	1	1	1	1	1	1
1	1	1	1	1	1	2.77327	3.486	3.486	3.486	3.486	3.486	3.486	3.486	3.486	3.486	3.486	3.486	3.486	3.486	3.4579	2.31026	1	1	1	1	1	1	1	1	1	1	2.98349	2.9856	2.9856	2.9856	2.9856	2.9856	2.9856	2.9856	2.9856	2.9856	2.9856	2.9856	2.9856	2.9856	2.9856	2.9856	2.9856	2.9856	2.9856	2.9856	2.9856	2.9856	2.9856	2.9856	2.9856	2.39446	1	1	1	1	1	1
1	1	1	1	1	1	2.77327	3.486	3.486	3.486	3.486	3.486	3.486	3.486	3.486	3.486	3.486	3.486	3.486	3.486	3.486	3.48371	2.59159	1.0178	1	1	1	1	1	1	1	1	2.95221	2.9856	2.9856	2.9856	2.9856	2.9856	2.9856	2.9856	2.9856	2.9856	2.9856	2.9856	2.9856	2.9856	2.9856	2.9856	2.9856	2.9856	2.9856	2.9856	2.9856	2.9856	2.9856	2.9856	2.9856	2.26775	1	1	1	1	1	1
1	1	1	1	1	1	2.77327	3.486	3.486	3.486	3.486	3.486	3.486	3.486	3.486	3.486	3.486	3.486	3.486	3.486	3.486	3.486	3.486	2.84157	1.1203	1	1	1	1	1	1.45609	2.54664	2.9856	2.9856	2.9856	2.9856	2.9856	2.9856	2.9856	2.9856	2.9856	2.9856	2.9856	2.9856	2.9856	2.9856	2.9856	2.9856	2.9856	2.9856	2.9856	2.9856	2.9856	2.9856	2.9856	2.9856	2.9856	2.0034	1	1	1	1	1	1
1	1	1	1	1	1	2.77327	3.486	3.486	3.486	3.486	3.486	3.486	3.486	3.486	3.486	3.486	3.486	3.486	3.486	3.486	3.486	3.486	3.486	3.04125	1.29357	1	1	1.20956	2.31144	2.96551	3	2.98894	2.9856	2.9856	2.9856	2.9856	2.9856	2.9856	2.9856	2.9856	2.9856	2.9856	2.9856	2.9856	2.9856	2.9856	2.9856	2.9856	2.9856	2.9856	2.9856	2.9856	2.9856	2.9856	2.9856	2.9856	1.49438	1	1	1	1	1	1
1	1	1	1	1	1	2.77327	3.486	3.486	3.486	3.486	3.486	3.486	3.486	3.486	3.486	3.486	3.486	3.486	3.486	3.486	3.486	3.486	3.486	3.486	3.19763	1	2.04944	2.88246	3	3	3	2.99421	2.9856	2.9856	2.9856	2.9856	2.9856	2.9856	2.9856	2.9856	2.9856	2.9856	2.9856	2.9856	2.9856	2.9856	2.9856	2.9856	2.9856	2.9856	2.9856	2.9856	2.9856	2.9856	2.9856	2.77252	1.00326	1	1	1	1	1	1
1	1	1	1	1	1	2.77327	3.486	3.486	3.486	3.486	3.486	3.486	3.486	3.486	3.486	3.486	3.486	3.486	3.486	3.486	3.486	3.486	3.486	3.486	3.486	3.43903	3.09767	3	3	3	3	2.99986	2.98626	2.9856	2.9856	2.9856	2.9856	2.9856	2.9856	2.9856	2.9856	2.9856	2.9856	2.9856	2.9856	2.9856	2.9856	2.9856	2.9856	2.9856	2.9856	2.9856	2.9856	2.9856	2.9856	2.11283	1	1	1	1	1	1	1
1	1	1	1	1	1	2.77327	3.486	3.486	3.486	3.486	3.486	3.486	3.486	3.486	3.486	3.486	3.486	3.486	3.486	3.486	3.486	3.486	3.486	3.486	3.486	3.486	3.46267	3.14366	3	3	3	3	2.99257	2.9856	2.9856	2.9856	2.9856	2.9856	2.9856	2.9856	2.9856	2.9856	2.9856	2.9856	2.9856	2.9856	2.9856	2.9856	2.9856	2.9856	2.9856	2.9856	2.9856	2.9856	2.83977	1.15258	1	1	1	1	1	1	1
1	1	1	1	1	1	2.77327	3.486	3.486	3.486	3.486	3.486	3.486	3.486	3.486	3.486	3.486	3.486	3.486	3.486	3.486	3.486	3.486	3.486	3.486	3.486	3.486	3.486	3.47808	3.1978	3	3	3	2.99996	2.98735	2.9856	2.9856	2.9856	2.9856	2.9856	2.9856	2.9856	2.9856	2.9856	2.9856	2.9856	2.9856	2.9856	2.9856	2.9856	2.9856	2.9856	2.9856	2.9856	2.98332	1.83696	1	1	1	1	1	1	1	1
1	1	1	1	1	1	2.77327	3.486	3.486	3.486	3.486	3.486	3.486	3.486	3.486	3.486	3.486	3.486	3.486	3.486	3.486	3.486	3.486	3.486	3.486	3.486	3.486	3.486	3.486	3.48535	3.25818	3.00169	3	3	2.99805	2.98614	2.9856	2.9856	2.9856	2.9856	2.9856	2.9856	2.9856	2.9856	2.9856	2.9856	2.9856	2.9856	2.9856	2.9856	2.9856	2.9856	2.9856	2.9856	2.26434	1	1	1	1	1	1	1	1	1
1	1	1	1	1	1	2.77327	3.486	3.486	3.486	3.486	3.486	3.486	3.486	3.486	3.486	3.486	3.486	3.486	3.486	3.486	3.486	3.486	3.486	3.486	3.486	3.486	3.486	3.486	3.486	3.486	3.31657	3.01199	3	3	2.99691	2.98562	2.9856	2.9856	2.9856	2.9856	2.9856	2.9856	2.9856	2.9856	2.9856	2.9856	2.9856	2.9856	2.9856	2.9856	2.9856	2.9856	2.19953	1.01838	1	1	1	1	1	1	1	1	1
1	1	1	1	1	1	2.77327	3.486	3.486	3.486	3.486	3.486	3.486	3.486	3.486	3.486	3.486	3.486	3.486	3.486	3.486	3.486	3.486	3.486	3.486	3.486	3.486	3.486	3.486	3.486	3.486	3.486	3.36625	3.03155	3	3	3.00342	2.98561	2.9856	2.9856	2.9856	2.9856	2.9856	2.9856	2.9856	2.9856	2.9856	2.9856	2.9856	2.9856	2.9856	2.9856	2.99625	3	1	1	1	1	1	1	1	1	1	1
1	1	1	1	1	1	2.77327	3.486	3.486	3.486	3.486	3.486	3.486	3.486	3.486	3.486	3.486	3.486	3.486	3.486	3.486	3.486	3.486	3.486	3.486	3.486	3.486	3.486	3.486	3.486	3.486	3.486	3.486	3.40697	3	3	3	3.00343	2.99739	2.98561	2.9856	2.9856	2.9856	2.9856	2.9856	2.9856	2.9856	2.9856	2.9856	2.9856	2.98563	3.00305	3	3	1	1	1	1	1	1	1	1	1	1
1	1	1	1	1	1	2.77327	3.486	3.486	3.486	3.486	3.486	3.486	3.486	3.486	3.486	3.486	3.486	3.486	3.486	3.486	3.486	3.486	3.486	3.486	3.486	3.486	3.486	3.486	3.486	3.486	3.486	3.486	3.486	3.486	3	3	3	3	3.00343	2.99889	2.98565	2.98565	2.98564	2.98561	2.98563	2.98564	2.98565	2.99158	3.00312	3	3	3	1	1	1	1	1	1	1	1	1	1	1
1	1	1	1	1	1	2.77327	3.486	3.486	3.486	3.486	3.486	3.486	3.486	3.486	3.486	3.486	3.486	3.486	3.486	3.486	3.486	3.486	3.486	3.486	3.486	3.486	3.486	3.486	3.486	3.486	3.486	3.486	3.486	3.486	3.486	3	3	3	3	3	3	3	3	3	3	3	3	3	3	3	3	3	1	1	1	1	1	1	1	1	1	1	1
1	1	1	1	1	1	2.77327	3.486	3.486	3.486	3.486	3.486	3.486	3.486	3.486	3.486	3.486	3.486	3.486	3.486	3.486	3.486	3.486	3.486	3.486	3.486	3.486	3.486	3.486	3.486	3.486	3.486	3.486	3.486	3.486	3.486	3.486	3	3	3	3	3	3	3	3	3	3	3	3	3	3	3	3	1	1	1	1	1	1	1	1	1	1	1
1	1	1	1	1	1	2.77327	3.486	3.486	3.486	3.486	3.486	3.486	3.486	3.486	3.486	3.486	3.486	3.486	3.486	3.486	3.486	3.486	3.486	3.486	3.486	3.486	3.486	3.486	3.486	3.486	3.486	3.486	3.486	3.486	3.486	3.486	3.486	3.486	3	3	3	3	3	3	3	3	3	3	3	3	3	3	1	1	1	1	1	1	1	1	1	1	1
1	1	1	1	1	1	2.77327	3.486	3.486	3.486	3.486	3.486	3.486	3.486	3.486	3.486	3.486	3.486	3.486	3.486	3.486	3.486	3.486	3.486	3.486	3.486	3.486	3.486	3.486	3.486	3.486	3.486	3.486	3.486	3.486	3.486	3.486	3.486	3.486	3.486	3	3	3	3	3	3	3	3	3	3	3	3	3	1	1	1	1	1	1	1	1	1	1	1
1	1	1	1	1	1	2.77327	3.486	3.486	3.486	3.486	3.486	3.486	3.486	3.486	3.486	3.486	3.486	3.486	3.486	3.486	3.486	3.486	3.486	3.486	3.486	3.486	3.486	3.486	3.486	3.486	3.486	3.486	3.486	3.486	3.486	3.486	3.486	3.486	3.486	3.486	3	3	3	3	3	3	3	3	3	3	3	3	1	1	1	1	1	1	1	1	1	1	1
1	1	1	1	1	1	2.77327	3.486	3.486	3.486	3.486	3.486	3.486	3.486	3.486	3.486	3.486	3.486	3.486	3.486	3.486	3.486	3.486	3.486	3.486	3.486	3.486	3.486	3.486	3.486	3.486	3.486	3.486	3.486	3.486	3.486	3.486	3.486	3.486	3.486	3.486	3.486	3	3	3	3	3	3	3	3	3	3	1	1	1	1	1	1	1	1	1	1	1	1
1	1	1	1	1	1	2.77327	3.486	3.486	3.486	3.486	3.486	3.486	3.486	3.486	3.486	3.486	3.486	3.486	3.486	3.486	3.486	3.486	3.486	3.486	3.486	3.486	3.486	3.486	3.486	3.486	3.486	3.486	3.486	3.486	3.486	3.486	3.486	3.486	3.486	3.486	3.486	3.486	3	3	3	3	3	3	3	3	3	1	1	1	1	1	1	1	1	1	1	1	1
1	1	1	1	1	1	2.77327	3.486	3.486	3.486	3.486	3.486	3.486	3.486	3.486	3.486	3.486	3.486	3.486	3.486	3.486	3.486	3.486	3.486	3.486	3.486	3.486	3.486	3.486	3.486	3.486	3.486	3.486	3.486	3.486	3.486	3.486	3.486	3.486	3.486	3.486	3.486	3.486	3.486	3	3	3	3	3	3	3	3	1	1	1	1	1	1	1	1	1	1	1	1
1	1	1	1	1	1	2.77327	3.486	3.486	3.486	3.486	3.486	3.486	3.486	3.486	3.486	3.486	3.486	3.486	3.486	3.486	3.486	3.486	3.486	3.486	3.486	3.486	3.486	3.486	3.486	3.486	3.486	3.486	3.486	3.486	3.486	3.486	3.486	3.486	3.486	3.486	3.486	3.486	3.486	3.486	3	3	3	3	3	3	3	1	1	1	1	1	1	1	1	1	1	1	1
1	1	1	1	1	1	2.77327	3.486	3.486	3.486	3.486	3.486	3.486	3.486	3.486	3.486	3.486	3.486	3.486	3.486	3.486	3.486	3.486	3.486	3.486	3.486	3.486	3.486	3.486	3.486	3.486	3.486	3.486	3.486	3.486	3.486	3.486	3.486	3.486	3.486	3.486	3.486	3.486	3.486	3.486	3.486	3.486	3	3	3	3	3	1	1	1	1	1	1	1	1	1	1	1	1
1	1	1	1	1	1	2.77327	3.486	3.486	3.486	3.486	3.486	3.486	3.486	3.486	3.486	3.486	3.486	3.486	3.486	3.486	3.486	3.486	3.486	3.486	3.486	3.486	3.486	3.486	3.486	3.486	3.486	3.486	3.486	3.486	3.486	3.486	3.486	3.486	3.486	3.486	3.486	3.486	3.486	3.486	3.486	3.486	3.486	3	3	3	3	1	1	1	1	1	1	1	1	1	1	1	1
1	1	1	1	1	1	2.77327	3.486	3.486	3.486	3.486	3.486	3.486	3.486	3.486	3.486	3.486	3.486	3.486	3.486	3.486	3.486	3.486	3.486	3.486	3.486	3.486	3.486	3.486	3.486	3.486	3.486	3.486	3.486	3.486	3.486	3.486	3.486	3.486	3.486	3.486	3.486	3.486	3.486	3.486	3.486	3.486	3.486	3.486	3	3	1	1	1	1	1	1	1	1	1	1	1	1	1
1	1	1	1	1	1	2.77327	3.486	3.486	3.486	3.486	3.486	3.486	3.486	3.486	3.486	3.486	3.486	3.486	3.486	3.486	3.486	3.486	3.486	3.486	3.486	3.486	3.486	3.486	3.486	3.486	3.486	3.486	3.486	3.486	3.486	3.486	3.486	3.486	3.486	3.486	3.486	3.486	3.486	3.486	3.486	3.486	3.486	3.486	3.486	3	1	1	1	1	1	1	1	1	1	1	1	1	1
1	1	1	1	1	1	2.77327	3.486	3.486	3.486	3.486	3.486	3.486	3.486	3.486	3.486	3.486	3.486	3.486	3.486	3.486	3.486	3.486	3.486	3.486	3.486	3.486	3.486	3.486	3.486	3.486	3.486	3.486	3.486	3.486	3.486	3.486	3.486	3.486	3.486	3.486	3.486	3.486	3.486	3.486	3.486	3.486	3.486	3.486	3.486	3.486	1	1	1	1	1	1	1	1	1	1	1	1	1
1	1	1	1	1	1	2.77327	3.486	3.486	3.486	3.486	3.486	3.486	3.486	3.486	3.486	3.486	3.486	3.486	3.486	3.486	3.486	3.486	3.486	3.486	3.486	3.486	3.486	3.486	3.486	3.486	3.486	3.486	3.486	3.486	3.486	3.486	3.486	3.486	3.486	3.486	3.486	3.486	3.486	3.486	3.486	3.486	3.486	3.486	3.486	3.486	3.486	1	1	1	1	1	1	1	1	1	1	1	1
1	1	1	1	1	1	2.77327	3.486	3.486	3.486	3.486	3.486	3.486	3.486	3.486	3.486	3.486	3.486	3.486	3.486	3.486	3.486	3.486	3.486	3.486	3.486	3.486	3.486	3.486	3.486	3.486	3.486	3.486	3.486	3.486	3.486	3.486	3.486	3.486	3.486	3.486	3.486	3.486	3.486	3.486	3.486	3.486	3.486	3.486	3.486	3.486	3.486	3.486	1	1	1	1	1	1	1	1	1	1	1
1	1	1	1	1	1	2.77327	3.486	3.486	3.486	3.486	3.486	3.486	3.486	3.486	3.486	3.486	3.486	3.486	3.486	3.486	3.486	3.486	3.486	3.486	3.486	3.486	3.486	3.486	3.486	3.486	3.486	3.486	3.486	3.486	3.486	3.486	3.486	3.486	3.486	3.486	3.486	3.486	3.486	3.486	3.486	3.486	3.486	3.486	3.486	3.486	3.486	3.486	3.486	2.59159	1.0178	1	1	1	1	1	1	1	1
1	1	1	1	1	1	2.77327	3.486	3.486	3.486	3.486	3.486	3.486	3.486	3.486	3.486	3.486	3.486	3.486	3.486	3.486	3.486	3.486	3.486	3.486	3.486	3.486	3.486	3.486	3.486	3.486	3.486	3.486	3.486	3.486	3.486	3.486	3.486	3.486	3.486	3.486	3.486	3.486	3.486	3.486	3.486	3.486	3.486	3.486	3.486	3.486	3.486	3.486	3.486	3.486	2.84157	1.1203	1	1	1	1	1	1	1
1	1	1	1	1	1	2.77327	3.486	3.486	3.486	3.486	3.486	3.486	3.486	3.486	3.486	3.486	3.486	3.486	3.486	3.486	3.486	3.486	3.486	3.486	3.486	3.486	3.486	3.486	3.486	3.486	3.486	3.486	3.486	3.486	3.486	3.486	3.486	3.486	3.486	3.486	3.486	3.486	3.486	3.486	3.486	3.486	3.486	3.486	3.486	3.486	3.486	3.486	3.486	3.486	3.486	3.04125	1.29357	1	1	1	1	1	1
1	1	1	1	1	1	2.77327	3.486	3.486	3.486	3.486	3.486	3.486	3.486	3.486	3.486	3.486	3.486	3.486	3.486	3.486	3.486	3.486	3.486	3.486	3.486	3.486	3.486	3.486	3.486	3.486	3.486	3.486	3.486	3.486	3.486	3.486	3.486	3.486	3.486	3.486	3.486	3.486	3.486	3.486	3.486	3.486	3.486	3.486	3.486	3.486	3.42144	3.21562	2.99102	2.74812	2.48156	2.18269	1.25286	1	1	1	1	1	1
1	1	1	1	1	1	2.77327	3.486	3.486	3.486	3.486	3.486	3.486	3.486	3.486	3.486	3.486	3.486	3.486	3.486	3.486	3.486	3.486	3.486	3.486	3.486	3.486	3.486	3.486	3.486	3.486	3.486	3.486	3.486	3.486	3.486	3.486	3.486	3.486	3.486	3.486	3.486	3.486	3.42144	3.21562	2.99102	2.74812	2.48156	2.18269	1.83579	1.40573	1.01386	1	1	1	1	1	1	1	1	1	1	1	1
1	1	1	1	1	1	2.77327	3.486	3.486	3.486	3.486	3.486	3.486	3.486	3.486	3.486	3.486	3.486	3.486	3.486	3.486	3.486	3.486	3.486	3.486	3.486	3.486	3.486	3.486	3.486	3.486	3.486	3.486	3.486	3.486	3.42144	3.21562	2.99102	2.74812	2.48156	2.18269	1.83579	1.40573	1.01386	1	1	1	1	1	1	1	1	1	1	1	1	1	1	1	1	1	1	1	1
1	1	1	1	1	1	2.77327	3.486	3.486	3.486	3.486	3.486	3.486	3.486	3.486	3.486	3.486	3.486	3.486	3.486	3.486	3.486	3.486	3.486	3.486	3.486	3.486	3.42144	3.21562	2.99102	2.74812	2.48156	2.18269	1.83579	1.40573	1.01386	1	1	1	1	1	1	1	1	1	1	1	1	1	1	1	1	1	1	1	1	1	1	1	1	1	1	1	1
1	1	1	1	1	1	2.77327	3.486	3.486	3.486	3.486	3.486	3.486	3.486	3.486	3.486	3.486	3.486	3.486	3.42578	3.23433	3.02649	2.80329	2.5607	2.29259	1.32	1.40573	1.01386	1	1	1	1	1	1	1	1	1	1	1	1	1	1	1	1	1	1	1	1	1	1	1	1	1	1	1	1	1	1	1	1	1	1	1	1
1	1	1	1	1	1	2.77327	3.486	3.486	3.486	3.486	3.42144	3.21562	2.99102	2.74812	1.32	2.29259	1.98865	1.62896	1.32983	1.32	1.32	1.32	1.2757	1.15124	1.01539	1	1	1	1	1	1	1	1	1	1	1	1	1	1	1	1	1	1	1	1	1	1	1	1	1	1	1	1	1	1	1	1	1	1	1	1	1	1
1	1	1	1	1	1	1.66027	2.48156	2.18269	1.83579	1.40573	1.01386	1	1	1	1.02388	1.10627	1.16353	1.19329	1.2018	1.17854	1.13275	1.05645	1.00031	1	1	1	1	1	1	1	1	1	1	1	1	1	1	1	1	1	1	1	1	1	1	1	1	1	1	1	1	1	1	1	1	1	1	1	1	1	1	1	1
1	1	1	1	1	1	1	1	1	1	1	1	1	1	1	1	1	1	1	1	1	1	1	1	1	1	1	1	1	1	1	1	1	1	1	1	1	1	1	1	1	1	1	1	1	1	1	1	1	1	1	1	1	1	1	1	1	1	1	1	1	1	1	1
1	1	1	1	1	1	1	1	1	1	1	1	1	1	1	1	1	1	1	1	1	1	1	1	1	1	1	1	1	1	1	1	1	1	1	1	1	1	1	1	1	1	1	1	1	1	1	1	1	1	1	1	1	1	1	1	1	1	1	1	1	1	1	1
1	1	1	1	1	1	1	1	1	1	1	1	1	1	1	1	1	1	1	1	1	1	1	1	1	1	1	1	1	1	1	1	1	1	1	1	1	1	1	1	1	1	1	1	1	1	1	1	1	1	1	1	1	1	1	1	1	1	1	1	1	1	1	1
1	1	1	1	1	1	1	1	1	1	1	1	1	1	1	1	1	1	1	1	1	1	1	1	1	1	1	1	1	1	1	1	1	1	1	1	1	1	1	1	1	1	1	1	1	1	1	1	1	1	1	1	1	1	1	1	1	1	1	1	1	1	1	1
1	1	1	1	1	1	1	1	1	1	1	1	1	1	1	1	1	1	1	1	1	1	1	1	1	1	1	1	1	1	1	1	1	1	1	1	1	1	1	1	1	1	1	1	1	1	1	1	1	1	1	1	1	1	1	1	1	1	1	1	1	1	1	1
1	1	1	1	1	1	1	1	1	1	1	1	1	1	1	1	1	1	1	1	1	1	1	1	1	1	1	1	1	1	1	1	1	1	1	1	1	1	1	1	1	1	1	1	1	1	1	1	1	1	1	1	1	1	1	1	1	1	1	1	1	1	1	1
