0	0	0	0	0	0	0	0	0	0	0	0	0	0	0	0	0	0	0	0	0	0	0	0	0	0	0	0	0	0	0	0	0	0	0	0	0	0	0	0	0	0	0	0	0	0	0	0	0	0	0	0	0	0	0	0	0	0	0	0	0	0	0	0
0	0	0	0	0	0	0	0	0	0	0	0	0	0	0	0	0	0	0	0	0	0	0	0	0	0	0	0	0	0	0	0	0	0	0	0	0	0	0	0	0	0	0	0	0	0	0	0	0	0	0	0	0	0	0	0	0	0	0	0	0	0	0	0
0	0	0	0	0	0	0	0	0	0	0	0	0	0	0	0	0	0	0	0	0	0	0	0	0	0	0	0	0	0	0	0	0	0	0	0	0	0	0	0	0	0	0	0	0	0	0	0	0	0	0	0	0	0	0	0	0	0	0	0	0	0	0	0
0	0	0	0	0	0	0	0	0	0	0	0	0	0	0	0	0	0	0	0	0	0	0	0	0	0	0	0	0	0	0	0	0	0	0	0	0	0	0	0	0	0	0	0	0	0	0	0	0	0	0	0	0	0	0	0	0	0	0	0	0	0	0	0
0	0	0	0	0	0	0	0	0	0	0	0	0	0	0	0	0	0	0	0	0	0	0	0	0	0	0	0	0	0	0	0	0	0	0	0	0	0	0	0	0	0	0	0	0	0	0	0	0	0	0	0	0	0	0	0	0	0	0	0	0	0	0	0
0	0	0	0	0	0	0	0	0	0	0	0	0	0	0	0	0	0	0	0	0	0	0	0	0	0	0	0	0	0	0	0	0	0	0	0	0	0	0	0	0	0	0	0	0	0	0	0	0	0	0	0	0	0	0	0	0	0	0	0	0	0	0	0
0	0	0	0	0	0	0	0	0	0	0	0	0	0	0	0	0	0	0	0	0	0	0	0	0	0	0	0	0	0	0	0	0	0	0	0	0	0	0	0	0	0	0	0	0	0	0	0	0	0	0	0	0	0	0	0	0	0	0	0	0	0	0	0
0	0	0	0	0	0	0	0	0	0	0	0	0	0	0	0	0	0	0	0	0	0	0	0	0	0	0	0	0	0	0	0	0	0	0	0	0	0	0	0	0	0	0	0	0	0	0	0	0	0	0	0	0	0	0	0	0	0	0	0	0	0	0	0
0	0	0	0	0	0	0	0	0	0	0	0	0	0	0	0	0	0	0	0	0	0	0	0	0	0	0	0	0	0	0	0	0	0	0	0	0	0	0	0	0	0	0	0	0	0	0	0	0	0	0	0	0	0	0	0	0	0	0	0	0	0	0	0
0	0	0	0	0	0	0	0	0	0	0	0	0	0	0	0	0	0	0	0	0	0	0	0	0	0	0	0	0	0	0	0	0	0	0	0	0	0	0	0	0	0	0	0	0	0	0	0	0	0	0	0	0	0	0	0	0	0	0	0	0	0	0	0
0	0	0	0	0	0	0	0	0	0	0	0	0	0	0	0	0	0	0	0	0	0	0	0	0	0	0	0	0	0	0	0	0	0	0	0	0	0	0	0	0	0	0	0	0	0	0	0	0	0	0	0	0	0	0	0	0	0	0	0	0	0	0	0
0	0	0	0	0	0	0	0	0	0	0	0	0	0	0	0	0	0	0	0	0	0	0	0	0	0	0	0	0	0	0	0	0	0	0	0	0	0	0	0	0	0	0	0	0	0	0	0	0	0	0	0	0	0	0	0	0	0	0	0	0	0	0	0
0	0	0	0	0	0	0	0	0	0	0	0	0	0	0	0	0	0	0	0	0	0	0	0	0	0	0	0	0	0	0	0	0	0	0	0	0	0	0	0	0	0	0	0	0	0	0	0	0	0	0	0	0	0	0	0	0	0	0	0	0	0	0	0
0	0	0	0	0	0	0	0	0	0	0	0	0	0	0	0	0	0	0	0	0	0	0	0	0	0	0	0	0	0	0	0	0	0	0	0	0	0	0	0	0	0	0	0	0	0	0	0	0	0	0	0	0	0	0	0	0	0	0	0	0	0	0	0
0	0	0	0	0	0	0	0	0	0	0	0	0	0	0	0	0	0	0	0	0	0	0	0	0	0	0	0	0	0	0	0	0	0	0	0	0	0	0	0	0	0	0	0	0	0	0	0	0	0	0	0	0	0	0	0	0	0	0	0	0	0	0	0
0	0	0	0	0	0	0	0	0	0	0	0	0	0	0	0	0	0	0	0	0	0	0	0	0	0	0	0	0	0	0	0	0	0	0	0	0	0	0	0	0	0	0	0	0	0	0	0	0	0	0	0	0	0	0	0	0	0	0	0	0	0	0	0
0	0	0	0	0	0	0	0	0	0	0	0	0	0	0	0	0	0	0	0	0	0	0	0	0	0	0	0	0	0	0	0	0	0	0	0	0	0	0	0	0	0	0	0	0	0	0	0	0	0	0	0	0	0	0	0	0	0	0	0	0	0	0	0
0	0	0	0	0	0	0	0	0	0	0	0	0	0	0	0	0	0	0	0	0	0	0	0	0	0	0	0	0	0	0	0	0	0	0	0	0	0	0	0	0	0	0	0	0	0	0	0	0	0	0	0	0	0	0	0	0	0	0	0	0	0	0	0
0	0	0	0	0	0	0	0	0	0	0	0	0	0	0	0	0	0	0	0	0	0	0	0	0	0	0	0	0	0	0	0	0	0	0	0	0	0	0	0	0	0	0	0	0	0	0	0	0	0	0	0	0	0	0	0	0	0	0	0	0	0	0	0
0	0	0	0	0	0	0	0	0	0	0	0	0	0	0	0	0	0	0	0	0	0	0	0	0	0	0	0	0	0	0	0	0	0	0	0	0	0	0	0	0	0	0	0	0	0	0	0	0	0	0	0	0	0	0	0	0	0	0	0	0	0	0	0
0	0	0	0	0	0	0	0	0	0	0	0	0	0	0	0	0	0	0	0	0	0	0	0	0	0	0	0	0	0	0	0	0	0	0	0	0	0	0	0	0	0	0	0	0	0	0	0	0	0	0	0	0	0	0	0	0	0	0	0	0	0	0	0
0	0	0	0	0	0	0	0	0	0	0	0	0	0	0	0	0	0	0	0	0	0	0	0	0	0	0	0	0	0	0	0	0	0	0	0	0	0	0	0	0	0	0	0	0	0	0	0	0	0	0	0	0	0	0	0	0	0	0	0	0	0	0	0
0	0	0	0	0	0	0	0	0	0	0	0	0	0	0	0	0	0	0	0	0	0	0	0	0	0	0	0	0	0	0	0	0	0	0	0	0	0	0	0	0	0	0	0	0	0	0	0	0	0	0	0	0	0	0	0	0	0	0	0	0	0	0	0
0	0	0	0	0	0	0	0	0	0	0	0	0	0	0	0	0	0	0	0	0	0	0	0	0	0	0	0	0	0	0	0	0	0	0	0	0	0	0	0	0	0	0	0	0	0	0	0	0	0	0	0	0	0	0	0	0	0	0	0	0	0	0	0
0	0	0	0	0	0	0	0	0	0	0	0	0	0	0	0	0	0	0	0	0	0	0	0	0	0	0	0	0	0	0	0	0	0	0	0	0	0	0	0	0	0	0	0	0	0	0	0	0	0	0	0	0	0	0	0	0	0	0	0	0	0	0	0
0.175915	0.175915	0.175915	0.175915	0.175915	0.175915	0.175915	0.175915	0.175915	0.175915	0.175915	0.175915	0.175915	0.175915	0.175915	0.175915	0.175915	0.175915	0.175915	0.175915	0.175915	0.175915	0.175915	0.175915	0.175915	0.175915	0.175915	0.175915	0.175915	0.175915	0.175915	0.175915	0.175915	0.175915	0.175915	0.175915	0.175915	0.175915	0.175915	0.175915	0.175915	0.175915	0.175915	0.175915	0.175915	0.175915	0.175915	0.175915	0.175915	0.175915	0.175915	0.175915	0.175915	0.175915	0.175915	0.175915	0.175915	0.175915	0.175915	0.175915	0.175915	0.175915	0.175915	0.175915
0.300403	0.300403	0.300403	0.300403	0.300403	0.300403	0.300403	0.300403	0.300403	0.300403	0.300403	0.300403	0.300403	0.300403	0.300403	0.300403	0.300403	0.300403	0.300403	0.300403	0.300403	0.300403	0.300403	0.300403	0.300403	0.300403	0.300403	0.300403	0.300403	0.300403	0.300403	0.300403	0.300403	0.300403	0.300403	0.300403	0.300403	0.300403	0.300403	0.300403	0.300403	0.300403	0.300403	0.300403	0.300403	0.300403	0.300403	0.300403	0.300403	0.300403	0.300403	0.300403	0.300403	0.300403	0.300403	0.300403	0.300403	0.300403	0.300403	0.300403	0.300403	0.300403	0.300403	0.300403
0.300403	0.300403	0.300403	0.300403	0.300403	0.300403	0.300403	0.300403	0.300403	0.300403	0.300403	0.300403	0.300403	0.300403	0.300403	0.300403	0.300403	0.300403	0.300403	0.300403	0.300403	0.300403	0.300403	0.300403	0.300403	0.300403	0.300403	0.300403	0.300403	0.300403	0.300403	0.300403	0.300403	0.300403	0.300403	0.300403	0.300403	0.300403	0.300403	0.300403	0.300403	0.300403	0.300403	0.300403	0.300403	0.300403	0.300403	0.300403	0.300403	0.300403	0.300403	0.300403	0.300403	0.300403	0.300403	0.300403	0.300403	0.300403	0.300403	0.300403	0.300403	0.300403	0.300403	0.300403
0.300403	0.300403	0.300403	0.300403	0.300403	0.300403	0.300403	0.300403	0.300403	0.300403	0.300403	0.300403	0.300403	0.300403	0.300403	0.300403	0.300403	0.300403	0.300403	0.300403	0.300403	0.300403	0.300403	0.300403	0.300403	0.300403	0.300403	0.300403	0.300403	0.300403	0.300403	0.300403	0.300403	0.300403	0.300403	0.300403	0.300403	0.300403	0.300403	0.300403	0.300403	0.300403	0.300403	0.300403	0.300403	0.300403	0.300403	0.300403	0.300403	0.300403	0.300403	0.300403	0.300403	0.300403	0.300403	0.300403	0.300403	0.300403	0.300403	0.300403	0.300403	0.300403	0.300403	0.300403
0.300403	0.300403	0.300403	0.300403	0.300403	0.300403	0.300403	0.300403	0.300403	0.300403	0.300403	0.300403	0.300403	0.300403	0.300403	0.300403	0.300403	0.300403	0.300403	0.300403	0.300403	0.300403	0.300403	0.300403	0.300403	0.300403	0.300403	0.300403	0.300403	0.300403	0.300403	0.300403	0.300403	0.300403	0.300403	0.300403	0.300403	0.300403	0.300403	0.300403	0.300403	0.300403	0.300403	0.300403	0.300403	0.300403	0.300403	0.300403	0.300403	0.300403	0.300403	0.300403	0.300403	0.300403	0.300403	0.300403	0.300403	0.300403	0.300403	0.300403	0.300403	0.300403	0.300403	0.300403
0.300403	0.300403	0.300403	0.300403	0.300403	0.300403	0.300403	0.300403	0.300403	0.300403	0.300403	0.300403	0.300403	0.300403	0.300403	0.300403	0.300403	0.300403	0.300403	0.300403	0.300403	0.300403	0.300403	0.300403	0.300403	0.300403	0.300403	0.300403	0.300403	0.300403	0.300403	0.300403	0.300403	0.300403	0.300403	0.300403	0.300403	0.300403	0.300403	0.300403	0.300403	0.300403	0.300403	0.300403	0.300403	0.300403	0.300403	0.300403	0.300403	0.300403	0.300403	0.300403	0.300403	0.300403	0.300403	0.300403	0.300403	0.300403	0.300403	0.300403	0.300403	0.300403	0.300403	0.300403
0.300403	0.300403	0.300403	0.300403	0.300403	0.300403	0.300403	0.300403	0.300403	0.300403	0.300403	0.300403	0.300403	0.300403	0.300403	0.300403	0.300403	0.300403	0.300403	0.300403	0.300403	0.300403	0.300403	0.300403	0.300403	0.300403	0.300403	0.300403	0.300403	0.300403	0.300403	0.300403	0.300403	0.300403	0.300403	0.300403	0.300403	0.300403	0.300403	0.300403	0.300403	0.300403	0.300403	0.300403	0.300403	0.300403	0.300403	0.300403	0.300403	0.300403	0.300403	0.300403	0.300403	0.300403	0.300403	0.300403	0.300403	0.300403	0.300403	0.300403	0.300403	0.300403	0.300403	0.300403
0.300403	0.300403	0.300403	0.300403	0.300403	0.300403	0.300403	0.300403	0.300403	0.300403	0.300403	0.300403	0.300403	0.300403	0.300403	0.300403	0.300403	0.300403	0.300403	0.300403	0.300403	0.300403	0.300403	0.300403	0.300403	0.300403	0.300403	0.300403	0.300403	0.300403	0.300403	0.300403	0.300403	0.300403	0.300403	0.300403	0.300403	0.300403	0.300403	0.300403	0.300403	0.300403	0.300403	0.300403	0.300403	0.300403	0.300403	0.300403	0.300403	0.300403	0.300403	0.300403	0.300403	0.300403	0.300403	0.300403	0.300403	0.300403	0.300403	0.300403	0.300403	0.300403	0.300403	0.300403
0.300403	0.300403	0.300403	0.300403	0.300403	0.300403	0.300403	0.300403	0.300403	0.300403	0.300403	0.300403	0.300403	0.300403	0.300403	0.300403	0.300403	0.300403	0.300403	0.300403	0.300403	0.300403	0.300403	0.300403	0.300403	0.300403	0.300403	0.300403	0.300403	0.300403	0.300403	0.300403	0.300403	0.300403	0.300403	0.300403	0.300403	0.300403	0.300403	0.300403	0.300403	0.300403	0.300403	0.300403	0.300403	0.300403	0.300403	0.300403	0.300403	0.300403	0.300403	0.300403	0.300403	0.300403	0.300403	0.300403	0.300403	0.300403	0.300403	0.300403	0.300403	0.300403	0.300403	0.300403
0.300403	0.300403	0.300403	0.300403	0.300403	0.300403	0.300403	0.300403	0.300403	0.300403	0.300403	0.300403	0.300403	0.300403	0.300403	0.300403	0.300403	0.300403	0.300403	0.300403	0.300403	0.300403	0.300403	0.300403	0.300403	0.300403	0.300403	0.300403	0.300403	0.300403	0.300403	0.300403	0.300403	0.300403	0.300403	0.300403	0.300403	0.300403	0.300403	0.300403	0.300403	0.300403	0.300403	0.300403	0.300403	0.300403	0.300403	0.300403	0.300403	0.300403	0.300403	0.300403	0.300403	0.300403	0.300403	0.300403	0.300403	0.300403	0.300403	0.300403	0.300403	0.300403	0.300403	0.300403
0.300403	0.300403	0.300403	0.300403	0.300403	0.300403	0.300403	0.300403	0.300403	0.300403	0.300403	0.300403	0.300403	0.300403	0.300403	0.300403	0.300403	0.300403	0.300403	0.300403	0.300403	0.300403	0.300403	0.300403	0.300403	0.300403	0.300403	0.300403	0.300403	0.300403	0.300403	0.300403	0.300403	0.300403	0.300403	0.300403	0.300403	0.300403	0.300403	0.300403	0.300403	0.300403	0.300403	0.300403	0.300403	0.300403	0.300403	0.300403	0.300403	0.300403	0.300403	0.300403	0.300403	0.300403	0.300403	0.300403	0.300403	0.300403	0.300403	0.300403	0.300403	0.300403	0.300403	0.300403
0.300403	0.300403	0.300403	0.300403	0.300403	0.300403	0.300403	0.300403	0.300403	0.300403	0.300403	0.300403	0.300403	0.300403	0.300403	0.300403	0.300403	0.300403	0.300403	0.300403	0.300403	0.300403	0.300403	0.300403	0.300403	0.300403	0.300403	0.300403	0.300403	0.300403	0.300403	0.300403	0.300403	0.300403	0.300403	0.300403	0.300403	0.300403	0.300403	0.300403	0.300403	0.300403	0.300403	0.300403	0.300403	0.300403	0.300403	0.300403	0.300403	0.300403	0.300403	0.300403	0.300403	0.300403	0.300403	0.300403	0.300403	0.300403	0.300403	0.300403	0.300403	0.300403	0.300403	0.300403
0.300403	0.300403	0.300403	0.300403	0.300403	0.300403	0.300403	0.300403	0.300403	0.300403	0.300403	0.300403	0.300403	0.300403	0.300403	0.300403	0.300403	0.300403	0.300403	0.300403	0.300403	0.300403	0.300403	0.300403	0.300403	0.300403	0.300403	0.300403	0.300403	0.300403	0.300403	0.300403	0.300403	0.300403	0.300403	0.300403	0.300403	0.300403	0.300403	0.300403	0.300403	0.300403	0.300403	0.300403	0.300403	0.300403	0.300403	0.300403	0.300403	0.300403	0.300403	0.300403	0.300403	0.300403	0.300403	0.300403	0.300403	0.300403	0.300403	0.300403	0.300403	0.300403	0.300403	0.300403
0.300403	0.300403	0.300403	0.300403	0.300403	0.300403	0.300403	0.300403	0.300403	0.300403	0.300403	0.300403	0.300403	0.300403	0.300403	0.300403	0.300403	0.300403	0.300403	0.300403	0.300403	0.300403	0.300403	0.300403	0.300403	0.300403	0.300403	0.300403	0.300403	0.300403	0.300403	0.300403	0.300403	0.300403	0.300403	0.300403	0.300403	0.300403	0.300403	0.300403	0.300403	0.300403	0.300403	0.300403	0.300403	0.300403	0.300403	0.300403	0.300403	0.300403	0.300403	0.300403	0.300403	0.300403	0.300403	0.300403	0.300403	0.300403	0.300403	0.300403	0.300403	0.300403	0.300403	0.300403
0.300403	0.300403	0.300403	0.300403	0.300403	0.300403	0.300403	0.300403	0.300403	0.300403	0.300403	0.300403	0.300403	0.300403	0.300403	0.300403	0.300403	0.300403	0.300403	0.300403	0.300403	0.300403	0.300403	0.300403	0.300403	0.300403	0.300403	0.300403	0.300403	0.300403	0.300403	0.300403	0.300403	0.300403	0.300403	0.300403	0.300403	0.300403	0.300403	0.300403	0.300403	0.300403	0.300403	0.300403	0.300403	0.300403	0.300403	0.300403	0.300403	0.300403	0.300403	0.300403	0.300403	0.300403	0.300403	0.300403	0.300403	0.300403	0.300403	0.300403	0.300403	0.300403	0.300403	0.300403
0.300403	0.300403	0.300403	0.300403	0.300403	0.300403	0.300403	0.300403	0.300403	0.300403	0.300403	0.300403	0.300403	0.300403	0.300403	0.300403	0.300403	0.300403	0.300403	0.300403	0.300403	0.300403	0.300403	0.300403	0.300403	0.300403	0.300403	0.300403	0.300403	0.300403	0.300403	0.300403	0.300403	0.300403	0.300403	0.300403	0.300403	0.300403	0.300403	0.300403	0.300403	0.300403	0.300403	0.300403	0.300403	0.300403	0.300403	0.300403	0.300403	0.300403	0.300403	0.300403	0.300403	0.300403	0.300403	0.300403	0.300403	0.300403	0.300403	0.300403	0.300403	0.300403	0.300403	0.300403
0.300403	0.300403	0.300403	0.300403	0.300403	0.300403	0.300403	0.300403	0.300403	0.300403	0.300403	0.300403	0.300403	0.300403	0.300403	0.300403	0.300403	0.300403	0.300403	0.300403	0.300403	0.300403	0.300403	0.300403	0.300403	0.300403	0.300403	0.300403	0.300403	0.300403	0.300403	0.300403	0.300403	0.300403	0.300403	0.300403	0.300403	0.300403	0.300403	0.300403	0.300403	0.300403	0.300403	0.300403	0.300403	0.300403	0.300403	0.300403	0.300403	0.300403	0.300403	0.300403	0.300403	0.300403	0.300403	0.300403	0.300403	0.300403	0.300403	0.300403	0.300403	0.300403	0.300403	0.300403
0.300403	0.300403	0.300403	0.300403	0.300403	0.300403	0.300403	0.300403	0.300403	0.300403	0.300403	0.300403	0.300403	0.300403	0.300403	0.300403	0.300403	0.300403	0.300403	0.300403	0.300403	0.300403	0.300403	0.300403	0.300403	0.300403	0.300403	0.300403	0.300403	0.300403	0.300403	0.300403	0.300403	0.300403	0.300403	0.300403	0.300403	0.300403	0.300403	0.300403	0.300403	0.300403	0.300403	0.300403	0.300403	0.300403	0.300403	0.300403	0.300403	0.300403	0.300403	0.300403	0.300403	0.300403	0.300403	0.300403	0.300403	0.300403	0.300403	0.300403	0.300403	0.300403	0.300403	0.300403
0.300403	0.300403	0.300403	0.300403	0.300403	0.300403	0.300403	0.300403	0.300403	0.300403	0.300403	0.300403	0.300403	0.300403	0.300403	0.300403	0.300403	0.300403	0.300403	0.300403	0.300403	0.300403	0.300403	0.300403	0.300403	0.300403	0.300403	0.300403	0.300403	0.300403	0.300403	0.300403	0.300403	0.300403	0.300403	0.300403	0.300403	0.300403	0.300403	0.300403	0.300403	0.300403	0.300403	0.300403	0.300403	0.300403	0.300403	0.300403	0.300403	0.300403	0.300403	0.300403	0.300403	0.300403	0.300403	0.300403	0.300403	0.300403	0.300403	0.300403	0.300403	0.300403	0.300403	0.300403
0.300403	0.300403	0.300403	0.300403	0.300403	0.300403	0.300403	0.300403	0.300403	0.300403	0.300403	0.300403	0.300403	0.300403	0.300403	0.300403	0.300403	0.300403	0.300403	0.300403	0.300403	0.300403	0.300403	0.300403	0.300403	0.300403	0.300403	0.300403	0.300403	0.300403	0.300403	0.300403	0.300403	0.300403	0.300403	0.300403	0.300403	0.300403	0.300403	0.300403	0.300403	0.300403	0.300403	0.300403	0.300403	0.300403	0.300403	0.300403	0.300403	0.300403	0.300403	0.300403	0.300403	0.300403	0.300403	0.300403	0.300403	0.300403	0.300403	0.300403	0.300403	0.300403	0.300403	0.300403
0.300403	0.300403	0.300403	0.300403	0.300403	0.300403	0.300403	0.300403	0.300403	0.300403	0.300403	0.300403	0.300403	0.300403	0.300403	0.300403	0.300403	0.300403	0.300403	0.300403	0.300403	0.300403	0.300403	0.300403	0.300403	0.300403	0.300403	0.300403	0.300403	0.300403	0.300403	0.300403	0.300403	0.300403	0.300403	0.300403	0.300403	0.300403	0.300403	0.300403	0.300403	0.300403	0.300403	0.300403	0.300403	0.300403	0.300403	0.300403	0.300403	0.300403	0.300403	0.300403	0.300403	0.300403	0.300403	0.300403	0.300403	0.300403	0.300403	0.300403	0.300403	0.300403	0.300403	0.300403
0.300403	0.300403	0.300403	0.300403	0.300403	0.300403	0.300403	0.300403	0.300403	0.300403	0.300403	0.300403	0.300403	0.300403	0.300403	0.300403	0.300403	0.300403	0.300403	0.300403	0.300403	0.300403	0.300403	0.300403	0.300403	0.300403	0.300403	0.300403	0.300403	0.300403	0.300403	0.300403	0.300403	0.300403	0.300403	0.300403	0.300403	0.300403	0.300403	0.300403	0.300403	0.300403	0.300403	0.300403	0.300403	0.300403	0.300403	0.300403	0.300403	0.300403	0.300403	0.300403	0.300403	0.300403	0.300403	0.300403	0.300403	0.300403	0.300403	0.300403	0.300403	0.300403	0.300403	0.300403
0.300403	0.300403	0.300403	0.300403	0.300403	0.300403	0.300403	0.300403	0.300403	0.300403	0.300403	0.300403	0.300403	0.300403	0.300403	0.300403	0.300403	0.300403	0.300403	0.300403	0.300403	0.300403	0.300403	0.300403	0.300403	0.300403	0.300403	0.300403	0.300403	0.300403	0.300403	0.300403	0.300403	0.300403	0.300403	0.300403	0.300403	0.300403	0.300403	0.300403	0.300403	0.300403	0.300403	0.300403	0.300403	0.300403	0.300403	0.300403	0.300403	0.300403	0.300403	0.300403	0.300403	0.300403	0.300403	0.300403	0.300403	0.300403	0.300403	0.300403	0.300403	0.300403	0.300403	0.300403
0.300403	0.300403	0.300403	0.300403	0.300403	0.300403	0.300403	0.300403	0.300403	0.300403	0.300403	0.300403	0.300403	0.300403	0.300403	0.300403	0.300403	0.300403	0.300403	0.300403	0.300403	0.300403	0.300403	0.300403	0.300403	0.300403	0.300403	0.300403	0.300403	0.300403	0.300403	0.300403	0.300403	0.300403	0.300403	0.300403	0.300403	0.300403	0.300403	0.300403	0.300403	0.300403	0.300403	0.300403	0.300403	0.300403	0.300403	0.300403	0.300403	0.300403	0.300403	0.300403	0.300403	0.300403	0.300403	0.300403	0.300403	0.300403	0.300403	0.300403	0.300403	0.300403	0.300403	0.300403
0.300403	0.300403	0.300403	0.300403	0.300403	0.300403	0.300403	0.300403	0.300403	0.300403	0.300403	0.300403	0.300403	0.300403	0.300403	0.300403	0.300403	0.300403	0.300403	0.300403	0.300403	0.300403	0.300403	0.300403	0.300403	0.300403	0.300403	0.300403	0.300403	0.300403	0.300403	0.300403	0.300403	0.300403	0.300403	0.300403	0.300403	0.300403	0.300403	0.300403	0.300403	0.300403	0.300403	0.300403	0.300403	0.300403	0.300403	0.300403	0.300403	0.300403	0.300403	0.300403	0.300403	0.300403	0.300403	0.300403	0.300403	0.300403	0.300403	0.300403	0.300403	0.300403	0.300403	0.300403
0.300403	0.300403	0.300403	0.300403	0.300403	0.300403	0.300403	0.300403	0.300403	0.300403	0.300403	0.300403	0.300403	0.300403	0.300403	0.300403	0.300403	0.300403	0.300403	0.300403	0.300403	0.300403	0.300403	0.300403	0.300403	0.300403	0.300403	0.300403	0.300403	0.300403	0.300403	0.300403	0.300403	0.300403	0.300403	0.300403	0.300403	0.300403	0.300403	0.300403	0.300403	0.300403	0.300403	0.300403	0.300403	0.300403	0.300403	0.300403	0.300403	0.300403	0.300403	0.300403	0.300403	0.300403	0.300403	0.300403	0.300403	0.300403	0.300403	0.300403	0.300403	0.300403	0.300403	0.300403
0.111796	0.111796	0.111796	0.111796	0.111796	0.111796	0.111796	0.111796	0.111796	0.111796	0.111796	0.111796	0.111796	0.111796	0.111796	0.111796	0.111796	0.111796	0.111796	0.111796	0.111796	0.111796	0.111796	0.111796	0.111796	0.111796	0.111796	0.111796	0.111796	0.111796	0.111796	0.111796	0.111796	0.111796	0.111796	0.111796	0.111796	0.111796	0.111796	0.111796	0.111796	0.111796	0.111796	0.111796	0.111796	0.111796	0.111796	0.111796	0.111796	0.111796	0.111796	0.111796	0.111796	0.111796	0.111796	0.111796	0.111796	0.111796	0.111796	0.111796	0.111796	0.111796	0.111796	0.111796
0	0	0	0	0	0	0	0	0	0	0	0	0	0	0	0	0	0	0	0	0	0	0	0	0	0	0	0	0	0	0	0	0	0	0	0	0	0	0	0	0	0	0	0	0	0	0	0	0	0	0	0	0	0	0	0	0	0	0	0	0	0	0	0
0	0	0	0	0	0	0	0	0	0	0	0	0	0	0	0	0	0	0	0	0	0	0	0	0	0	0	0	0	0	0	0	0	0	0	0	0	0	0	0	0	0	0	0	0	0	0	0	0	0	0	0	0	0	0	0	0	0	0	0	0	0	0	0
0	0	0	0	0	0	0	0	0	0	0	0	0	0	0	0	0	0	0	0	0	0	0	0	0	0	0	0	0	0	0	0	0	0	0	0	0	0	0	0	0	0	0	0	0	0	0	0	0	0	0	0	0	0	0	0	0	0	0	0	0	0	0	0
0	0	0	0	0	0	0	0	0	0	0	0	0	0	0	0	0	0	0	0	0	0	0	0	0	0	0	0	0	0	0	0	0	0	0	0	0	0	0	0	0	0	0	0	0	0	0	0	0	0	0	0	0	0	0	0	0	0	0	0	0	0	0	0
0	0	0	0	0	0	0	0	0	0	0	0	0	0	0	0	0	0	0	0	0	0	0	0	0	0	0	0	0	0	0	0	0	0	0	0	0	0	0	0	0	0	0	0	0	0	0	0	0	0	0	0	0	0	0	0	0	0	0	0	0	0	0	0
0	0	0	0	0	0	0	0	0	0	0	0	0	0	0	0	0	0	0	0	0	0	0	0	0	0	0	0	0	0	0	0	0	0	0	0	0	0	0	0	0	0	0	0	0	0	0	0	0	0	0	0	0	0	0	0	0	0	0	0	0	0	0	0
0	0	0	0	0	0	0	0	0	0	0	0	0	0	0	0	0	0	0	0	0	0	0	0	0	0	0	0	0	0	0	0	0	0	0	0	0	0	0	0	0	0	0	0	0	0	0	0	0	0	0	0	0	0	0	0	0	0	0	0	0	0	0	0
0	0	0	0	0	0	0	0	0	0	0	0	0	0	0	0	0	0	0	0	0	0	0	0	0	0	0	0	0	0	0	0	0	0	0	0	0	0	0	0	0	0	0	0	0	0	0	0	0	0	0	0	0	0	0	0	0	0	0	0	0	0	0	0
0	0	0	0	0	0	0	0	0	0	0	0	0	0	0	0	0	0	0	0	0	0	0	0	0	0	0	0	0	0	0	0	0	0	0	0	0	0	0	0	0	0	0	0	0	0	0	0	0	0	0	0	0	0	0	0	0	0	0	0	0	0	0	0
0	0	0	0	0	0	0	0	0	0	0	0	0	0	0	0	0	0	0	0	0	0	0	0	0	0	0	0	0	0	0	0	0	0	0	0	0	0	0	0	0	0	0	0	0	0	0	0	0	0	0	0	0	0	0	0	0	0	0	0	0	0	0	0
0	0	0	0	0	0	0	0	0	0	0	0	0	0	0	0	0	0	0	0	0	0	0	0	0	0	0	0	0	0	0	0	0	0	0	0	0	0	0	0	0	0	0	0	0	0	0	0	0	0	0	0	0	0	0	0	0	0	0	0	0	0	0	0
0	0	0	0	0	0	0	0	0	0	0	0	0	0	0	0	0	0	0	0	0	0	0	0	0	0	0	0	0	0	0	0	0	0	0	0	0	0	0	0	0	0	0	0	0	0	0	0	0	0	0	0	0	0	0	0	0	0	0	0	0	0	0	0
