1	1	1	1	1	1	1	1	1	1	1	1	1	1	1	1	1	1	1	1	1	1	1	1	1	1	1	1	1	1	1	1	1	1	1	1	1	1	1	1	1	1	1	1	1	1	1	1	1	1	1	1	1	1	1	1	1	1	1	1	1	1	1	1
1	1	1	1	1	1	1	1	1	1	1	1	1	1	1	1	1	1	1	1	1	1	1	1	1	1	1	1	1	1	1	1	1	1	1	1	1	1	1	1	1	1	1	1	1	1	1	1	1	1	1	1	1	1	1	1	1	1	1	1	1	1	1	1
1	1	1	1	1	1	1	1	1	1	1	1	1	1	1	1	1	1	1	1	1	1	1	1	1	1	1	1	1	1	1	1	1	1	1	1	1	1	1	1	1	1	1	1	1	1	1	1	1	1	1	1	1	1	1	1	1	1	1	1	1	1	1	1
1	1	1	1	1	1	1	1	1	1	1	1	1	1	1	1	1	1	1	1	1	1.21555	1.11255	1	1	1	1	1	1	1	1	1	1	1	1	1	1	1	1	1	1	1	1	1	1	1	1	1	1	1	1	1	1	1	1	1	1	1	1	1	1	1	1	1
1	1	1	1	1	1	1	1	1	1	1	1	1	1	1	1	1	1	1	1	1.1813	2.97855	2.91913	1.60685	1	1	1	1	1	1	1	1	1	1	1	1	1	1	1	1	1	1	1	1	1	1	1	1	1	1	1	1	1	1	1	1	1	1	1	1	1	1	1	1
1	1	1	1	1	1	1	1	1	1	1	1	1	1	1	1	1	1	1	1	2.5488	3.2	3.2	3.15397	2.24932	1.02596	1	1	1	1	1	1	1	1	1	1	1	1	1	1	1	1	1	1	1	1	1	1	1	1	1	1	1	1	1	1	1	1	1	1	1	1	1	1
1	1	1	1	1	1	1	1	1	1	1	1	1	1	1	1	1	1	1	1.93588	3.19688	3.2	3.2	3.2	3.2	2.7888	1.41369	1	1	1	1	1	1	1	1	1	1	1	1	1	1	1	1	1	1	1	1	1	1	1	1	1	1	1	1	1	1	1	1	1	1	1	1	1
1	1	1	1	1	1	1	1	1	1	1	1	1	1	1	1	1	1	1.337	3.06755	3.2	3.2	3.2	3.2	3.2	3.2	3.09856	2.03243	1	1	1	1	1	1	1	1	1	1	1	1	1	1	1	1	1	1	1	1	1	1	1	1	1	1	1	1	1	1	1	1	1	1	1	1
1	1	1	1	1	1	1	1	1	1	1	1	1	1	1	1	1	1	2.45848	3.2	3.2	3.2	3.2	3.2	3.2	3.2	3.2	3.2	2.62682	1.2446	1	1	1	1	1	1	1	1	1	1	1	1	1	1	1	1	1	1	1	1	1	1	1	1	1	1	1	1	1	1	1	1	1	1
1	1	1	1	1	1	1	1	1	1	1	1	1	1	1	1	1	1	1.67355	2.9555	3.2	3.2	3.2	3.2	3.2	3.2	3.2	3.2	3.2	3.02017	1.81185	1	1	1	1	1	1	1	1	1	1	1	1	1	1	1	1	1	1	1	1	1	1	1	1	1	1	1	1	1	1	1	1	1
1	1	1	1	1	1	1	1	1	1	1	1	1	1	1	1	1	1	1	1.15208	2.50866	3.19386	3.2	3.2	3.2	3.2	3.2	3.2	3.2	3.2	3.18704	2.44352	1.1103	1	1	1	1	1	1	1	1	1	1	1	1	1	1	1	1	1	1	1	1	1	1	1	1	1	1	1	1	1	1	1
1	1	1	1	1	1	1	1	1	1	1	1	1	1	1	1	1	1	1	1	1	1.88724	3.05008	3.2	3.2	3.2	3.2	3.2	3.2	3.2	3.2	3.2	2.91682	1.60282	1	1	1	1	1	1	1	1	1	1	1	1	1	1	1	1	1	1	1	1	1	1	1	1	1	1	1	1	1	1
1	1	1	1	1	1	1	1	1	1	1	1	1	1	1	1	1	1	1	1	1	1	1.29996	2.6868	3.2	3.2	3.2	3.2	3.2	3.2	3.2	3.2	3.2	3.15308	2.2453	1.02482	1	1	1	1	1	1	1	1	1	1	1	1	1	1	1	1	1	1	1	1	1	1	1	1	1	1	1	1
1	1	1	1	1	1	1	1	1	1	1	1	1	1	1	1	1	1	1	1	1	1	1	1.00183	2.11012	3.12031	3.2	3.2	3.2	3.2	3.2	3.2	3.2	3.2	3.2	2.7859	1.41005	1	1	1	1	1	1	1	1	1	1	1	1	1	1	1	1	1	1	1	1	1	1	1	1	1	1	1
1	1	1	1	1	1	1	1	1	1	1	1	1	1	1	1	1	1	1	1	1	1	1	1	1	1.4784	2.83737	3.2	3.2	3.2	3.2	3.2	3.2	3.2	3.2	3.2	3.09723	2.02796	1	1	1	1	1	1	1	1	1	1	1	1	1	1	1	1	1	1	1	1	1	1	1	1	1	1
1	1	1	1	1	1	1	1	1	1	1	1	1	1	1	1	1	1	1	1	1	1	1	1	1	1	1.04963	2.31992	3.16803	3.2	3.2	3.2	3.2	3.2	3.2	3.2	3.2	3.2	2.62296	1.24136	1	1	1	1	1	1	1	1	1	1	1	1	1	1	1	1	1	1	1	1	1	1	1	1
1	1	1	1	1	1	1	1	1	1	1	1	1	1	1	1	1	1	1	1	1	1	1	1	1	1	1	1	1.67793	2.95775	3.2	3.2	3.2	3.2	3.2	3.2	3.2	3.2	3.2	3.01826	1.80731	1	1	1	1	1	1	1	1	1	1	1	1	1	1	1	1	1	1	1	1	1	1	1
1	1	1	1	1	1	1	1	1	1	1	1	1	1	1	1	1	1	1	1	1	1	1	1	1	1	1	1	1	1.15464	2.51225	3.19418	3.2	3.2	3.2	3.2	3.2	3.2	3.2	3.2	3.18654	2.43936	1.10794	1	1	1	1	1	1	1	1	1	1	1	1	1	1	1	1	1	1	1	1	1
1	1	1	1	1	1	1	1	1	1	1	1	1	1	1	1	1	1	1	1	1	1	1	1	1	1	1	1	1	1	1	1.89161	3.05171	3.2	3.2	3.2	3.2	3.2	3.2	3.2	3.2	3.2	2.07073	1	1	1	1	1	1	1	1	1	1	1	1	1	1	1	1	1	1	1	1	1
1	1	1	1	1	1	1	1	1	1	1	1	1	1	1	1	1	1	1	1	1	1	1	1	1	1	1	1	1	1	1	1	1.30325	2.69012	3.2	3.2	3.2	3.2	3.2	3.2	3.2	3.13295	1.52166	1	1	1	1	1	1	1	1	1	1	1	1	1	1	1	1	1	1	1	1	1
1	1	1	1	1	1	1	1	1	1	1	1	1	1	1	1	1	1	1	1	1	1	1	1	1	1	1	1	1	1	1	1	1	1.00215	2.11439	3.12147	3.2	3.2	3.2	3.2	3.2	2.15873	1	1	1	1	1	1	1	1	1	1	1	1	1	1	1	1	1	1	1	1	1	1
1	1	1	1	1	1	1	1	1	1	1	1	1	1	1	1	1	1	1	1	1	1	1	1	1	1	1	1	1	1	1	1	1	1	1	1.48219	2.84005	3.2	3.2	3.2	2.72334	1.00697	1	1	1	1	1	1	1	1	1	1	1	1	1	1	1	1	1	1	1	1	1	1
1	1	1	1	1	1	1	1	1	1	1	1	1	1	1	1	1	1	1	1	1	1	1	1	1	1	1	1	1	1	1	1	1	1	1	1	1.05121	2.3238	3.16876	3.06784	1.33765	1	1	1	1	1	1	1	1	1	1	1	1	1	1	1	1	1	1	1	1	1	1	1
1	1	1	1	1	1	1	1	1	1	1	1	1	1	1	1	1	1	1	1	1	1	1	1	1	1	1	1	1	1	1	1	1	1	1	1	1	1	1.68206	1.60325	1	1	1	1	1	1	1	1	1	1	1	1	1	1	1	1	1	1	1	1	1	1	1	1
1	1	1	1	1	1	1	1	1	1	1	1	1	1	1	1	1	1	1	1	1	1	1	1	1	1	1	1	1	1	1	1	1	1	1	1	1	1	1	1	1	1	1	1	1	1	1	1	1	1	1	1	1	1	1	1	1	1	1	1	1	1	1	1
1	1	1	1	1	1	1	1	1	1	1	1	1	1	1	1	1	1	1	1	1	1	1	1	1	1	1	1	1	1	1	1	1	1	1	1	1	1	1	1	1	1.06416	1.56016	1.88813	1.99258	1.98478	1.78602	1.34394	1	1	1	1	1	1	1	1	1	1	1	1	1	1	1	1
1	1	1	1	1	1	1	1	1	1	1	1	1	1	1	1	1	1	1	1	1	1	1	1	1	1	1	1	1	1	1	1	1	1	1	1	1	1	1	1.69869	2.47231	2.91529	2.98982	2.98982	2.98982	2.98982	2.98982	2.98982	2.7724	2.217	1.31348	1	1	1	1	1	1	1	1	1	1	1	1	1
1	1	1	1	1	1	1	1	1	1	1	1	1	1	1	1	1	1	1	1	1	1	1	1	1	1	1	1	1	1	1	1	1	1	1	1	1	1.47045	2.60316	2.98982	2.98982	2.98982	2.98982	2.98982	2.98982	2.98982	2.98982	2.98982	2.98982	2.98982	2.9385	2.21131	1.09007	1	1	1	1	1	1	1	1	1	1	1
1	1	1	1	1	1	1	1	1	1	1	1	1	1	1	1	1	1	1	1	1	1	1	1	1	1	1	1	1	1	1	1	1	1	1	1	1.90612	2.93286	2.98982	2.98982	2.98982	2.98982	2.98982	2.98982	2.98982	2.98982	2.98982	2.98982	2.98982	2.98982	2.98982	2.98982	2.6949	1.35094	1	1	1	1	1	1	1	1	1	1
1	1	1	1	1	1	1	1	1	1	1	1	1	1	1	1	1	1	1	1	1	1	1	1	1	1	1	1	1	1	1	1	1	1	1	2.01096	2.98199	2.98982	2.98982	2.98982	2.98982	2.98982	2.98982	2.98982	2.98982	2.98982	2.98982	2.98982	2.98982	2.98982	2.98982	2.98982	2.98982	2.81425	1.37947	1	1	1	1	1	1	1	1	1
1	1	1	1	1	1	1	1	1	1	1	1	1	1	1	1	1	1	1	1	1	1	1	1	1	1	1	1	1	1	1	1	1	1	1.76824	2.97415	2.98982	2.98982	2.98982	2.98982	2.98982	2.98982	2.98982	2.98982	2.98982	2.98982	2.98982	2.98982	2.98982	2.98982	2.98982	2.98982	2.98982	2.98982	2.7391	1.14881	1	1	1	1	1	1	1	1
1	1	1	1	1	1	1	1	1	1	1	1	1	1	1	1	1	1	1	1	1	1	1	1	1	1	1	1	1	1	1	1	1	1.23617	2.86179	2.98982	2.98982	2.98982	2.98982	2.98982	2.98982	2.98982	2.98982	2.98982	2.98982	2.98982	2.98982	2.98982	2.98982	2.98982	2.98982	2.98982	2.98982	2.98982	2.98982	2.34046	1	1	1	1	1	1	1	1
1	1	1	1	1	1	1	1	1	1	1	1	1	1	1	1	1	1	1	1	1	1	1	1	1	1	1	1	1	1	1	1	1	2.30706	2.98982	2.98982	2.98982	2.98982	2.98982	2.98982	2.98982	2.98982	2.98982	2.98982	2.98982	2.98982	2.98982	2.98982	2.98982	2.98982	2.98982	2.98982	2.98982	2.98982	2.98982	2.97426	1.50849	1	1	1	1	1	1	1
1	1	1	1	1	1	1	1	1	1	1	1	1	1	1	1	1	1	1	1	1	1	1	1	1	1	1	1	1	1	1	1	1.21875	2.93224	2.98982	2.98982	2.98982	2.98982	2.98982	2.98982	2.98982	2.98982	2.98982	2.98982	2.98982	2.98982	2.98982	2.98982	2.98982	2.98982	2.98982	2.98982	2.98982	2.98982	2.98982	2.98982	2.42055	1	1	1	1	1	1	1
1	1	1	1	1	1	1	1	1	1	1	1	1	1	1	1	1	1	1	1	1	1	1	1	1	1	1	1	1	1	1	1	2.00302	2.98982	2.98982	2.98982	2.98982	2.98982	2.98982	2.98982	2.98982	2.98982	2.98982	2.98982	2.98982	2.98982	2.98982	2.98982	2.98982	2.98982	2.98982	2.98982	2.98982	2.98982	2.98982	2.98982	2.92606	1.12287	1	1	1	1	1	1
1	1	1	1	1	1	1	1	1	1	1	1	1	1	1	1	1	1	1	1	1	1	1	1	1	1	1	1	1	1	1	1	2.49185	2.98982	2.98982	2.98982	2.98982	2.98982	2.98982	2.98982	2.98982	2.98982	2.98982	2.98982	2.98982	2.98982	2.98982	2.98982	2.98982	2.98982	2.98982	2.98982	2.98982	2.98982	2.98982	2.98982	2.98982	1.74095	1	1	1	1	1	1
1	1	1	1	1	1	1	1	1	1	1	1	1	1	1	1	1	1	1	1	1	1	1	1	1	1	1	1	1	1	1	1	2.78061	2.98982	2.98982	2.98982	2.98982	2.98982	2.98982	2.98982	2.98982	2.98982	2.98982	2.98982	2.98982	2.98982	2.98982	2.98982	2.98982	2.98982	2.98982	2.98982	2.98982	2.98982	2.98982	2.98982	2.98982	2.13361	1	1	1	1	1	1
1	1	1	1	1	1	1	1	1	1	1	1	1	1	1	1	1	1	1	1	1	1	1	1	1	1	1	1	1	1	1	1	2.93412	2.98982	2.98982	2.98982	2.98982	2.98982	2.98982	2.98982	2.98982	2.98982	2.98982	2.98982	2.98982	2.98982	2.98982	2.98982	2.98982	2.98982	2.98982	2.98982	2.98982	2.98982	2.98982	2.98982	2.98982	2.33008	1	1	1	1	1	1
1	1	1	1	1	1	1	1	1	1	1	1	1	1	1	1	1	1	1	1	1	1	1	1	1	1	1	1	1	1	1	1	2.98153	2.98982	2.98982	2.98982	2.98982	2.98982	2.98982	2.98982	2.98982	2.98982	2.98982	2.98982	2.98982	2.98982	2.98982	2.98982	2.98982	2.98982	2.98982	2.98982	2.98982	2.98982	2.98982	2.98982	2.98982	2.38928	1	1	1	1	1	1
1	1	1	1	1	1	1	1	1	1	1	1	1	1	1	1	1	1	1	1	1	1	1	1	1	1	1	1	1	1	1	1	2.91271	2.98982	2.98982	2.98982	2.98982	2.98982	2.98982	2.98982	2.98982	2.98982	2.98982	2.98982	2.98982	2.98982	2.98982	2.98982	2.98982	2.98982	2.98982	2.98982	2.98982	2.98982	2.98982	2.98982	2.98982	2.30307	1	1	1	1	1	1
1	1	1	1	1	1	1	1	1	1	1	1	1	1	1	1	1	1	1	1	1	1	1	1	1	1	1	1	1	1	1	1	2.73487	2.98982	2.98982	2.98982	2.98982	2.98982	2.98982	2.98982	2.98982	2.98982	2.98982	2.98982	2.98982	2.98982	2.98982	2.98982	2.98982	2.98982	2.98982	2.98982	2.98982	2.98982	2.98982	2.98982	2.98982	2.07367	1	1	1	1	1	1
1	1	1	1	1	1	1	1	1	1	1	1	1	1	1	1	1	1	1	1	1	1	1	1	1	1	1	1	1	1	1	1	2.41353	2.98982	2.98982	2.98982	2.98982	2.98982	2.98982	2.98982	2.98982	2.98982	2.98982	2.98982	2.98982	2.98982	2.98982	2.98982	2.98982	2.98982	2.98982	2.98982	2.98982	2.98982	2.98982	2.98982	2.98982	1.62702	1	1	1	1	1	1
1	1	1	1	1	1	1	1	1	1	1	1	1	1	1	1	1	1	1	1	1	1	1	1	1	1	1	1	1	1	1	1	1.86748	2.98982	2.98982	2.98982	2.98982	2.98982	2.98982	2.98982	2.98982	2.98982	2.98982	2.98982	2.98982	2.98982	2.98982	2.98982	2.98982	2.98982	2.98982	2.98982	2.98982	2.98982	2.98982	2.98982	2.86395	1.04372	1	1	1	1	1	1
1	1	1	1	1	1	1	1	1	1	1	1	1	1	1	1	1	1	1	1	1	1	1	1	1	1	1	1	1	1	1	1	1.09765	2.86377	2.98982	2.98982	2.98982	2.98982	2.98982	2.98982	2.98982	2.98982	2.98982	2.98982	2.98982	2.98982	2.98982	2.98982	2.98982	2.98982	2.98982	2.98982	2.98982	2.98982	2.98982	2.98982	2.27659	1	1	1	1	1	1	1
1	1	1	1	1	1	1	1	1	1	1	1	1	1	1	1	1	1	1	1	1	1	1	1	1	1	1	1	1	1	1	1	1	2.11581	2.98982	2.98982	2.98982	2.98982	2.98982	2.98982	2.98982	2.98982	2.98982	2.98982	2.98982	2.98982	2.98982	2.98982	2.98982	2.98982	2.98982	2.98982	2.98982	2.98982	2.98982	2.92676	1.31509	1	1	1	1	1	1	1
1	1	1	1	1	1	1	1	1	1	1	1	1	1	1	1	1	1	1	1	1	1	1	1	1	1	1	1	1	1	1	1	1	1.08506	2.73631	2.98982	2.98982	2.98982	2.98982	2.98982	2.98982	2.98982	2.98982	2.98982	2.98982	2.98982	2.98982	2.98982	2.98982	2.98982	2.98982	2.98982	2.98982	2.98982	2.98982	2.10593	1	1	1	1	1	1	1	1
1	1	1	1	1	1	1	1	1	1	1	1	1	1	1	1	1	1	1	1	1	1	1	1	1	1	1	1	1	1	1	1	1	1	1.50063	2.91109	2.98982	2.98982	2.98982	2.98982	2.98982	2.98982	2.98982	2.98982	2.98982	2.98982	2.98982	2.98982	2.98982	2.98982	2.98982	2.98982	2.98982	2.98982	2.54146	1.02561	1	1	1	1	1	1	1	1
1	1	1	1	1	1	1	1	1	1	1	1	1	1	1	1	1	1	1	1	1	1	1	1	1	1	1	1	1	1	1	1	1	1	1	1.69465	2.92144	2.98982	2.98982	2.98982	2.98982	2.98982	2.98982	2.98982	2.98982	2.98982	2.98982	2.98982	2.98982	2.98982	2.98982	2.98982	2.98982	2.62611	1.15339	1	1	1	1	1	1	1	1	1
1	1	1	1	1	1	1	1	1	1	1	1	1	1	1	1	1	1	1	1	1	1	1	1	1	1	1	1	1	1	1	1	1	1	1	1	1.564	2.79611	2.98982	2.98982	2.98982	2.98982	2.98982	2.98982	2.98982	2.98982	2.98982	2.98982	2.98982	2.98982	2.98982	2.98982	2.4095	1.11333	1	1	1	1	1	1	1	1	1	1
1	1	1	1	1	1	1	1	1	1	1	1	1	1	1	1	1	1	1	1	1	1	1	1	1	1	1	1	1	1	1	1	1	1	1	1	1	1.16632	2.27637	2.94041	2.98982	2.98982	2.98982	2.98982	2.98982	2.98982	2.98982	2.98982	2.98982	2.98982	2.77114	1.81914	1	1	1	1	1	1	1	1	1	1	1	1
1	1	1	1	1	1	1	1	1	1	1	1	1	1	1	1	1	1	1	1	1	1	1	1	1	1	1	1	1	1	1	1	1	1	1	1	1	1	1	1.28096	2.12678	2.64633	2.94963	2.98982	2.98982	2.98982	2.98982	2.85704	2.46917	1.82362	1.03902	1	1	1	1	1	1	1	1	1	1	1	1	1
1	1	1	1	1	1	1	1	1	1	1	1	1	1	1	1	1	1	1	1	1	1	1	1	1	1	1	1	1	1	1	1	1	1	1	1	1	1	1	1	1	1	1.06297	1.4065	1.54363	1.53356	1.26621	1.00099	1	1	1	1	1	1	1	1	1	1	1	1	1	1	1	1
1	1	1	1	1	1	1	1	1	1	1	1	1	1	1	1	1	1	1	1	1	1	1	1	1	1	1	1	1	1	1	1	1	1	1	1	1	1	1	1	1	1	1	1	1	1	1	1	1	1	1	1	1	1	1	1	1	1	1	1	1	1	1	1
1	1	1	1	1	1	1	1	1	1	1	1	1	1	1	1	1	1	1	1	1	1	1	1	1	1	1	1	1	1	1	1	1	1	1	1	1	1	1	1	1	1	1	1	1	1	1	1	1	1	1	1	1	1	1	1	1	1	1	1	1	1	1	1
1	1	1	1	1	1	1	1	1	1	1	1	1	1	1	1	1	1	1	1	1	1	1	1	1	1	1	1	1	1	1	1	1	1	1	1	1	1	1	1	1	1	1	1	1	1	1	1	1	1	1	1	1	1	1	1	1	1	1	1	1	1	1	1
1	1	1	1	1	1	1	1	1	1	1	1	1	1	1	1	1	1	1	1	1	1	1	1	1	1	1	1	1	1	1	1	1	1	1	1	1	1	1	1	1	1	1	1	1	1	1	1	1	1	1	1	1	1	1	1	1	1	1	1	1	1	1	1
1	1	1	1	1	1	1	1	1	1	1	1	1	1	1	1	1	1	1	1	1	1	1	1	1	1	1	1	1	1	1	1	1	1	1	1	1	1	1	1	1	1	1	1	1	1	1	1	1	1	1	1	1	1	1	1	1	1	1	1	1	1	1	1
1	1	1	1	1	1	1	1	1	1	1	1	1	1	1	1	1	1	1	1	1	1	1	1	1	1	1	1	1	1	1	1	1	1	1	1	1	1	1	1	1	1	1	1	1	1	1	1	1	1	1	1	1	1	1	1	1	1	1	1	1	1	1	1
1	1	1	1	1	1	1	1	1	1	1	1	1	1	1	1	1	1	1	1	1	1	1	1	1	1	1	1	1	1	1	1	1	1	1	1	1	1	1	1	1	1	1	1	1	1	1	1	1	1	1	1	1	1	1	1	1	1	1	1	1	1	1	1
1	1	1	1	1	1	1	1	1	1	1	1	1	1	1	1	1	1	1	1	1	1	1	1	1	1	1	1	1	1	1	1	1	1	1	1	1	1	1	1	1	1	1	1	1	1	1	1	1	1	1	1	1	1	1	1	1	1	1	1	1	1	1	1
1	1	1	1	1	1	1	1	1	1	1	1	1	1	1	1	1	1	1	1	1	1	1	1	1	1	1	1	1	1	1	1	1	1	1	1	1	1	1	1	1	1	1	1	1	1	1	1	1	1	1	1	1	1	1	1	1	1	1	1	1	1	1	1
1	1	1	1	1	1	1	1	1	1	1	1	1	1	1	1	1	1	1	1	1	1	1	1	1	1	1	1	1	1	1	1	1	1	1	1	1	1	1	1	1	1	1	1	1	1	1	1	1	1	1	1	1	1	1	1	1	1	1	1	1	1	1	1
1	1	1	1	1	1	1	1	1	1	1	1	1	1	1	1	1	1	1	1	1	1	1	1	1	1	1	1	1	1	1	1	1	1	1	1	1	1	1	1	1	1	1	1	1	1	1	1	1	1	1	1	1	1	1	1	1	1	1	1	1	1	1	1
1	1	1	1	1	1	1	1	1	1	1	1	1	1	1	1	1	1	1	1	1	1	1	1	1	1	1	1	1	1	1	1	1	1	1	1	1	1	1	1	1	1	1	1	1	1	1	1	1	1	1	1	1	1	1	1	1	1	1	1	1	1	1	1
