0	0	0	0	0	0	0	0	0	0	0	0	0	0	0	0	0	0	0	0	0	0	0	0	0	0	0	0	0	0	0	0	0	0	0	0	0	0	0	0	0	0	0	0	0	0	0	0	0	0	0	0	0	0	0	0	0	0	0	0	0	0	0	0
0	0	0	0	0	0	0	0	0	0	0	0	0	0	0	0	0	0	0	0	0	0	0	0	0	0	0	0	0	0	0	0	0	0	0	0	0	0	0	0	0	0	0	0	0	0	0	0	0	0	0	0	0	0	0	0	0	0	0	0	0	0	0	0
0	0	0	0	0	0	0	0	0	0	0	0	0	0	0	0	0	0	0	0	0	0	0	0	0	0	0	0	0	0	0	0	0	0	0	0	0	0	0	0	0	0	0	0	0	0	0	0	0	0	0	0	0	0	0	0	0	0	0	0	0	0	0	0
0	0	0	0	0	0	0	0	0	0	0	0	0	0	0	0	0	0	0	0	0	0	0	0	0	0	0	0	0	0	0	0	0	0	0	0	0	0	0	0	0	0	0	0	0	0	0	0	0	0	0	0	0	0	0	0	0	0	0	0	0	0	0	0
0	0	0	0	0	0	0	0	0	0	0	0	0	0	0	0	0	0	0	0	0	0	0	0	0	0	0	0	0	0	0	0	0	0	0	0	0	0	0	0	0	0	0	0	0	0	0	0	0	0	0	0	0	0	0	0	0	0	0	0	0	0	0	0
0	0	0	0	0	0	0	0	0	0	0	0	0	0	0	0	0	0	0	0	0	0	0	0	0	0	0	0	0	0	0	0	0	0	0	0	0	0	0	0	0	0	0	0	0	0	0	0	0	0	0	0	0	0	0	0	0	0	0	0	0	0	0	0
0	0	0	0	0	0	0	0	0	0	0	0	0	0	0	0	0	0	0	0	0	0	0	0	0	0	0	0	0	0	0	0	0	0	0	0	0	0	0	0	0	0	0	0	0	0	0	0	0	0	0	0	0	0	0	0	0	0	0	0	0	0	0	0
0	0	0	0	0	0	0	0	0	0	0	0	0	0	0	0	0	0	0	0	0	0	0	0	0	0	0	0	0	0	0	0	0	0	0	0	0	0	0	0	0	0	0	0	0	0	0	0	0	0	0	0	0	0	0	0	0	0	0	0	0	0	0	0
0	0	0	0	0	0	0	0	0	0	0	0	0	0	0	0	0	0	0	0	0	0	0	0	0	0	0	0	0	0	0	0	0	0	0	0	0	0	0	0	0	0	0	0	0	0	0	0	0	0	0	0	0	0	0	0	0	0	0	0	0	0	0	0
0	0	0	0	0	0	0	0	0	0	0	0	0	0	0	0	0	0	0	0	0	0	0	0	0	0	0	0	0	0	0	0	0	0	0	0	0	0	0	0	0	0	0	0	0	0	0	0	0	0	0	0	0	0	0	0	0	0	0	0	0	0	0	0
0	0	0	0	0	0	0	0	0	0	0	0	0	0	0	0	0	0	0	0	0	0	0	0	0	0	0	0	0	0	0	0	0	0	0	0	0	0	0	0	0	0	0	0	0	0	0	0	0	0	0	0	0	0	0	0	0	0	0	0	0	0	0	0
0	0	0	0	0	0	0	0	0	0	0	0	0	0	0	0	0	0	0	0	0	0	0	0	0	0	0	0	0	0	0	0	0	0	0	0	0	0	0	0	0	0	0	0	0	0	0	0	0	0	0	0	0	0	0	0	0	0	0	0	0	0	0	0
0	0	0	0	0	0	0	0	0	0	0	0	0	0	0	0	0	0	0	0	0	0	0	0	0	0	0	0	0	0	0	0	0	0	0	0	0	0	0	0	0	0	0	0	0	0	0	0	0	0	0	0	0	0	0	0	0	0	0	0	0	0	0	0
0	0	0	0	0	0	0	0	0	0	0	0	0	0	0	0	0	0	0	0	0	0	0	0	0	0	0	0	0	0	0	0	0	0	0	0	0	0	0	0	0	0	0	0	0	0	0	0	0	0	0	0	0	0	0	0	0	0	0	0	0	0	0	0
0	0	0	0	0	0	0	0	0	0	0	0	0	0	0	0	0	0	0	0	0	0	0	0	0	0	0	0	0	0	0	0	0	0	0	0	0	0	0	0	0	0	0	0	0	0	0	0	0	0	0	0	0	0	0	0	0	0	0	0	0	0	0	0
0	0	0	0	0	0	0	0	0	0	0	0	0	0	0	0	0	0	0	0	0	0	0	0	0	0	0	0	0	0	0	0	0	0	0	0	0	0	0	0	0	0	0	0	0	0	0	0	0	0	0	0	0	0	0	0	0	0	0	0	0	0	0	0
0	0	0	0	0	0	0	0	0	0	0	0	0	0	0	0	0	0	0	0	0	0	0	0	0	0	0	0	0	0	0	0	0	0	0	0	0	0	0	0	0	0	0	0	0	0	0	0	0	0	0	0	0	0	0	0	0	0	0	0	0	0	0	0
0	0	0	0	0	0	0	0	0	0	0	0	0	0	0	0	0	0	0	0	0	0	0	0	0	0	0	0	0	0	0	0	0	0	0	0	0	0	0	0	0	0	0	0	0	0	0	0	0	0	0	0	0	0	0	0	0	0	0	0	0	0	0	0
0	0	0	0	0	0	0	0	0	0	0	0	0	0	0	0	0	0	0	0	0	0	0	0	0	0	0	0	0	0	0	0	0	0	0	0	0	0	0	0	0	0	0	0	0	0	0	0	0	0	0	0	0	0	0	0	0	0	0	0	0	0	0	0
0	0	0	0	0	0	0	0	0	0	0	0	0	0	0	0	0	0	0	0	0	0	0	0	0	0	0	0	0	0	0	0	0	0	0	0	0	0	0	0	0	0	0	0	0	0	0	0	0	0	0	0	0	0	0	0	0	0	0	0	0	0	0	0
0	0	0	0	0	0	0	0	0	0	0	0	0	0	0	0	0	0	0	0	0	0	0	0	0	0	0	0	0	0	0	0	0	0	0	0	0	0	0	0	0	0	0	0	0	0	0	0	0	0	0	0	0	0	0	0	0	0	0	0	0	0	0	0
0	0	0	0	0	0	0	0	0	0	0	0	0	0	0	0	0	0	0	0	0	0	0	0	0	0	0	0	0	0	0	0	0	0	0	0	0	0	0	0	0	0	0	0	0	0	0	0	0	0	0	0	0	0	0	0	0	0	0	0	0	0	0	0
0	0	0	0	0	0	0	0	0	0	0	0	0	0	0	0	0	0	0	0	0	0	0	0	0	0	0	0	0	0	0	0	0	0	0	0	0	0	0	0	0	0	0	0	0	0	0	0	0	0	0	0	0	0	0	0	0	0	0	0	0	0	0	0
0	0	0	0	0	0	0	0	0	0	0	0	0	0	0	0	0	0	0	0	0	0	0	0	0	0	0	0	0	0	0	0	0	0	0	0	0	0	0	0	0	0	0	0	0	0	0	0	0	0	0	0	0	0	0	0	0	0	0	0	0	0	0	0
0	0	0	0	0	0	0	0	0	0	0	0	0	0	0	0	0	0	0	0	0	0	0	0	0	0	0	0	0	0	0	0	0	0	0	0	0	0	0	0	0	0	0	0	0	0	0	0	0	0	0	0	0	0	0	0	0	0	0	0	0	0	0	0
0.156887	0.156887	0.156887	0.156887	0.156887	0.156887	0.156887	0.156887	0.156887	0.156887	0.156887	0.156887	0.156887	0.156887	0.156887	0.156887	0.156887	0.156887	0.156887	0.156887	0.156887	0.156887	0.156887	0.156887	0.156887	0.156887	0.156887	0.156887	0.156887	0.156887	0.156887	0.156887	0.156887	0.156887	0.156887	0.156887	0.156887	0.156887	0.156887	0.156887	0.156887	0.156887	0.156887	0.156887	0.156887	0.156887	0.156887	0.156887	0.156887	0.156887	0.156887	0.156887	0.156887	0.156887	0.156887	0.156887	0.156887	0.156887	0.156887	0.156887	0.156887	0.156887	0.156887	0.156887
0.267983	0.267983	0.267983	0.267983	0.267983	0.267983	0.267983	0.267983	0.267983	0.267983	0.267983	0.267983	0.267983	0.267983	0.267983	0.267983	0.267983	0.267983	0.267983	0.267983	0.267983	0.267983	0.267983	0.267983	0.267983	0.267983	0.267983	0.267983	0.267983	0.267983	0.267983	0.267983	0.267983	0.267983	0.267983	0.267983	0.267983	0.267983	0.267983	0.267983	0.267983	0.267983	0.267983	0.267983	0.267983	0.267983	0.267983	0.267983	0.267983	0.267983	0.267983	0.267983	0.267983	0.267983	0.267983	0.267983	0.267983	0.267983	0.267983	0.267983	0.267983	0.267983	0.267983	0.267983
0.267983	0.267983	0.267983	0.267983	0.267983	0.267983	0.267983	0.267983	0.267983	0.267983	0.267983	0.267983	0.267983	0.267983	0.267983	0.267983	0.267983	0.267983	0.267983	0.267983	0.267983	0.267983	0.267983	0.267983	0.267983	0.267983	0.267983	0.267983	0.267983	0.267983	0.267983	0.267983	0.267983	0.267983	0.267983	0.267983	0.267983	0.267983	0.267983	0.267983	0.267983	0.267983	0.267983	0.267983	0.267983	0.267983	0.267983	0.267983	0.267983	0.267983	0.267983	0.267983	0.267983	0.267983	0.267983	0.267983	0.267983	0.267983	0.267983	0.267983	0.267983	0.267983	0.267983	0.267983
0.267983	0.267983	0.267983	0.267983	0.267983	0.267983	0.267983	0.267983	0.267983	0.267983	0.267983	0.267983	0.267983	0.267983	0.267983	0.267983	0.267983	0.267983	0.267983	0.267983	0.267983	0.267983	0.267983	0.267983	0.267983	0.267983	0.267983	0.267983	0.267983	0.267983	0.267983	0.267983	0.267983	0.267983	0.267983	0.267983	0.267983	0.267983	0.267983	0.267983	0.267983	0.267983	0.267983	0.267983	0.267983	0.267983	0.267983	0.267983	0.267983	0.267983	0.267983	0.267983	0.267983	0.267983	0.267983	0.267983	0.267983	0.267983	0.267983	0.267983	0.267983	0.267983	0.267983	0.267983
0.267983	0.267983	0.267983	0.267983	0.267983	0.267983	0.267983	0.267983	0.267983	0.267983	0.267983	0.267983	0.267983	0.267983	0.267983	0.267983	0.267983	0.267983	0.267983	0.267983	0.267983	0.267983	0.267983	0.267983	0.267983	0.267983	0.267983	0.267983	0.267983	0.267983	0.267983	0.267983	0.267983	0.267983	0.267983	0.267983	0.267983	0.267983	0.267983	0.267983	0.267983	0.267983	0.267983	0.267983	0.267983	0.267983	0.267983	0.267983	0.267983	0.267983	0.267983	0.267983	0.267983	0.267983	0.267983	0.267983	0.267983	0.267983	0.267983	0.267983	0.267983	0.267983	0.267983	0.267983
0.267983	0.267983	0.267983	0.267983	0.267983	0.267983	0.267983	0.267983	0.267983	0.267983	0.267983	0.267983	0.267983	0.267983	0.267983	0.267983	0.267983	0.267983	0.267983	0.267983	0.267983	0.267983	0.267983	0.267983	0.267983	0.267983	0.267983	0.267983	0.267983	0.267983	0.267983	0.267983	0.267983	0.267983	0.267983	0.267983	0.267983	0.267983	0.267983	0.267983	0.267983	0.267983	0.267983	0.267983	0.267983	0.267983	0.267983	0.267983	0.267983	0.267983	0.267983	0.267983	0.267983	0.267983	0.267983	0.267983	0.267983	0.267983	0.267983	0.267983	0.267983	0.267983	0.267983	0.267983
0.267983	0.267983	0.267983	0.267983	0.267983	0.267983	0.267983	0.267983	0.267983	0.267983	0.267983	0.267983	0.267983	0.267983	0.267983	0.267983	0.267983	0.267983	0.267983	0.267983	0.267983	0.267983	0.267983	0.267983	0.267983	0.267983	0.267983	0.267983	0.267983	0.267983	0.267983	0.267983	0.267983	0.267983	0.267983	0.267983	0.267983	0.267983	0.267983	0.267983	0.267983	0.267983	0.267983	0.267983	0.267983	0.267983	0.267983	0.267983	0.267983	0.267983	0.267983	0.267983	0.267983	0.267983	0.267983	0.267983	0.267983	0.267983	0.267983	0.267983	0.267983	0.267983	0.267983	0.267983
0.267983	0.267983	0.267983	0.267983	0.267983	0.267983	0.267983	0.267983	0.267983	0.267983	0.267983	0.267983	0.267983	0.267983	0.267983	0.267983	0.267983	0.267983	0.267983	0.267983	0.267983	0.267983	0.267983	0.267983	0.267983	0.267983	0.267983	0.267983	0.267983	0.267983	0.267983	0.267983	0.267983	0.267983	0.267983	0.267983	0.267983	0.267983	0.267983	0.267983	0.267983	0.267983	0.267983	0.267983	0.267983	0.267983	0.267983	0.267983	0.267983	0.267983	0.267983	0.267983	0.267983	0.267983	0.267983	0.267983	0.267983	0.267983	0.267983	0.267983	0.267983	0.267983	0.267983	0.267983
0.267983	0.267983	0.267983	0.267983	0.267983	0.267983	0.267983	0.267983	0.267983	0.267983	0.267983	0.267983	0.267983	0.267983	0.267983	0.267983	0.267983	0.267983	0.267983	0.267983	0.267983	0.267983	0.267983	0.267983	0.267983	0.267983	0.267983	0.267983	0.267983	0.267983	0.267983	0.267983	0.267983	0.267983	0.267983	0.267983	0.267983	0.267983	0.267983	0.267983	0.267983	0.267983	0.267983	0.267983	0.267983	0.267983	0.267983	0.267983	0.267983	0.267983	0.267983	0.267983	0.267983	0.267983	0.267983	0.267983	0.267983	0.267983	0.267983	0.267983	0.267983	0.267983	0.267983	0.267983
0.267983	0.267983	0.267983	0.267983	0.267983	0.267983	0.267983	0.267983	0.267983	0.267983	0.267983	0.267983	0.267983	0.267983	0.267983	0.267983	0.267983	0.267983	0.267983	0.267983	0.267983	0.267983	0.267983	0.267983	0.267983	0.267983	0.267983	0.267983	0.267983	0.267983	0.267983	0.267983	0.267983	0.267983	0.267983	0.267983	0.267983	0.267983	0.267983	0.267983	0.267983	0.267983	0.267983	0.267983	0.267983	0.267983	0.267983	0.267983	0.267983	0.267983	0.267983	0.267983	0.267983	0.267983	0.267983	0.267983	0.267983	0.267983	0.267983	0.267983	0.267983	0.267983	0.267983	0.267983
0.267983	0.267983	0.267983	0.267983	0.267983	0.267983	0.267983	0.267983	0.267983	0.267983	0.267983	0.267983	0.267983	0.267983	0.267983	0.267983	0.267983	0.267983	0.267983	0.267983	0.267983	0.267983	0.267983	0.267983	0.267983	0.267983	0.267983	0.267983	0.267983	0.267983	0.267983	0.267983	0.267983	0.267983	0.267983	0.267983	0.267983	0.267983	0.267983	0.267983	0.267983	0.267983	0.267983	0.267983	0.267983	0.267983	0.267983	0.267983	0.267983	0.267983	0.267983	0.267983	0.267983	0.267983	0.267983	0.267983	0.267983	0.267983	0.267983	0.267983	0.267983	0.267983	0.267983	0.267983
0.267983	0.267983	0.267983	0.267983	0.267983	0.267983	0.267983	0.267983	0.267983	0.267983	0.267983	0.267983	0.267983	0.267983	0.267983	0.267983	0.267983	0.267983	0.267983	0.267983	0.267983	0.267983	0.267983	0.267983	0.267983	0.267983	0.267983	0.267983	0.267983	0.267983	0.267983	0.267983	0.267983	0.267983	0.267983	0.267983	0.267983	0.267983	0.267983	0.267983	0.267983	0.267983	0.267983	0.267983	0.267983	0.267983	0.267983	0.267983	0.267983	0.267983	0.267983	0.267983	0.267983	0.267983	0.267983	0.267983	0.267983	0.267983	0.267983	0.267983	0.267983	0.267983	0.267983	0.267983
0.267983	0.267983	0.267983	0.267983	0.267983	0.267983	0.267983	0.267983	0.267983	0.267983	0.267983	0.267983	0.267983	0.267983	0.267983	0.267983	0.267983	0.267983	0.267983	0.267983	0.267983	0.267983	0.267983	0.267983	0.267983	0.267983	0.267983	0.267983	0.267983	0.267983	0.267983	0.267983	0.267983	0.267983	0.267983	0.267983	0.267983	0.267983	0.267983	0.267983	0.267983	0.267983	0.267983	0.267983	0.267983	0.267983	0.267983	0.267983	0.267983	0.267983	0.267983	0.267983	0.267983	0.267983	0.267983	0.267983	0.267983	0.267983	0.267983	0.267983	0.267983	0.267983	0.267983	0.267983
0.267983	0.267983	0.267983	0.267983	0.267983	0.267983	0.267983	0.267983	0.267983	0.267983	0.267983	0.267983	0.267983	0.267983	0.267983	0.267983	0.267983	0.267983	0.267983	0.267983	0.267983	0.267983	0.267983	0.267983	0.267983	0.267983	0.267983	0.267983	0.267983	0.267983	0.267983	0.267983	0.267983	0.267983	0.267983	0.267983	0.267983	0.267983	0.267983	0.267983	0.267983	0.267983	0.267983	0.267983	0.267983	0.267983	0.267983	0.267983	0.267983	0.267983	0.267983	0.267983	0.267983	0.267983	0.267983	0.267983	0.267983	0.267983	0.267983	0.267983	0.267983	0.267983	0.267983	0.267983
0.267983	0.267983	0.267983	0.267983	0.267983	0.267983	0.267983	0.267983	0.267983	0.267983	0.267983	0.267983	0.267983	0.267983	0.267983	0.267983	0.267983	0.267983	0.267983	0.267983	0.267983	0.267983	0.267983	0.267983	0.267983	0.267983	0.267983	0.267983	0.267983	0.267983	0.267983	0.267983	0.267983	0.267983	0.267983	0.267983	0.267983	0.267983	0.267983	0.267983	0.267983	0.267983	0.267983	0.267983	0.267983	0.267983	0.267983	0.267983	0.267983	0.267983	0.267983	0.267983	0.267983	0.267983	0.267983	0.267983	0.267983	0.267983	0.267983	0.267983	0.267983	0.267983	0.267983	0.267983
0.267983	0.267983	0.267983	0.267983	0.267983	0.267983	0.267983	0.267983	0.267983	0.267983	0.267983	0.267983	0.267983	0.267983	0.267983	0.267983	0.267983	0.267983	0.267983	0.267983	0.267983	0.267983	0.267983	0.267983	0.267983	0.267983	0.267983	0.267983	0.267983	0.267983	0.267983	0.267983	0.267983	0.267983	0.267983	0.267983	0.267983	0.267983	0.267983	0.267983	0.267983	0.267983	0.267983	0.267983	0.267983	0.267983	0.267983	0.267983	0.267983	0.267983	0.267983	0.267983	0.267983	0.267983	0.267983	0.267983	0.267983	0.267983	0.267983	0.267983	0.267983	0.267983	0.267983	0.267983
0.267983	0.267983	0.267983	0.267983	0.267983	0.267983	0.267983	0.267983	0.267983	0.267983	0.267983	0.267983	0.267983	0.267983	0.267983	0.267983	0.267983	0.267983	0.267983	0.267983	0.267983	0.267983	0.267983	0.267983	0.267983	0.267983	0.267983	0.267983	0.267983	0.267983	0.267983	0.267983	0.267983	0.267983	0.267983	0.267983	0.267983	0.267983	0.267983	0.267983	0.267983	0.267983	0.267983	0.267983	0.267983	0.267983	0.267983	0.267983	0.267983	0.267983	0.267983	0.267983	0.267983	0.267983	0.267983	0.267983	0.267983	0.267983	0.267983	0.267983	0.267983	0.267983	0.267983	0.267983
0.267983	0.267983	0.267983	0.267983	0.267983	0.267983	0.267983	0.267983	0.267983	0.267983	0.267983	0.267983	0.267983	0.267983	0.267983	0.267983	0.267983	0.267983	0.267983	0.267983	0.267983	0.267983	0.267983	0.267983	0.267983	0.267983	0.267983	0.267983	0.267983	0.267983	0.267983	0.267983	0.267983	0.267983	0.267983	0.267983	0.267983	0.267983	0.267983	0.267983	0.267983	0.267983	0.267983	0.267983	0.267983	0.267983	0.267983	0.267983	0.267983	0.267983	0.267983	0.267983	0.267983	0.267983	0.267983	0.267983	0.267983	0.267983	0.267983	0.267983	0.267983	0.267983	0.267983	0.267983
0.267983	0.267983	0.267983	0.267983	0.267983	0.267983	0.267983	0.267983	0.267983	0.267983	0.267983	0.267983	0.267983	0.267983	0.267983	0.267983	0.267983	0.267983	0.267983	0.267983	0.267983	0.267983	0.267983	0.267983	0.267983	0.267983	0.267983	0.267983	0.267983	0.267983	0.267983	0.267983	0.267983	0.267983	0.267983	0.267983	0.267983	0.267983	0.267983	0.267983	0.267983	0.267983	0.267983	0.267983	0.267983	0.267983	0.267983	0.267983	0.267983	0.267983	0.267983	0.267983	0.267983	0.267983	0.267983	0.267983	0.267983	0.267983	0.267983	0.267983	0.267983	0.267983	0.267983	0.267983
0.267983	0.267983	0.267983	0.267983	0.267983	0.267983	0.267983	0.267983	0.267983	0.267983	0.267983	0.267983	0.267983	0.267983	0.267983	0.267983	0.267983	0.267983	0.267983	0.267983	0.267983	0.267983	0.267983	0.267983	0.267983	0.267983	0.267983	0.267983	0.267983	0.267983	0.267983	0.267983	0.267983	0.267983	0.267983	0.267983	0.267983	0.267983	0.267983	0.267983	0.267983	0.267983	0.267983	0.267983	0.267983	0.267983	0.267983	0.267983	0.267983	0.267983	0.267983	0.267983	0.267983	0.267983	0.267983	0.267983	0.267983	0.267983	0.267983	0.267983	0.267983	0.267983	0.267983	0.267983
0.267983	0.267983	0.267983	0.267983	0.267983	0.267983	0.267983	0.267983	0.267983	0.267983	0.267983	0.267983	0.267983	0.267983	0.267983	0.267983	0.267983	0.267983	0.267983	0.267983	0.267983	0.267983	0.267983	0.267983	0.267983	0.267983	0.267983	0.267983	0.267983	0.267983	0.267983	0.267983	0.267983	0.267983	0.267983	0.267983	0.267983	0.267983	0.267983	0.267983	0.267983	0.267983	0.267983	0.267983	0.267983	0.267983	0.267983	0.267983	0.267983	0.267983	0.267983	0.267983	0.267983	0.267983	0.267983	0.267983	0.267983	0.267983	0.267983	0.267983	0.267983	0.267983	0.267983	0.267983
0.267983	0.267983	0.267983	0.267983	0.267983	0.267983	0.267983	0.267983	0.267983	0.267983	0.267983	0.267983	0.267983	0.267983	0.267983	0.267983	0.267983	0.267983	0.267983	0.267983	0.267983	0.267983	0.267983	0.267983	0.267983	0.267983	0.267983	0.267983	0.267983	0.267983	0.267983	0.267983	0.267983	0.267983	0.267983	0.267983	0.267983	0.267983	0.267983	0.267983	0.267983	0.267983	0.267983	0.267983	0.267983	0.267983	0.267983	0.267983	0.267983	0.267983	0.267983	0.267983	0.267983	0.267983	0.267983	0.267983	0.267983	0.267983	0.267983	0.267983	0.267983	0.267983	0.267983	0.267983
0.267983	0.267983	0.267983	0.267983	0.267983	0.267983	0.267983	0.267983	0.267983	0.267983	0.267983	0.267983	0.267983	0.267983	0.267983	0.267983	0.267983	0.267983	0.267983	0.267983	0.267983	0.267983	0.267983	0.267983	0.267983	0.267983	0.267983	0.267983	0.267983	0.267983	0.267983	0.267983	0.267983	0.267983	0.267983	0.267983	0.267983	0.267983	0.267983	0.267983	0.267983	0.267983	0.267983	0.267983	0.267983	0.267983	0.267983	0.267983	0.267983	0.267983	0.267983	0.267983	0.267983	0.267983	0.267983	0.267983	0.267983	0.267983	0.267983	0.267983	0.267983	0.267983	0.267983	0.267983
0.267983	0.267983	0.267983	0.267983	0.267983	0.267983	0.267983	0.267983	0.267983	0.267983	0.267983	0.267983	0.267983	0.267983	0.267983	0.267983	0.267983	0.267983	0.267983	0.267983	0.267983	0.267983	0.267983	0.267983	0.267983	0.267983	0.267983	0.267983	0.267983	0.267983	0.267983	0.267983	0.267983	0.267983	0.267983	0.267983	0.267983	0.267983	0.267983	0.267983	0.267983	0.267983	0.267983	0.267983	0.267983	0.267983	0.267983	0.267983	0.267983	0.267983	0.267983	0.267983	0.267983	0.267983	0.267983	0.267983	0.267983	0.267983	0.267983	0.267983	0.267983	0.267983	0.267983	0.267983
0.267983	0.267983	0.267983	0.267983	0.267983	0.267983	0.267983	0.267983	0.267983	0.267983	0.267983	0.267983	0.267983	0.267983	0.267983	0.267983	0.267983	0.267983	0.267983	0.267983	0.267983	0.267983	0.267983	0.267983	0.267983	0.267983	0.267983	0.267983	0.267983	0.267983	0.267983	0.267983	0.267983	0.267983	0.267983	0.267983	0.267983	0.267983	0.267983	0.267983	0.267983	0.267983	0.267983	0.267983	0.267983	0.267983	0.267983	0.267983	0.267983	0.267983	0.267983	0.267983	0.267983	0.267983	0.267983	0.267983	0.267983	0.267983	0.267983	0.267983	0.267983	0.267983	0.267983	0.267983
0.267983	0.267983	0.267983	0.267983	0.267983	0.267983	0.267983	0.267983	0.267983	0.267983	0.267983	0.267983	0.267983	0.267983	0.267983	0.267983	0.267983	0.267983	0.267983	0.267983	0.267983	0.267983	0.267983	0.267983	0.267983	0.267983	0.267983	0.267983	0.267983	0.267983	0.267983	0.267983	0.267983	0.267983	0.267983	0.267983	0.267983	0.267983	0.267983	0.267983	0.267983	0.267983	0.267983	0.267983	0.267983	0.267983	0.267983	0.267983	0.267983	0.267983	0.267983	0.267983	0.267983	0.267983	0.267983	0.267983	0.267983	0.267983	0.267983	0.267983	0.267983	0.267983	0.267983	0.267983
0.0996769	0.0996769	0.0996769	0.0996769	0.0996769	0.0996769	0.0996769	0.0996769	0.0996769	0.0996769	0.0996769	0.0996769	0.0996769	0.0996769	0.0996769	0.0996769	0.0996769	0.0996769	0.0996769	0.0996769	0.0996769	0.0996769	0.0996769	0.0996769	0.0996769	0.0996769	0.0996769	0.0996769	0.0996769	0.0996769	0.0996769	0.0996769	0.0996769	0.0996769	0.0996769	0.0996769	0.0996769	0.0996769	0.0996769	0.0996769	0.0996769	0.0996769	0.0996769	0.0996769	0.0996769	0.0996769	0.0996769	0.0996769	0.0996769	0.0996769	0.0996769	0.0996769	0.0996769	0.0996769	0.0996769	0.0996769	0.0996769	0.0996769	0.0996769	0.0996769	0.0996769	0.0996769	0.0996769	0.0996769
0	0	0	0	0	0	0	0	0	0	0	0	0	0	0	0	0	0	0	0	0	0	0	0	0	0	0	0	0	0	0	0	0	0	0	0	0	0	0	0	0	0	0	0	0	0	0	0	0	0	0	0	0	0	0	0	0	0	0	0	0	0	0	0
0	0	0	0	0	0	0	0	0	0	0	0	0	0	0	0	0	0	0	0	0	0	0	0	0	0	0	0	0	0	0	0	0	0	0	0	0	0	0	0	0	0	0	0	0	0	0	0	0	0	0	0	0	0	0	0	0	0	0	0	0	0	0	0
0	0	0	0	0	0	0	0	0	0	0	0	0	0	0	0	0	0	0	0	0	0	0	0	0	0	0	0	0	0	0	0	0	0	0	0	0	0	0	0	0	0	0	0	0	0	0	0	0	0	0	0	0	0	0	0	0	0	0	0	0	0	0	0
0	0	0	0	0	0	0	0	0	0	0	0	0	0	0	0	0	0	0	0	0	0	0	0	0	0	0	0	0	0	0	0	0	0	0	0	0	0	0	0	0	0	0	0	0	0	0	0	0	0	0	0	0	0	0	0	0	0	0	0	0	0	0	0
0	0	0	0	0	0	0	0	0	0	0	0	0	0	0	0	0	0	0	0	0	0	0	0	0	0	0	0	0	0	0	0	0	0	0	0	0	0	0	0	0	0	0	0	0	0	0	0	0	0	0	0	0	0	0	0	0	0	0	0	0	0	0	0
0	0	0	0	0	0	0	0	0	0	0	0	0	0	0	0	0	0	0	0	0	0	0	0	0	0	0	0	0	0	0	0	0	0	0	0	0	0	0	0	0	0	0	0	0	0	0	0	0	0	0	0	0	0	0	0	0	0	0	0	0	0	0	0
0	0	0	0	0	0	0	0	0	0	0	0	0	0	0	0	0	0	0	0	0	0	0	0	0	0	0	0	0	0	0	0	0	0	0	0	0	0	0	0	0	0	0	0	0	0	0	0	0	0	0	0	0	0	0	0	0	0	0	0	0	0	0	0
0	0	0	0	0	0	0	0	0	0	0	0	0	0	0	0	0	0	0	0	0	0	0	0	0	0	0	0	0	0	0	0	0	0	0	0	0	0	0	0	0	0	0	0	0	0	0	0	0	0	0	0	0	0	0	0	0	0	0	0	0	0	0	0
0	0	0	0	0	0	0	0	0	0	0	0	0	0	0	0	0	0	0	0	0	0	0	0	0	0	0	0	0	0	0	0	0	0	0	0	0	0	0	0	0	0	0	0	0	0	0	0	0	0	0	0	0	0	0	0	0	0	0	0	0	0	0	0
0	0	0	0	0	0	0	0	0	0	0	0	0	0	0	0	0	0	0	0	0	0	0	0	0	0	0	0	0	0	0	0	0	0	0	0	0	0	0	0	0	0	0	0	0	0	0	0	0	0	0	0	0	0	0	0	0	0	0	0	0	0	0	0
0	0	0	0	0	0	0	0	0	0	0	0	0	0	0	0	0	0	0	0	0	0	0	0	0	0	0	0	0	0	0	0	0	0	0	0	0	0	0	0	0	0	0	0	0	0	0	0	0	0	0	0	0	0	0	0	0	0	0	0	0	0	0	0
0	0	0	0	0	0	0	0	0	0	0	0	0	0	0	0	0	0	0	0	0	0	0	0	0	0	0	0	0	0	0	0	0	0	0	0	0	0	0	0	0	0	0	0	0	0	0	0	0	0	0	0	0	0	0	0	0	0	0	0	0	0	0	0
