0	0	0	0	0	0	0	0	0	0	0	0	0	0	0	0	0	0	0	0	0	0	0	0	0	0	0	0	0	0	0	0	0	0	0	0	0	0	0	0	0	0	0	0	0	0	0	0	0	0	0	0	0	0	0	0	0	0	0	0	0	0	0	0
0	0	0	0	0	0	0	0	0	0	0	0	0	0	0	0	0	0	0	0	0	0	0	0	0	0	0	0	0	0	0	0	0	0	0	0	0	0	0	0	0	0	0	0	0	0	0	0	0	0	0	0	0	0	0	0	0	0	0	0	0	0	0	0
0	0	0	0	0	0	0	0	0	0	0	0	0	0	0	0	0	0	0	0	0	0	0	0	0	0	0	0	0	0	0	0	0	0	0	0	0	0	0	0	0	0	0	0	0	0	0	0	0	0	0	0	0	0	0	0	0	0	0	0	0	0	0	0
0	0	0	0	0	0	0	0	0	0	0	0	0	0	0	0	0	0	0	0	0	0	0	0	0	0	0	0	0	0	0	0	0	0	0	0	0	0	0	0	0	0	0	0	0	0	0	0	0	0	0	0	0	0	0	0	0	0	0	0	0	0	0	0
0	0	0	0	0	0	0	0	0	0	0	0	0	0	0	0	0	0	0	0	0	0	0	0	0	0	0	0	0	0	0	0	0	0	0	0	0	0	0	0	0	0	0	0	0	0	0	0	0	0	0	0	0	0	0	0	0	0	0	0	0	0	0	0
0	0	0	0	0	0	0	0	0	0	0	0	0	0	0	0	0	0	0	0	0	0	0	0	0	0	0	0	0	0	0	0	0	0	0	0	0	0	0	0	0	0	0	0	0	0	0	0	0	0	0	0	0	0	0	0	0	0	0	0	0	0	0	0
0	0	0	0	0	0	0	0	0	0	0	0	0	0	0	0	0	0	0	0	0	0	0	0	0	0	0	0	0	0	0	0	0	0	0	0	0	0	0	0	0	0	0	0	0	0	0	0	0	0	0	0	0	0	0	0	0	0	0	0	0	0	0	0
0	0	0	0	0	0	0	0	0	0	0	0	0	0	0	0	0	0	0	0	0	0	0	0	0	0	0	0	0	0	0	0	0	0	0	0	0	0	0	0	0	0	0	0	0	0	0	0	0	0	0	0	0	0	0	0	0	0	0	0	0	0	0	0
0	0	0	0	0	0	0	0	0	0	0	0	0	0	0	0	0	0	0	0	0	0	0	0	0	0	0	0	0	0	0	0	0	0	0	0	0	0	0	0	0	0	0	0	0	0	0	0	0	0	0	0	0	0	0	0	0	0	0	0	0	0	0	0
0	0	0	0	0	0	0	0	0	0	0	0	0	0	0	0	0	0	0	0	0	0	0	0	0	0	0	0	0	0	0	0	0	0	0	0	0	0	0	0	0	0	0	0	0	0	0	0	0	0	0	0	0	0	0	0	0	0	0	0	0	0	0	0
0	0	0	0	0	0	0	0	0	0	0	0	0	0	0	0	0	0	0	0	0	0	0	0	0	0	0	0	0	0	0	0	0	0	0	0	0	0	0	0	0	0	0	0	0	0	0	0	0	0	0	0	0	0	0	0	0	0	0	0	0	0	0	0
0	0	0	0	0	0	0	0	0	0	0	0	0	0	0	0	0	0	0	0	0	0	0	0	0	0	0	0	0	0	0	0	0	0	0	0	0	0	0	0	0	0	0	0	0	0	0	0	0	0	0	0	0	0	0	0	0	0	0	0	0	0	0	0
0	0	0	0	0	0	0	0	0	0	0	0	0	0	0	0	0	0	0	0	0	0	0	0	0	0	0	0	0	0	0	0	0	0	0	0	0	0	0	0	0	0	0	0	0	0	0	0	0	0	0	0	0	0	0	0	0	0	0	0	0	0	0	0
0	0	0	0	0	0	0	0	0	0	0	0	0	0	0	0	0	0	0	0	0	0	0	0	0	0	0	0	0	0	0	0	0	0	0	0	0	0	0	0	0	0	0	0	0	0	0	0	0	0	0	0	0	0	0	0	0	0	0	0	0	0	0	0
0	0	0	0	0	0	0	0	0	0	0	0	0	0	0	0	0	0	0	0	0	0	0	0	0	0	0	0	0	0	0	0	0	0	0	0	0	0	0	0	0	0	0	0	0	0	0	0	0	0	0	0	0	0	0	0	0	0	0	0	0	0	0	0
0	0	0	0	0	0	0	0	0	0	0	0	0	0	0	0	0	0	0	0	0	0	0	0	0	0	0	0	0	0	0	0	0	0	0	0	0	0	0	0	0	0	0	0	0	0	0	0	0	0	0	0	0	0	0	0	0	0	0	0	0	0	0	0
0	0	0	0	0	0	0	0	0	0	0	0	0	0	0	0	0	0	0	0	0	0	0	0	0	0	0	0	0	0	0	0	0	0	0	0	0	0	0	0	0	0	0	0	0	0	0	0	0	0	0	0	0	0	0	0	0	0	0	0	0	0	0	0
0	0	0	0	0	0	0	0	0	0	0	0	0	0	0	0	0	0	0	0	0	0	0	0	0	0	0	0	0	0	0	0	0	0	0	0	0	0	0	0	0	0	0	0	0	0	0	0	0	0	0	0	0	0	0	0	0	0	0	0	0	0	0	0
0	0	0	0	0	0	0	0	0	0	0	0	0	0	0	0	0	0	0	0	0	0	0	0	0	0	0	0	0	0	0	0	0	0	0	0	0	0	0	0	0	0	0	0	0	0	0	0	0	0	0	0	0	0	0	0	0	0	0	0	0	0	0	0
0	0	0	0	0	0	0	0	0	0	0	0	0	0	0	0	0	0	0	0	0	0	0	0	0	0	0	0	0	0	0	0	0	0	0	0	0	0	0	0	0	0	0	0	0	0	0	0	0	0	0	0	0	0	0	0	0	0	0	0	0	0	0	0
0	0	0	0	0	0	0	0	0	0	0	0	0	0	0	0	0	0	0	0	0	0	0	0	0	0	0	0	0	0	0	0	0	0	0	0	0	0	0	0	0	0	0	0	0	0	0	0	0	0	0	0	0	0	0	0	0	0	0	0	0	0	0	0
0	0	0	0	0	0	0	0	0	0	0	0	0	0	0	0	0	0	0	0	0	0	0	0	0	0	0	0	0	0	0	0	0	0	0	0	0	0	0	0	0	0	0	0	0	0	0	0	0	0	0	0	0	0	0	0	0	0	0	0	0	0	0	0
0	0	0	0	0	0	0	0	0	0	0	0	0	0	0	0	0	0	0	0	0	0	0	0	0	0	0	0	0	0	0	0	0	0	0	0	0	0	0	0	0	0	0	0	0	0	0	0	0	0	0	0	0	0	0	0	0	0	0	0	0	0	0	0
0	0	0	0	0	0	0	0	0	0	0	0	0	0	0	0	0	0	0	0	0	0	0	0	0	0	0	0	0	0	0	0	0	0	0	0	0	0	0	0	0	0	0	0	0	0	0	0	0	0	0	0	0	0	0	0	0	0	0	0	0	0	0	0
0	0	0	0	0	0	0	0	0	0	0	0	0	0	0	0	0	0	0	0	0	0	0	0	0	0	0	0	0	0	0	0	0	0	0	0	0	0	0	0	0	0	0	0	0	0	0	0	0	0	0	0	0	0	0	0	0	0	0	0	0	0	0	0
0.184293	0.184293	0.184293	0.184293	0.184293	0.184293	0.184293	0.184293	0.184293	0.184293	0.184293	0.184293	0.184293	0.184293	0.184293	0.184293	0.184293	0.184293	0.184293	0.184293	0.184293	0.184293	0.184293	0.184293	0.184293	0.184293	0.184293	0.184293	0.184293	0.184293	0.184293	0.184293	0.184293	0.184293	0.184293	0.184293	0.184293	0.184293	0.184293	0.184293	0.184293	0.184293	0.184293	0.184293	0.184293	0.184293	0.184293	0.184293	0.184293	0.184293	0.184293	0.184293	0.184293	0.184293	0.184293	0.184293	0.184293	0.184293	0.184293	0.184293	0.184293	0.184293	0.184293	0.184293
0.314668	0.314668	0.314668	0.314668	0.314668	0.314668	0.314668	0.314668	0.314668	0.314668	0.314668	0.314668	0.314668	0.314668	0.314668	0.314668	0.314668	0.314668	0.314668	0.314668	0.314668	0.314668	0.314668	0.314668	0.314668	0.314668	0.314668	0.314668	0.314668	0.314668	0.314668	0.314668	0.314668	0.314668	0.314668	0.314668	0.314668	0.314668	0.314668	0.314668	0.314668	0.314668	0.314668	0.314668	0.314668	0.314668	0.314668	0.314668	0.314668	0.314668	0.314668	0.314668	0.314668	0.314668	0.314668	0.314668	0.314668	0.314668	0.314668	0.314668	0.314668	0.314668	0.314668	0.314668
0.314668	0.314668	0.314668	0.314668	0.314668	0.314668	0.314668	0.314668	0.314668	0.314668	0.314668	0.314668	0.314668	0.314668	0.314668	0.314668	0.314668	0.314668	0.314668	0.314668	0.314668	0.314668	0.314668	0.314668	0.314668	0.314668	0.314668	0.314668	0.314668	0.314668	0.314668	0.314668	0.314668	0.314668	0.314668	0.314668	0.314668	0.314668	0.314668	0.314668	0.314668	0.314668	0.314668	0.314668	0.314668	0.314668	0.314668	0.314668	0.314668	0.314668	0.314668	0.314668	0.314668	0.314668	0.314668	0.314668	0.314668	0.314668	0.314668	0.314668	0.314668	0.314668	0.314668	0.314668
0.314668	0.314668	0.314668	0.314668	0.314668	0.314668	0.314668	0.314668	0.314668	0.314668	0.314668	0.314668	0.314668	0.314668	0.314668	0.314668	0.314668	0.314668	0.314668	0.314668	0.314668	0.314668	0.314668	0.314668	0.314668	0.314668	0.314668	0.314668	0.314668	0.314668	0.314668	0.314668	0.314668	0.314668	0.314668	0.314668	0.314668	0.314668	0.314668	0.314668	0.314668	0.314668	0.314668	0.314668	0.314668	0.314668	0.314668	0.314668	0.314668	0.314668	0.314668	0.314668	0.314668	0.314668	0.314668	0.314668	0.314668	0.314668	0.314668	0.314668	0.314668	0.314668	0.314668	0.314668
0.314668	0.314668	0.314668	0.314668	0.314668	0.314668	0.314668	0.314668	0.314668	0.314668	0.314668	0.314668	0.314668	0.314668	0.314668	0.314668	0.314668	0.314668	0.314668	0.314668	0.314668	0.314668	0.314668	0.314668	0.314668	0.314668	0.314668	0.314668	0.314668	0.314668	0.314668	0.314668	0.314668	0.314668	0.314668	0.314668	0.314668	0.314668	0.314668	0.314668	0.314668	0.314668	0.314668	0.314668	0.314668	0.314668	0.314668	0.314668	0.314668	0.314668	0.314668	0.314668	0.314668	0.314668	0.314668	0.314668	0.314668	0.314668	0.314668	0.314668	0.314668	0.314668	0.314668	0.314668
0.314668	0.314668	0.314668	0.314668	0.314668	0.314668	0.314668	0.314668	0.314668	0.314668	0.314668	0.314668	0.314668	0.314668	0.314668	0.314668	0.314668	0.314668	0.314668	0.314668	0.314668	0.314668	0.314668	0.314668	0.314668	0.314668	0.314668	0.314668	0.314668	0.314668	0.314668	0.314668	0.314668	0.314668	0.314668	0.314668	0.314668	0.314668	0.314668	0.314668	0.314668	0.314668	0.314668	0.314668	0.314668	0.314668	0.314668	0.314668	0.314668	0.314668	0.314668	0.314668	0.314668	0.314668	0.314668	0.314668	0.314668	0.314668	0.314668	0.314668	0.314668	0.314668	0.314668	0.314668
0.314668	0.314668	0.314668	0.314668	0.314668	0.314668	0.314668	0.314668	0.314668	0.314668	0.314668	0.314668	0.314668	0.314668	0.314668	0.314668	0.314668	0.314668	0.314668	0.314668	0.314668	0.314668	0.314668	0.314668	0.314668	0.314668	0.314668	0.314668	0.314668	0.314668	0.314668	0.314668	0.314668	0.314668	0.314668	0.314668	0.314668	0.314668	0.314668	0.314668	0.314668	0.314668	0.314668	0.314668	0.314668	0.314668	0.314668	0.314668	0.314668	0.314668	0.314668	0.314668	0.314668	0.314668	0.314668	0.314668	0.314668	0.314668	0.314668	0.314668	0.314668	0.314668	0.314668	0.314668
0.314668	0.314668	0.314668	0.314668	0.314668	0.314668	0.314668	0.314668	0.314668	0.314668	0.314668	0.314668	0.314668	0.314668	0.314668	0.314668	0.314668	0.314668	0.314668	0.314668	0.314668	0.314668	0.314668	0.314668	0.314668	0.314668	0.314668	0.314668	0.314668	0.314668	0.314668	0.314668	0.314668	0.314668	0.314668	0.314668	0.314668	0.314668	0.314668	0.314668	0.314668	0.314668	0.314668	0.314668	0.314668	0.314668	0.314668	0.314668	0.314668	0.314668	0.314668	0.314668	0.314668	0.314668	0.314668	0.314668	0.314668	0.314668	0.314668	0.314668	0.314668	0.314668	0.314668	0.314668
0.314668	0.314668	0.314668	0.314668	0.314668	0.314668	0.314668	0.314668	0.314668	0.314668	0.314668	0.314668	0.314668	0.314668	0.314668	0.314668	0.314668	0.314668	0.314668	0.314668	0.314668	0.314668	0.314668	0.314668	0.314668	0.314668	0.314668	0.314668	0.314668	0.314668	0.314668	0.314668	0.314668	0.314668	0.314668	0.314668	0.314668	0.314668	0.314668	0.314668	0.314668	0.314668	0.314668	0.314668	0.314668	0.314668	0.314668	0.314668	0.314668	0.314668	0.314668	0.314668	0.314668	0.314668	0.314668	0.314668	0.314668	0.314668	0.314668	0.314668	0.314668	0.314668	0.314668	0.314668
0.314668	0.314668	0.314668	0.314668	0.314668	0.314668	0.314668	0.314668	0.314668	0.314668	0.314668	0.314668	0.314668	0.314668	0.314668	0.314668	0.314668	0.314668	0.314668	0.314668	0.314668	0.314668	0.314668	0.314668	0.314668	0.314668	0.314668	0.314668	0.314668	0.314668	0.314668	0.314668	0.314668	0.314668	0.314668	0.314668	0.314668	0.314668	0.314668	0.314668	0.314668	0.314668	0.314668	0.314668	0.314668	0.314668	0.314668	0.314668	0.314668	0.314668	0.314668	0.314668	0.314668	0.314668	0.314668	0.314668	0.314668	0.314668	0.314668	0.314668	0.314668	0.314668	0.314668	0.314668
0.314668	0.314668	0.314668	0.314668	0.314668	0.314668	0.314668	0.314668	0.314668	0.314668	0.314668	0.314668	0.314668	0.314668	0.314668	0.314668	0.314668	0.314668	0.314668	0.314668	0.314668	0.314668	0.314668	0.314668	0.314668	0.314668	0.314668	0.314668	0.314668	0.314668	0.314668	0.314668	0.314668	0.314668	0.314668	0.314668	0.314668	0.314668	0.314668	0.314668	0.314668	0.314668	0.314668	0.314668	0.314668	0.314668	0.314668	0.314668	0.314668	0.314668	0.314668	0.314668	0.314668	0.314668	0.314668	0.314668	0.314668	0.314668	0.314668	0.314668	0.314668	0.314668	0.314668	0.314668
0.314668	0.314668	0.314668	0.314668	0.314668	0.314668	0.314668	0.314668	0.314668	0.314668	0.314668	0.314668	0.314668	0.314668	0.314668	0.314668	0.314668	0.314668	0.314668	0.314668	0.314668	0.314668	0.314668	0.314668	0.314668	0.314668	0.314668	0.314668	0.314668	0.314668	0.314668	0.314668	0.314668	0.314668	0.314668	0.314668	0.314668	0.314668	0.314668	0.314668	0.314668	0.314668	0.314668	0.314668	0.314668	0.314668	0.314668	0.314668	0.314668	0.314668	0.314668	0.314668	0.314668	0.314668	0.314668	0.314668	0.314668	0.314668	0.314668	0.314668	0.314668	0.314668	0.314668	0.314668
0.314668	0.314668	0.314668	0.314668	0.314668	0.314668	0.314668	0.314668	0.314668	0.314668	0.314668	0.314668	0.314668	0.314668	0.314668	0.314668	0.314668	0.314668	0.314668	0.314668	0.314668	0.314668	0.314668	0.314668	0.314668	0.314668	0.314668	0.314668	0.314668	0.314668	0.314668	0.314668	0.314668	0.314668	0.314668	0.314668	0.314668	0.314668	0.314668	0.314668	0.314668	0.314668	0.314668	0.314668	0.314668	0.314668	0.314668	0.314668	0.314668	0.314668	0.314668	0.314668	0.314668	0.314668	0.314668	0.314668	0.314668	0.314668	0.314668	0.314668	0.314668	0.314668	0.314668	0.314668
0.314668	0.314668	0.314668	0.314668	0.314668	0.314668	0.314668	0.314668	0.314668	0.314668	0.314668	0.314668	0.314668	0.314668	0.314668	0.314668	0.314668	0.314668	0.314668	0.314668	0.314668	0.314668	0.314668	0.314668	0.314668	0.314668	0.314668	0.314668	0.314668	0.314668	0.314668	0.314668	0.314668	0.314668	0.314668	0.314668	0.314668	0.314668	0.314668	0.314668	0.314668	0.314668	0.314668	0.314668	0.314668	0.314668	0.314668	0.314668	0.314668	0.314668	0.314668	0.314668	0.314668	0.314668	0.314668	0.314668	0.314668	0.314668	0.314668	0.314668	0.314668	0.314668	0.314668	0.314668
0.314668	0.314668	0.314668	0.314668	0.314668	0.314668	0.314668	0.314668	0.314668	0.314668	0.314668	0.314668	0.314668	0.314668	0.314668	0.314668	0.314668	0.314668	0.314668	0.314668	0.314668	0.314668	0.314668	0.314668	0.314668	0.314668	0.314668	0.314668	0.314668	0.314668	0.314668	0.314668	0.314668	0.314668	0.314668	0.314668	0.314668	0.314668	0.314668	0.314668	0.314668	0.314668	0.314668	0.314668	0.314668	0.314668	0.314668	0.314668	0.314668	0.314668	0.314668	0.314668	0.314668	0.314668	0.314668	0.314668	0.314668	0.314668	0.314668	0.314668	0.314668	0.314668	0.314668	0.314668
0.314668	0.314668	0.314668	0.314668	0.314668	0.314668	0.314668	0.314668	0.314668	0.314668	0.314668	0.314668	0.314668	0.314668	0.314668	0.314668	0.314668	0.314668	0.314668	0.314668	0.314668	0.314668	0.314668	0.314668	0.314668	0.314668	0.314668	0.314668	0.314668	0.314668	0.314668	0.314668	0.314668	0.314668	0.314668	0.314668	0.314668	0.314668	0.314668	0.314668	0.314668	0.314668	0.314668	0.314668	0.314668	0.314668	0.314668	0.314668	0.314668	0.314668	0.314668	0.314668	0.314668	0.314668	0.314668	0.314668	0.314668	0.314668	0.314668	0.314668	0.314668	0.314668	0.314668	0.314668
0.314668	0.314668	0.314668	0.314668	0.314668	0.314668	0.314668	0.314668	0.314668	0.314668	0.314668	0.314668	0.314668	0.314668	0.314668	0.314668	0.314668	0.314668	0.314668	0.314668	0.314668	0.314668	0.314668	0.314668	0.314668	0.314668	0.314668	0.314668	0.314668	0.314668	0.314668	0.314668	0.314668	0.314668	0.314668	0.314668	0.314668	0.314668	0.314668	0.314668	0.314668	0.314668	0.314668	0.314668	0.314668	0.314668	0.314668	0.314668	0.314668	0.314668	0.314668	0.314668	0.314668	0.314668	0.314668	0.314668	0.314668	0.314668	0.314668	0.314668	0.314668	0.314668	0.314668	0.314668
0.314668	0.314668	0.314668	0.314668	0.314668	0.314668	0.314668	0.314668	0.314668	0.314668	0.314668	0.314668	0.314668	0.314668	0.314668	0.314668	0.314668	0.314668	0.314668	0.314668	0.314668	0.314668	0.314668	0.314668	0.314668	0.314668	0.314668	0.314668	0.314668	0.314668	0.314668	0.314668	0.314668	0.314668	0.314668	0.314668	0.314668	0.314668	0.314668	0.314668	0.314668	0.314668	0.314668	0.314668	0.314668	0.314668	0.314668	0.314668	0.314668	0.314668	0.314668	0.314668	0.314668	0.314668	0.314668	0.314668	0.314668	0.314668	0.314668	0.314668	0.314668	0.314668	0.314668	0.314668
0.314668	0.314668	0.314668	0.314668	0.314668	0.314668	0.314668	0.314668	0.314668	0.314668	0.314668	0.314668	0.314668	0.314668	0.314668	0.314668	0.314668	0.314668	0.314668	0.314668	0.314668	0.314668	0.314668	0.314668	0.314668	0.314668	0.314668	0.314668	0.314668	0.314668	0.314668	0.314668	0.314668	0.314668	0.314668	0.314668	0.314668	0.314668	0.314668	0.314668	0.314668	0.314668	0.314668	0.314668	0.314668	0.314668	0.314668	0.314668	0.314668	0.314668	0.314668	0.314668	0.314668	0.314668	0.314668	0.314668	0.314668	0.314668	0.314668	0.314668	0.314668	0.314668	0.314668	0.314668
0.314668	0.314668	0.314668	0.314668	0.314668	0.314668	0.314668	0.314668	0.314668	0.314668	0.314668	0.314668	0.314668	0.314668	0.314668	0.314668	0.314668	0.314668	0.314668	0.314668	0.314668	0.314668	0.314668	0.314668	0.314668	0.314668	0.314668	0.314668	0.314668	0.314668	0.314668	0.314668	0.314668	0.314668	0.314668	0.314668	0.314668	0.314668	0.314668	0.314668	0.314668	0.314668	0.314668	0.314668	0.314668	0.314668	0.314668	0.314668	0.314668	0.314668	0.314668	0.314668	0.314668	0.314668	0.314668	0.314668	0.314668	0.314668	0.314668	0.314668	0.314668	0.314668	0.314668	0.314668
0.314668	0.314668	0.314668	0.314668	0.314668	0.314668	0.314668	0.314668	0.314668	0.314668	0.314668	0.314668	0.314668	0.314668	0.314668	0.314668	0.314668	0.314668	0.314668	0.314668	0.314668	0.314668	0.314668	0.314668	0.314668	0.314668	0.314668	0.314668	0.314668	0.314668	0.314668	0.314668	0.314668	0.314668	0.314668	0.314668	0.314668	0.314668	0.314668	0.314668	0.314668	0.314668	0.314668	0.314668	0.314668	0.314668	0.314668	0.314668	0.314668	0.314668	0.314668	0.314668	0.314668	0.314668	0.314668	0.314668	0.314668	0.314668	0.314668	0.314668	0.314668	0.314668	0.314668	0.314668
0.314668	0.314668	0.314668	0.314668	0.314668	0.314668	0.314668	0.314668	0.314668	0.314668	0.314668	0.314668	0.314668	0.314668	0.314668	0.314668	0.314668	0.314668	0.314668	0.314668	0.314668	0.314668	0.314668	0.314668	0.314668	0.314668	0.314668	0.314668	0.314668	0.314668	0.314668	0.314668	0.314668	0.314668	0.314668	0.314668	0.314668	0.314668	0.314668	0.314668	0.314668	0.314668	0.314668	0.314668	0.314668	0.314668	0.314668	0.314668	0.314668	0.314668	0.314668	0.314668	0.314668	0.314668	0.314668	0.314668	0.314668	0.314668	0.314668	0.314668	0.314668	0.314668	0.314668	0.314668
0.314668	0.314668	0.314668	0.314668	0.314668	0.314668	0.314668	0.314668	0.314668	0.314668	0.314668	0.314668	0.314668	0.314668	0.314668	0.314668	0.314668	0.314668	0.314668	0.314668	0.314668	0.314668	0.314668	0.314668	0.314668	0.314668	0.314668	0.314668	0.314668	0.314668	0.314668	0.314668	0.314668	0.314668	0.314668	0.314668	0.314668	0.314668	0.314668	0.314668	0.314668	0.314668	0.314668	0.314668	0.314668	0.314668	0.314668	0.314668	0.314668	0.314668	0.314668	0.314668	0.314668	0.314668	0.314668	0.314668	0.314668	0.314668	0.314668	0.314668	0.314668	0.314668	0.314668	0.314668
0.314668	0.314668	0.314668	0.314668	0.314668	0.314668	0.314668	0.314668	0.314668	0.314668	0.314668	0.314668	0.314668	0.314668	0.314668	0.314668	0.314668	0.314668	0.314668	0.314668	0.314668	0.314668	0.314668	0.314668	0.314668	0.314668	0.314668	0.314668	0.314668	0.314668	0.314668	0.314668	0.314668	0.314668	0.314668	0.314668	0.314668	0.314668	0.314668	0.314668	0.314668	0.314668	0.314668	0.314668	0.314668	0.314668	0.314668	0.314668	0.314668	0.314668	0.314668	0.314668	0.314668	0.314668	0.314668	0.314668	0.314668	0.314668	0.314668	0.314668	0.314668	0.314668	0.314668	0.314668
0.314668	0.314668	0.314668	0.314668	0.314668	0.314668	0.314668	0.314668	0.314668	0.314668	0.314668	0.314668	0.314668	0.314668	0.314668	0.314668	0.314668	0.314668	0.314668	0.314668	0.314668	0.314668	0.314668	0.314668	0.314668	0.314668	0.314668	0.314668	0.314668	0.314668	0.314668	0.314668	0.314668	0.314668	0.314668	0.314668	0.314668	0.314668	0.314668	0.314668	0.314668	0.314668	0.314668	0.314668	0.314668	0.314668	0.314668	0.314668	0.314668	0.314668	0.314668	0.314668	0.314668	0.314668	0.314668	0.314668	0.314668	0.314668	0.314668	0.314668	0.314668	0.314668	0.314668	0.314668
0.314668	0.314668	0.314668	0.314668	0.314668	0.314668	0.314668	0.314668	0.314668	0.314668	0.314668	0.314668	0.314668	0.314668	0.314668	0.314668	0.314668	0.314668	0.314668	0.314668	0.314668	0.314668	0.314668	0.314668	0.314668	0.314668	0.314668	0.314668	0.314668	0.314668	0.314668	0.314668	0.314668	0.314668	0.314668	0.314668	0.314668	0.314668	0.314668	0.314668	0.314668	0.314668	0.314668	0.314668	0.314668	0.314668	0.314668	0.314668	0.314668	0.314668	0.314668	0.314668	0.314668	0.314668	0.314668	0.314668	0.314668	0.314668	0.314668	0.314668	0.314668	0.314668	0.314668	0.314668
0.117134	0.117134	0.117134	0.117134	0.117134	0.117134	0.117134	0.117134	0.117134	0.117134	0.117134	0.117134	0.117134	0.117134	0.117134	0.117134	0.117134	0.117134	0.117134	0.117134	0.117134	0.117134	0.117134	0.117134	0.117134	0.117134	0.117134	0.117134	0.117134	0.117134	0.117134	0.117134	0.117134	0.117134	0.117134	0.117134	0.117134	0.117134	0.117134	0.117134	0.117134	0.117134	0.117134	0.117134	0.117134	0.117134	0.117134	0.117134	0.117134	0.117134	0.117134	0.117134	0.117134	0.117134	0.117134	0.117134	0.117134	0.117134	0.117134	0.117134	0.117134	0.117134	0.117134	0.117134
0	0	0	0	0	0	0	0	0	0	0	0	0	0	0	0	0	0	0	0	0	0	0	0	0	0	0	0	0	0	0	0	0	0	0	0	0	0	0	0	0	0	0	0	0	0	0	0	0	0	0	0	0	0	0	0	0	0	0	0	0	0	0	0
0	0	0	0	0	0	0	0	0	0	0	0	0	0	0	0	0	0	0	0	0	0	0	0	0	0	0	0	0	0	0	0	0	0	0	0	0	0	0	0	0	0	0	0	0	0	0	0	0	0	0	0	0	0	0	0	0	0	0	0	0	0	0	0
0	0	0	0	0	0	0	0	0	0	0	0	0	0	0	0	0	0	0	0	0	0	0	0	0	0	0	0	0	0	0	0	0	0	0	0	0	0	0	0	0	0	0	0	0	0	0	0	0	0	0	0	0	0	0	0	0	0	0	0	0	0	0	0
0	0	0	0	0	0	0	0	0	0	0	0	0	0	0	0	0	0	0	0	0	0	0	0	0	0	0	0	0	0	0	0	0	0	0	0	0	0	0	0	0	0	0	0	0	0	0	0	0	0	0	0	0	0	0	0	0	0	0	0	0	0	0	0
0	0	0	0	0	0	0	0	0	0	0	0	0	0	0	0	0	0	0	0	0	0	0	0	0	0	0	0	0	0	0	0	0	0	0	0	0	0	0	0	0	0	0	0	0	0	0	0	0	0	0	0	0	0	0	0	0	0	0	0	0	0	0	0
0	0	0	0	0	0	0	0	0	0	0	0	0	0	0	0	0	0	0	0	0	0	0	0	0	0	0	0	0	0	0	0	0	0	0	0	0	0	0	0	0	0	0	0	0	0	0	0	0	0	0	0	0	0	0	0	0	0	0	0	0	0	0	0
0	0	0	0	0	0	0	0	0	0	0	0	0	0	0	0	0	0	0	0	0	0	0	0	0	0	0	0	0	0	0	0	0	0	0	0	0	0	0	0	0	0	0	0	0	0	0	0	0	0	0	0	0	0	0	0	0	0	0	0	0	0	0	0
0	0	0	0	0	0	0	0	0	0	0	0	0	0	0	0	0	0	0	0	0	0	0	0	0	0	0	0	0	0	0	0	0	0	0	0	0	0	0	0	0	0	0	0	0	0	0	0	0	0	0	0	0	0	0	0	0	0	0	0	0	0	0	0
0	0	0	0	0	0	0	0	0	0	0	0	0	0	0	0	0	0	0	0	0	0	0	0	0	0	0	0	0	0	0	0	0	0	0	0	0	0	0	0	0	0	0	0	0	0	0	0	0	0	0	0	0	0	0	0	0	0	0	0	0	0	0	0
0	0	0	0	0	0	0	0	0	0	0	0	0	0	0	0	0	0	0	0	0	0	0	0	0	0	0	0	0	0	0	0	0	0	0	0	0	0	0	0	0	0	0	0	0	0	0	0	0	0	0	0	0	0	0	0	0	0	0	0	0	0	0	0
0	0	0	0	0	0	0	0	0	0	0	0	0	0	0	0	0	0	0	0	0	0	0	0	0	0	0	0	0	0	0	0	0	0	0	0	0	0	0	0	0	0	0	0	0	0	0	0	0	0	0	0	0	0	0	0	0	0	0	0	0	0	0	0
0	0	0	0	0	0	0	0	0	0	0	0	0	0	0	0	0	0	0	0	0	0	0	0	0	0	0	0	0	0	0	0	0	0	0	0	0	0	0	0	0	0	0	0	0	0	0	0	0	0	0	0	0	0	0	0	0	0	0	0	0	0	0	0
