1	1	1	1	1	1	1	1	1	1	1	1	1	1	1	1	1	1	1	1	1	1	1	1	1	1	1	1	1	1	1	1	1	1	1	1	1	1	1	1	1	1	1	1	1	1	1	1	1	1	1	1	1	1	1	1	1	1	1	1	1	1	1	1
1	1	1	1	1	1	1	1	1	1	1	1	1	1	1	1	1	1	1	1	1	1	1	1	1	1	1	1	1	1	1	1	1	1	1	1	1	1	1	1	1	1	1	1	1	1	1	1	1	1	1	1	1	1	1	1	1	1	1	1	1	1	1	1
1	1	1	1	1	1	1	1	1	1	1	1	1	1	1	1	1	1	1	1	1	1	1	1	1	1	1	1	1	1	1	1	1	1	1	1	1	1	1	1	1	1	1	1	1	1	1	1	1	1	1	1	1	1	1	1	1	1	1	1	1	1	1	1
1	1	1	1	1	1	1	1	1	1	1	1	1	1	1	1	1	1	1	1	1	1	1	1	1	1	1	1	1	1	1	1	1	1	1	1	1	1	1	1	1	1	1	1	1	1	1	1	1	1	1	1	1	1	1	1	1	1	1	1	1	1	1	1
1	1	1	1	1	1	1	1	1	1	1	1	1	1	1	1	1	1	1	1	1	1	1	1	1	1	1	1	1	1	1	1	1	1	1	1	1	1	1	1	1	1	1	1	1	1	1	1	1	1	1	1	1	1	1	1	1	1	1	1	1	1	1	1
1	1	1	1	1	1	1	1	1	1	1	1	1	1	1	1	1	1	1	1	1	1	1	1	1	1	1	1	1	1	1	1	1	1	1	1	1	1	1	1	1	1	1	1	1	1	1	1	1	1	1	1	1	1	1	1	1	1	1	1	1	1	1	1
1	1	1	1	1	1	1	1	1	1	1	1	1	1	1	1	1	1	1	1	1	1	1	1	1	1	1	1	1	1	1	1	1	1	1	1	1	1	1	1	1	1	1	1	1	1	1	1	1	1	1	1	1	1	1	1	1	1	1	1	1	1	1	1
1	1	1	1	1	1	1	1	1	1	1	1	1	1	1	1	1	1	1	1	1	1	1	1	1	1	1	1	1	1	1	1	1	1	1	1	1	1	1	1	1	1	1	1	1	1	1	1	1	1	1	1	1	1	1	1	1	1	1	1	1	1	1	1
1	1	1	1	1	1	1	1	1	1	1	1	1	1	1	1	1	1	1	1	1	1	1	1	1	1	1	1	1	1	1	1	1	1	1	1	1	1	1	1	1	1	1	1	1	1	1	1	1	1	1	1	1	1	1	1	1	1	1	1	1	1	1	1
1	1	1	1	1	1	1	1	1	1	1	1	1	1	1	1	1	1	1	1	1	1	1	1	1	1	1	1	1	1	1	1	1	1	1	1	1	1	1	1	1	1	1	1	1	1	1	1	1	1	1	1	1	1	1	1	1	1	1	1	1	1	1	1
1	1	1	1	1	1	1	1	1	1	1	1	1	1	1	1	1	1	1	1	1	1	1	1	1	1	1	1	1	1	1	1	1	1	1	1	1	1	1	1	1	1	1	1	1	1	1	1	1	1	1	1	1	1	1	1	1	1	1	1	1	1	1	1
1	1	1	1	1	1	1	1	1	1	1	1	1	1	1	1	1	1	1	1	1	1	1	1	1	1	1	1	1	1	1	1	1	1	1	1	1	1	1	1	1	1	1	1	1	1	1	1	1	1	1	1	1	1	1	1	1	1	1	1	1	1	1	1
1	1	1	1	1	1	1	1	1	1	1	1	1	1	1	1	1	1	1	1	1	1	1	1	1	1	1	1	1	1	1	1	1	1	1	1	1	1	1	1	1	1	1	1	1	1	1	1	1	1	1	1	1	1	1	1	1	1	1	1	1	1	1	1
1	1	1	1	1	1	1	1	1	1	1	1	1	1	1	1	1	1	1	1	1	1	1	1	1	1	1	1	1	1	1	1	1	1	1	1	1	1	1	1	1	1	1	1	1	1	1	1	1	1	1	1	1	1	1	1	1	1	1	1	1	1	1	1
1	1	1	1	1	1	1	1	1	1	1	1	1	1	1	1	1	1	1	1	1	1	1	1	1	1	1	1	1	1	1	1	1	1	1	1	1	1	1	1	1	1	1	1	1	1	1	1	1	1	1	1	1	1	1	1	1	1	1	1	1	1	1	1
1	1	1	1	1	1	1	1	1	1	1	1	1	1	1	1	1	1	1	1	1	1	1	1	1	1	1	1	1	1	1	1	1	1	1	1	1	1	1	1	1	1	1	1	1	1	1	1	1	1	1	1	1	1	1	1	1	1	1	1	1	1	1	1
1	1	1	1	1	1	1	1	1	1	1	1	1	1	1	1	1	1	1	1	1	1	1	1	1	1	1	1	1	1	1	1	1	1	1	1	1	1	1	1	1	1	1	1	1	1	1	1	1	1	1	1	1	1	1	1	1	1	1	1	1	1	1	1
1	1	1	1	1	1	1	1	1	1	1	1	1	1	1	1	1	1	1	1	1	1	1	1	1	1	1	1	1	1	1	1	1	1	1	1	1	1	1	1	1	1	1	1	1	1	1	1	1	1	1	1	1	1	1	1	1	1	1	1	1	1	1	1
1	1	1	1	1	1	1	1	1	1	1	1	1	1	1	1	1	1	1	1	1	1	1	1	1	1	1	1	1	1	1	1	1	1	1	1	1	1	1	1	1	1	1	1	1	1	1	1	1	1	1	1	1	1	1	1	1	1	1	1	1	1	1	1
1	1	1	1	1	1	1	1	1	1	1	1	1	1	1	1	1	1	1	1	1	1	1	1	1	1	1	1	1	1	1	1	1	1	1	1	1	1	1	1	1	1	1	1	1	1	1	1	1	1	1	1	1	1	1	1	1	1	1	1	1	1	1	1
1	1	1	1	1	1	1	1	1	1	1	1	1	1	1	1	1	1	1	1	1	1	1	1	1	1	1	1	1	1	1	1	1	1	1	1	1	1	1	1	1	1	1	1	1	1	1	1	1	1	1	1	1	1	1	1	1	1	1	1	1	1	1	1
1	1	1	1	1	1	1	1	1	1	1	1	1	1	1	1	1	1	1	1	1	1	1	1	1	1	1	1	1	1	1	1	1	1	1	1	1	1	1	1	1	1	1	1	1	1	1	1	1	1	1	1	1	1	1	1	1	1	1	1	1	1	1	1
1	1	1	1	1	1	1	1	1	1	1	1	1	1	1	1	1	1	1	1	1	1	1	1	1	1	1	1	1	1	1	1	1	1	1	1	1	1	1	1	1	1	1	1	1	1	1	1	1	1	1	1	1	1	1	1	1	1	1	1	1	1	1	1
1	1	1	1	1	1	1	1	1	1	1	1	1	1	1	1	1	1	1	1	1	1	1	1	1	1	1	1	1	1	1	1	1	1	1	1	1	1	1	1	1	1	1	1	1	1	1	1	1	1	1	1	1	1	1	1	1	1	1	1	1	1	1	1
1	1	1	1	1	1	1	1	1	1	1	1	1	1	1	1	1	1	1	1	1	1	1	1	1	1	1	1	1	1	1	1	1	1	1	1	1	1	1	1	1	1	1	1	1	1	1	1	1	1	1	1	1	1	1	1	1	1	1	1	1	1	1	1
2.04884	2.04884	2.04884	2.04884	2.04884	2.04884	2.04884	2.04884	2.04884	2.04884	2.04884	2.04884	2.04884	2.04884	2.04884	2.04884	2.04884	2.04884	2.04884	2.04884	2.04884	2.04884	2.04884	2.04884	2.04884	2.04884	2.04884	2.04884	2.04884	2.04884	2.04884	2.04884	2.04884	2.04884	2.04884	2.04884	2.04884	2.04884	2.04884	2.04884	2.04884	2.04884	2.04884	2.04884	2.04884	2.04884	2.04884	2.04884	2.04884	2.04884	2.04884	2.04884	2.04884	2.04884	2.04884	2.04884	2.04884	2.04884	2.04884	2.04884	2.04884	2.04884	2.04884	2.04884
3.00316	3.00316	3.00316	3.00316	3.00316	3.00316	3.00316	3.00316	3.00316	3.00316	3.00316	3.00316	3.00316	3.00316	3.00316	3.00316	3.00316	3.00316	3.00316	3.00316	3.00316	3.00316	3.00316	3.00316	3.00316	3.00316	3.00316	3.00316	3.00316	3.00316	3.00316	3.00316	3.00316	3.00316	3.00316	3.00316	3.00316	3.00316	3.00316	3.00316	3.00316	3.00316	3.00316	3.00316	3.00316	3.00316	3.00316	3.00316	3.00316	3.00316	3.00316	3.00316	3.00316	3.00316	3.00316	3.00316	3.00316	3.00316	3.00316	3.00316	3.00316	3.00316	3.00316	3.00316
3.00316	3.00316	3.00316	3.00316	3.00316	3.00316	3.00316	3.00316	3.00316	3.00316	3.00316	3.00316	3.00316	3.00316	3.00316	3.00316	3.00316	3.00316	3.00316	3.00316	3.00316	3.00316	3.00316	3.00316	3.00316	3.00316	3.00316	3.00316	3.00316	3.00316	3.00316	3.00316	3.00316	3.00316	3.00316	3.00316	3.00316	3.00316	3.00316	3.00316	3.00316	3.00316	3.00316	3.00316	3.00316	3.00316	3.00316	3.00316	3.00316	3.00316	3.00316	3.00316	3.00316	3.00316	3.00316	3.00316	3.00316	3.00316	3.00316	3.00316	3.00316	3.00316	3.00316	3.00316
3.00316	3.00316	3.00316	3.00316	3.00316	3.00316	3.00316	3.00316	3.00316	3.00316	3.00316	3.00316	3.00316	3.00316	3.00316	3.00316	3.00316	3.00316	3.00316	3.00316	3.00316	3.00316	3.00316	3.00316	3.00316	3.00316	3.00316	3.00316	3.00316	3.00316	3.00316	3.00316	3.00316	3.00316	3.00316	3.00316	3.00316	3.00316	3.00316	3.00316	3.00316	3.00316	3.00316	3.00316	3.00316	3.00316	3.00316	3.00316	3.00316	3.00316	3.00316	3.00316	3.00316	3.00316	3.00316	3.00316	3.00316	3.00316	3.00316	3.00316	3.00316	3.00316	3.00316	3.00316
3.00316	3.00316	3.00316	3.00316	3.00316	3.00316	3.00316	3.00316	3.00316	3.00316	3.00316	3.00316	3.00316	3.00316	3.00316	3.00316	3.00316	3.00316	3.00316	3.00316	3.00316	3.00316	3.00316	3.00316	3.00316	3.00316	3.00316	3.00316	3.00316	3.00316	3.00316	3.00316	3.00316	3.00316	3.00316	3.00316	3.00316	3.00316	3.00316	3.00316	3.00316	3.00316	3.00316	3.00316	3.00316	3.00316	3.00316	3.00316	3.00316	3.00316	3.00316	3.00316	3.00316	3.00316	3.00316	3.00316	3.00316	3.00316	3.00316	3.00316	3.00316	3.00316	3.00316	3.00316
3.00316	3.00316	3.00316	3.00316	3.00316	3.00316	3.00316	3.00316	3.00316	3.00316	3.00316	3.00316	3.00316	3.00316	3.00316	3.00316	3.00316	3.00316	3.00316	3.00316	3.00316	3.00316	3.00316	3.00316	3.00316	3.00316	3.00316	3.00316	3.00316	3.00316	3.00316	3.00316	3.00316	3.00316	3.00316	3.00316	3.00316	3.00316	3.00316	3.00316	3.00316	3.00316	3.00316	3.00316	3.00316	3.00316	3.00316	3.00316	3.00316	3.00316	3.00316	3.00316	3.00316	3.00316	3.00316	3.00316	3.00316	3.00316	3.00316	3.00316	3.00316	3.00316	3.00316	3.00316
3.00316	3.00316	3.00316	3.00316	3.00316	3.00316	3.00316	3.00316	3.00316	3.00316	3.00316	3.00316	3.00316	3.00316	3.00316	3.00316	3.00316	3.00316	3.00316	3.00316	3.00316	3.00316	3.00316	3.00316	3.00316	3.00316	3.00316	3.00316	3.00316	3.00316	3.00316	3.00316	3.00316	3.00316	3.00316	3.00316	3.00316	3.00316	3.00316	3.00316	3.00316	3.00316	3.00316	3.00316	3.00316	3.00316	3.00316	3.00316	3.00316	3.00316	3.00316	3.00316	3.00316	3.00316	3.00316	3.00316	3.00316	3.00316	3.00316	3.00316	3.00316	3.00316	3.00316	3.00316
3.00316	3.00316	3.00316	3.00316	3.00316	3.00316	3.00316	3.00316	3.00316	3.00316	3.00316	3.00316	3.00316	3.00316	3.00316	3.00316	3.00316	3.00316	3.00316	3.00316	3.00316	3.00316	3.00316	3.00316	3.00316	3.00316	3.00316	3.00316	3.00316	3.00316	3.00316	3.00316	3.00316	3.00316	3.00316	3.00316	3.00316	3.00316	3.00316	3.00316	3.00316	3.00316	3.00316	3.00316	3.00316	3.00316	3.00316	3.00316	3.00316	3.00316	3.00316	3.00316	3.00316	3.00316	3.00316	3.00316	3.00316	3.00316	3.00316	3.00316	3.00316	3.00316	3.00316	3.00316
3.00316	3.00316	3.00316	3.00316	3.00316	3.00316	3.00316	3.00316	3.00316	3.00316	3.00316	3.00316	3.00316	3.00316	3.00316	3.00316	3.00316	3.00316	3.00316	3.00316	3.00316	3.00316	3.00316	3.00316	3.00316	3.00316	3.00316	3.00316	3.00316	3.00316	3.00316	3.00316	3.00316	3.00316	3.00316	3.00316	3.00316	3.00316	3.00316	3.00316	3.00316	3.00316	3.00316	3.00316	3.00316	3.00316	3.00316	3.00316	3.00316	3.00316	3.00316	3.00316	3.00316	3.00316	3.00316	3.00316	3.00316	3.00316	3.00316	3.00316	3.00316	3.00316	3.00316	3.00316
3.00316	3.00316	3.00316	3.00316	3.00316	3.00316	3.00316	3.00316	3.00316	3.00316	3.00316	3.00316	3.00316	3.00316	3.00316	3.00316	3.00316	3.00316	3.00316	3.00316	3.00316	3.00316	3.00316	3.00316	3.00316	3.00316	3.00316	3.00316	3.00316	3.00316	3.00316	3.00316	3.00316	3.00316	3.00316	3.00316	3.00316	3.00316	3.00316	3.00316	3.00316	3.00316	3.00316	3.00316	3.00316	3.00316	3.00316	3.00316	3.00316	3.00316	3.00316	3.00316	3.00316	3.00316	3.00316	3.00316	3.00316	3.00316	3.00316	3.00316	3.00316	3.00316	3.00316	3.00316
3.00316	3.00316	3.00316	3.00316	3.00316	3.00316	3.00316	3.00316	3.00316	3.00316	3.00316	3.00316	3.00316	3.00316	3.00316	3.00316	3.00316	3.00316	3.00316	3.00316	3.00316	3.00316	3.00316	3.00316	3.00316	3.00316	3.00316	3.00316	3.00316	3.00316	3.00316	3.00316	3.00316	3.00316	3.00316	3.00316	3.00316	3.00316	3.00316	3.00316	3.00316	3.00316	3.00316	3.00316	3.00316	3.00316	3.00316	3.00316	3.00316	3.00316	3.00316	3.00316	3.00316	3.00316	3.00316	3.00316	3.00316	3.00316	3.00316	3.00316	3.00316	3.00316	3.00316	3.00316
3.00316	3.00316	3.00316	3.00316	3.00316	3.00316	3.00316	3.00316	3.00316	3.00316	3.00316	3.00316	3.00316	3.00316	3.00316	3.00316	3.00316	3.00316	3.00316	3.00316	3.00316	3.00316	3.00316	3.00316	3.00316	3.00316	3.00316	3.00316	3.00316	3.00316	3.00316	3.00316	3.00316	3.00316	3.00316	3.00316	3.00316	3.00316	3.00316	3.00316	3.00316	3.00316	3.00316	3.00316	3.00316	3.00316	3.00316	3.00316	3.00316	3.00316	3.00316	3.00316	3.00316	3.00316	3.00316	3.00316	3.00316	3.00316	3.00316	3.00316	3.00316	3.00316	3.00316	3.00316
3.00316	3.00316	3.00316	3.00316	3.00316	3.00316	3.00316	3.00316	3.00316	3.00316	3.00316	3.00316	3.00316	3.00316	3.00316	3.00316	3.00316	3.00316	3.00316	3.00316	3.00316	3.00316	3.00316	3.00316	3.00316	3.00316	3.00316	3.00316	3.00316	3.00316	3.00316	3.00316	3.00316	3.00316	3.00316	3.00316	3.00316	3.00316	3.00316	3.00316	3.00316	3.00316	3.00316	3.00316	3.00316	3.00316	3.00316	3.00316	3.00316	3.00316	3.00316	3.00316	3.00316	3.00316	3.00316	3.00316	3.00316	3.00316	3.00316	3.00316	3.00316	3.00316	3.00316	3.00316
3.00316	3.00316	3.00316	3.00316	3.00316	3.00316	3.00316	3.00316	3.00316	3.00316	3.00316	3.00316	3.00316	3.00316	3.00316	3.00316	3.00316	3.00316	3.00316	3.00316	3.00316	3.00316	3.00316	3.00316	3.00316	3.00316	3.00316	3.00316	3.00316	3.00316	3.00316	3.00316	3.00316	3.00316	3.00316	3.00316	3.00316	3.00316	3.00316	3.00316	3.00316	3.00316	3.00316	3.00316	3.00316	3.00316	3.00316	3.00316	3.00316	3.00316	3.00316	3.00316	3.00316	3.00316	3.00316	3.00316	3.00316	3.00316	3.00316	3.00316	3.00316	3.00316	3.00316	3.00316
3.00316	3.00316	3.00316	3.00316	3.00316	3.00316	3.00316	3.00316	3.00316	3.00316	3.00316	3.00316	3.00316	3.00316	3.00316	3.00316	3.00316	3.00316	3.00316	3.00316	3.00316	3.00316	3.00316	3.00316	3.00316	3.00316	3.00316	3.00316	3.00316	3.00316	3.00316	3.00316	3.00316	3.00316	3.00316	3.00316	3.00316	3.00316	3.00316	3.00316	3.00316	3.00316	3.00316	3.00316	3.00316	3.00316	3.00316	3.00316	3.00316	3.00316	3.00316	3.00316	3.00316	3.00316	3.00316	3.00316	3.00316	3.00316	3.00316	3.00316	3.00316	3.00316	3.00316	3.00316
3.00316	3.00316	3.00316	3.00316	3.00316	3.00316	3.00316	3.00316	3.00316	3.00316	3.00316	3.00316	3.00316	3.00316	3.00316	3.00316	3.00316	3.00316	3.00316	3.00316	3.00316	3.00316	3.00316	3.00316	3.00316	3.00316	3.00316	3.00316	3.00316	3.00316	3.00316	3.00316	3.00316	3.00316	3.00316	3.00316	3.00316	3.00316	3.00316	3.00316	3.00316	3.00316	3.00316	3.00316	3.00316	3.00316	3.00316	3.00316	3.00316	3.00316	3.00316	3.00316	3.00316	3.00316	3.00316	3.00316	3.00316	3.00316	3.00316	3.00316	3.00316	3.00316	3.00316	3.00316
3.00316	3.00316	3.00316	3.00316	3.00316	3.00316	3.00316	3.00316	3.00316	3.00316	3.00316	3.00316	3.00316	3.00316	3.00316	3.00316	3.00316	3.00316	3.00316	3.00316	3.00316	3.00316	3.00316	3.00316	3.00316	3.00316	3.00316	3.00316	3.00316	3.00316	3.00316	3.00316	3.00316	3.00316	3.00316	3.00316	3.00316	3.00316	3.00316	3.00316	3.00316	3.00316	3.00316	3.00316	3.00316	3.00316	3.00316	3.00316	3.00316	3.00316	3.00316	3.00316	3.00316	3.00316	3.00316	3.00316	3.00316	3.00316	3.00316	3.00316	3.00316	3.00316	3.00316	3.00316
3.00316	3.00316	3.00316	3.00316	3.00316	3.00316	3.00316	3.00316	3.00316	3.00316	3.00316	3.00316	3.00316	3.00316	3.00316	3.00316	3.00316	3.00316	3.00316	3.00316	3.00316	3.00316	3.00316	3.00316	3.00316	3.00316	3.00316	3.00316	3.00316	3.00316	3.00316	3.00316	3.00316	3.00316	3.00316	3.00316	3.00316	3.00316	3.00316	3.00316	3.00316	3.00316	3.00316	3.00316	3.00316	3.00316	3.00316	3.00316	3.00316	3.00316	3.00316	3.00316	3.00316	3.00316	3.00316	3.00316	3.00316	3.00316	3.00316	3.00316	3.00316	3.00316	3.00316	3.00316
3.00316	3.00316	3.00316	3.00316	3.00316	3.00316	3.00316	3.00316	3.00316	3.00316	3.00316	3.00316	3.00316	3.00316	3.00316	3.00316	3.00316	3.00316	3.00316	3.00316	3.00316	3.00316	3.00316	3.00316	3.00316	3.00316	3.00316	3.00316	3.00316	3.00316	3.00316	3.00316	3.00316	3.00316	3.00316	3.00316	3.00316	3.00316	3.00316	3.00316	3.00316	3.00316	3.00316	3.00316	3.00316	3.00316	3.00316	3.00316	3.00316	3.00316	3.00316	3.00316	3.00316	3.00316	3.00316	3.00316	3.00316	3.00316	3.00316	3.00316	3.00316	3.00316	3.00316	3.00316
3.00316	3.00316	3.00316	3.00316	3.00316	3.00316	3.00316	3.00316	3.00316	3.00316	3.00316	3.00316	3.00316	3.00316	3.00316	3.00316	3.00316	3.00316	3.00316	3.00316	3.00316	3.00316	3.00316	3.00316	3.00316	3.00316	3.00316	3.00316	3.00316	3.00316	3.00316	3.00316	3.00316	3.00316	3.00316	3.00316	3.00316	3.00316	3.00316	3.00316	3.00316	3.00316	3.00316	3.00316	3.00316	3.00316	3.00316	3.00316	3.00316	3.00316	3.00316	3.00316	3.00316	3.00316	3.00316	3.00316	3.00316	3.00316	3.00316	3.00316	3.00316	3.00316	3.00316	3.00316
3.00316	3.00316	3.00316	3.00316	3.00316	3.00316	3.00316	3.00316	3.00316	3.00316	3.00316	3.00316	3.00316	3.00316	3.00316	3.00316	3.00316	3.00316	3.00316	3.00316	3.00316	3.00316	3.00316	3.00316	3.00316	3.00316	3.00316	3.00316	3.00316	3.00316	3.00316	3.00316	3.00316	3.00316	3.00316	3.00316	3.00316	3.00316	3.00316	3.00316	3.00316	3.00316	3.00316	3.00316	3.00316	3.00316	3.00316	3.00316	3.00316	3.00316	3.00316	3.00316	3.00316	3.00316	3.00316	3.00316	3.00316	3.00316	3.00316	3.00316	3.00316	3.00316	3.00316	3.00316
3.00316	3.00316	3.00316	3.00316	3.00316	3.00316	3.00316	3.00316	3.00316	3.00316	3.00316	3.00316	3.00316	3.00316	3.00316	3.00316	3.00316	3.00316	3.00316	3.00316	3.00316	3.00316	3.00316	3.00316	3.00316	3.00316	3.00316	3.00316	3.00316	3.00316	3.00316	3.00316	3.00316	3.00316	3.00316	3.00316	3.00316	3.00316	3.00316	3.00316	3.00316	3.00316	3.00316	3.00316	3.00316	3.00316	3.00316	3.00316	3.00316	3.00316	3.00316	3.00316	3.00316	3.00316	3.00316	3.00316	3.00316	3.00316	3.00316	3.00316	3.00316	3.00316	3.00316	3.00316
3.00316	3.00316	3.00316	3.00316	3.00316	3.00316	3.00316	3.00316	3.00316	3.00316	3.00316	3.00316	3.00316	3.00316	3.00316	3.00316	3.00316	3.00316	3.00316	3.00316	3.00316	3.00316	3.00316	3.00316	3.00316	3.00316	3.00316	3.00316	3.00316	3.00316	3.00316	3.00316	3.00316	3.00316	3.00316	3.00316	3.00316	3.00316	3.00316	3.00316	3.00316	3.00316	3.00316	3.00316	3.00316	3.00316	3.00316	3.00316	3.00316	3.00316	3.00316	3.00316	3.00316	3.00316	3.00316	3.00316	3.00316	3.00316	3.00316	3.00316	3.00316	3.00316	3.00316	3.00316
3.00316	3.00316	3.00316	3.00316	3.00316	3.00316	3.00316	3.00316	3.00316	3.00316	3.00316	3.00316	3.00316	3.00316	3.00316	3.00316	3.00316	3.00316	3.00316	3.00316	3.00316	3.00316	3.00316	3.00316	3.00316	3.00316	3.00316	3.00316	3.00316	3.00316	3.00316	3.00316	3.00316	3.00316	3.00316	3.00316	3.00316	3.00316	3.00316	3.00316	3.00316	3.00316	3.00316	3.00316	3.00316	3.00316	3.00316	3.00316	3.00316	3.00316	3.00316	3.00316	3.00316	3.00316	3.00316	3.00316	3.00316	3.00316	3.00316	3.00316	3.00316	3.00316	3.00316	3.00316
3.00316	3.00316	3.00316	3.00316	3.00316	3.00316	3.00316	3.00316	3.00316	3.00316	3.00316	3.00316	3.00316	3.00316	3.00316	3.00316	3.00316	3.00316	3.00316	3.00316	3.00316	3.00316	3.00316	3.00316	3.00316	3.00316	3.00316	3.00316	3.00316	3.00316	3.00316	3.00316	3.00316	3.00316	3.00316	3.00316	3.00316	3.00316	3.00316	3.00316	3.00316	3.00316	3.00316	3.00316	3.00316	3.00316	3.00316	3.00316	3.00316	3.00316	3.00316	3.00316	3.00316	3.00316	3.00316	3.00316	3.00316	3.00316	3.00316	3.00316	3.00316	3.00316	3.00316	3.00316
3.00316	3.00316	3.00316	3.00316	3.00316	3.00316	3.00316	3.00316	3.00316	3.00316	3.00316	3.00316	3.00316	3.00316	3.00316	3.00316	3.00316	3.00316	3.00316	3.00316	3.00316	3.00316	3.00316	3.00316	3.00316	3.00316	3.00316	3.00316	3.00316	3.00316	3.00316	3.00316	3.00316	3.00316	3.00316	3.00316	3.00316	3.00316	3.00316	3.00316	3.00316	3.00316	3.00316	3.00316	3.00316	3.00316	3.00316	3.00316	3.00316	3.00316	3.00316	3.00316	3.00316	3.00316	3.00316	3.00316	3.00316	3.00316	3.00316	3.00316	3.00316	3.00316	3.00316	3.00316
1.61043	1.61043	1.61043	1.61043	1.61043	1.61043	1.61043	1.61043	1.61043	1.61043	1.61043	1.61043	1.61043	1.61043	1.61043	1.61043	1.61043	1.61043	1.61043	1.61043	1.61043	1.61043	1.61043	1.61043	1.61043	1.61043	1.61043	1.61043	1.61043	1.61043	1.61043	1.61043	1.61043	1.61043	1.61043	1.61043	1.61043	1.61043	1.61043	1.61043	1.61043	1.61043	1.61043	1.61043	1.61043	1.61043	1.61043	1.61043	1.61043	1.61043	1.61043	1.61043	1.61043	1.61043	1.61043	1.61043	1.61043	1.61043	1.61043	1.61043	1.61043	1.61043	1.61043	1.61043
1	1	1	1	1	1	1	1	1	1	1	1	1	1	1	1	1	1	1	1	1	1	1	1	1	1	1	1	1	1	1	1	1	1	1	1	1	1	1	1	1	1	1	1	1	1	1	1	1	1	1	1	1	1	1	1	1	1	1	1	1	1	1	1
1	1	1	1	1	1	1	1	1	1	1	1	1	1	1	1	1	1	1	1	1	1	1	1	1	1	1	1	1	1	1	1	1	1	1	1	1	1	1	1	1	1	1	1	1	1	1	1	1	1	1	1	1	1	1	1	1	1	1	1	1	1	1	1
1	1	1	1	1	1	1	1	1	1	1	1	1	1	1	1	1	1	1	1	1	1	1	1	1	1	1	1	1	1	1	1	1	1	1	1	1	1	1	1	1	1	1	1	1	1	1	1	1	1	1	1	1	1	1	1	1	1	1	1	1	1	1	1
1	1	1	1	1	1	1	1	1	1	1	1	1	1	1	1	1	1	1	1	1	1	1	1	1	1	1	1	1	1	1	1	1	1	1	1	1	1	1	1	1	1	1	1	1	1	1	1	1	1	1	1	1	1	1	1	1	1	1	1	1	1	1	1
1	1	1	1	1	1	1	1	1	1	1	1	1	1	1	1	1	1	1	1	1	1	1	1	1	1	1	1	1	1	1	1	1	1	1	1	1	1	1	1	1	1	1	1	1	1	1	1	1	1	1	1	1	1	1	1	1	1	1	1	1	1	1	1
1	1	1	1	1	1	1	1	1	1	1	1	1	1	1	1	1	1	1	1	1	1	1	1	1	1	1	1	1	1	1	1	1	1	1	1	1	1	1	1	1	1	1	1	1	1	1	1	1	1	1	1	1	1	1	1	1	1	1	1	1	1	1	1
1	1	1	1	1	1	1	1	1	1	1	1	1	1	1	1	1	1	1	1	1	1	1	1	1	1	1	1	1	1	1	1	1	1	1	1	1	1	1	1	1	1	1	1	1	1	1	1	1	1	1	1	1	1	1	1	1	1	1	1	1	1	1	1
1	1	1	1	1	1	1	1	1	1	1	1	1	1	1	1	1	1	1	1	1	1	1	1	1	1	1	1	1	1	1	1	1	1	1	1	1	1	1	1	1	1	1	1	1	1	1	1	1	1	1	1	1	1	1	1	1	1	1	1	1	1	1	1
1	1	1	1	1	1	1	1	1	1	1	1	1	1	1	1	1	1	1	1	1	1	1	1	1	1	1	1	1	1	1	1	1	1	1	1	1	1	1	1	1	1	1	1	1	1	1	1	1	1	1	1	1	1	1	1	1	1	1	1	1	1	1	1
1	1	1	1	1	1	1	1	1	1	1	1	1	1	1	1	1	1	1	1	1	1	1	1	1	1	1	1	1	1	1	1	1	1	1	1	1	1	1	1	1	1	1	1	1	1	1	1	1	1	1	1	1	1	1	1	1	1	1	1	1	1	1	1
1	1	1	1	1	1	1	1	1	1	1	1	1	1	1	1	1	1	1	1	1	1	1	1	1	1	1	1	1	1	1	1	1	1	1	1	1	1	1	1	1	1	1	1	1	1	1	1	1	1	1	1	1	1	1	1	1	1	1	1	1	1	1	1
1	1	1	1	1	1	1	1	1	1	1	1	1	1	1	1	1	1	1	1	1	1	1	1	1	1	1	1	1	1	1	1	1	1	1	1	1	1	1	1	1	1	1	1	1	1	1	1	1	1	1	1	1	1	1	1	1	1	1	1	1	1	1	1
