1	1	1	1	1	1	1	1	1	1	1	1	1	1	1	1	1	1	1	1	1	1	1	1	1	1	1	1	1	1	1	1	1	1	1	1	1	1	1	1	1	1	1	1	1	1	1	1	1	1	1	1	1	1	1	1	1	1	1	1	1	1	1	1
1	1	1	1	1	1	1	1	1	1	1	1	1	1	1	1	1	1	1	1	1	1	1	1	1	1	1	1	1	1	1	1	1	1	1	1	1	1	1	1	1	1	1	1	1	1	1	1	1	1	1	1	1	1	1	1	1	1	1	1	1	1	1	1
1	1	1	1	1	1	1	1	1	1	1	1	1	1	1	1	1	1	1	1	1	1	1	1	1	1	1	1	1	1	1	1	1	1	1	1	1	1	1	1	1	1	1	1.1155	1.00282	1	1	1	1	1	1	1	1	1	1	1	1	1	1	1	1	1	1	1
1	1	1	1	1	1	1	1	1	1	1	1	1	1	1	1	1	1	1	1	1	1	1	1	1	1	1	1	1	1	1	1	1	1	1	1	1	1	1	1	1.10549	1.98296	2.70972	3.00316	1.6997	1	1	1	1	1	1	1	1	1	1	1	1	1	1	1	1	1	1	1
1	1	1	1	1	1	1	1	1	1	1	1	1	1	1	1	1	1	1	1	1	1	1	1	1	1	1	1	1	1	1	1	1	1	1	1	1	1	1.36891	2.26845	2.88624	3.00316	3.00316	3.00316	2.50945	1	1	1	1	1	1	1	1	1	1	1	1	1	1	1	1	1	1	1
1	1	1	1	1	1	1	1	1	1	1	1	1	1	1	1	1	1	1	1	1	1	1	1	1	1	1	1	1	1	1	1	1	1	1	1.00483	1.71774	2.52173	2.98085	3.00316	3.00316	3.00316	3.00316	3.00316	2.97789	1.35301	1	1	1	1	1	1	1	1	1	1	1	1	1	1	1	1	1	1
1	1	1	1	1	1	1	1	1	1	1	1	1	1	1	1	1	1	1	1	1	1	1	1	1	1	1	1	1	1	1	1	1	1.1457	2.04021	2.75008	3.00316	3.00316	3.00316	3.00316	3.00316	3.00316	3.00316	3.00316	3.00316	1.59813	1	1	1	1	1	1	1	1	1	1	1	1	1	1	1	1	1	1
1	1	1	1	1	1	1	1	1	1	1	1	1	1	1	1	1	1	1	1	1	1	1	1	1	1	1	1	1	1	1	1.43054	2.31848	2.91009	3.00316	3.00316	3.00316	3.00316	3.00316	3.00316	3.00316	3.00316	3.00316	3.00316	3.00316	3.00042	1.19712	1	1	1	1	1	1	1	1	1	1	1	1	1	1	1	1	1
1	1	1	1	1	1	1	1	1	1	1	1	1	1	1	1	1	1	1	1	1	1	1	1	1	1	1	1	1.01712	1.78345	2.56703	2.99037	3.00316	3.00316	3.00316	3.00316	3.00316	3.00316	3.00316	3.00316	3.00316	3.00316	3.00316	3.00316	3.00316	3.00316	1.75309	1	1	1	1	1	1	1	1	1	1	1	1	1	1	1	1	1
1	1	1	1	1	1	1	1	1	1	1	1	1	1	1	1	1	1	1	1	1	1	1	1	1	1	1.191	2.0959	2.78723	3.00316	3.00316	3.00316	3.00316	3.00316	3.00316	3.00316	3.00316	3.00316	3.00316	3.00316	3.00316	3.00316	3.00316	3.00316	3.00316	3.00316	2.9986	1	1	1	1	1	1	1	1	1	1	1	1	1	1	1	1	1
1	1	1	1	1	1	1	1	1	1	1	1	1	1	1	1	1	1	1	1	1	1	1	1	1.49514	2.36787	2.93123	3.00316	3.00316	3.00316	3.00316	3.00316	3.00316	3.00316	3.00316	3.00316	3.00316	3.00316	3.00316	3.00316	3.00316	3.00316	3.00316	3.00316	3.00316	3.00316	3.00316	1.27893	1	1	1	1	1	1	1	1	1	1	1	1	1	1	1	1
1	1	1	1	1	1	1	1	1	1	1	1	1	1	1	1	1	1	1	1	1	1.03656	1.84685	2.61155	2.99723	3.00316	3.00316	3.00316	3.00316	3.00316	3.00316	3.00316	3.00316	3.00316	3.00316	3.00316	3.00316	3.00316	3.00316	3.00316	3.00316	3.00316	3.00316	3.00316	3.00316	3.00316	3.00316	2.9977	1	1	1	1	1	1	1	1	1	1	1	1	1	1	1	1
1	1	1	1	1	1	1	1	1	1	1	1	1	1	1	1	1	1	1	1.24115	2.15016	2.82092	3.00316	3.00316	3.00316	3.00316	3.00316	3.00316	3.00316	3.00316	3.00316	3.00316	3.00316	3.00316	3.00316	3.00316	3.00316	3.00316	3.00316	3.00316	3.00316	3.00316	3.00316	3.00316	3.00316	3.00316	3.00316	3.00042	1.23397	1	1	1	1	1	1	1	1	1	1	1	1	1	1	1
1	1	1	1	1	1	1	1	1	1	1	1	1	1	1	1	1	1.5617	2.41584	2.94949	3.00316	3.00316	3.00316	3.00316	3.00316	3.00316	3.00316	3.00316	3.00316	3.00316	3.00316	3.00316	3.00316	3.00316	3.00316	3.00316	3.00316	3.00316	3.00316	3.00316	3.00316	3.00316	3.00316	3.00316	3.00316	3.00316	3.00316	3.00316	2.25103	1	1	1	1	1	1	1	1	1	1	1	1	1	1	1
1	1	1	1	1	1	1	1	1	1	1	1	1	1	1.06288	1.90791	2.65533	3.00148	3.00316	3.00316	3.00316	3.00316	3.00316	3.00316	3.00316	3.00316	3.00316	3.00316	3.00316	3.00316	3.00316	3.00316	3.00316	3.00316	3.00316	3.00316	3.00316	3.00316	3.00316	3.00316	3.00316	3.00316	3.00316	3.00316	3.00316	3.00316	3.00316	3.00316	3.00042	1.18912	1	1	1	1	1	1	1	1	1	1	1	1	1	1
1	1	1	1	1	1	1	1	1	1	1	1	1.2952	2.20309	2.85169	3.00316	3.00316	3.00316	3.00316	3.00316	3.00316	3.00316	3.00316	3.00316	3.00316	3.00316	3.00316	3.00316	3.00316	3.00316	3.00316	3.00316	3.00316	3.00316	3.00316	3.00316	3.00316	3.00316	3.00316	3.00316	3.00316	3.00316	3.00316	3.00316	3.00316	3.00316	3.00316	3.00316	3.00316	1.68883	1	1	1	1	1	1	1	1	1	1	1	1	1	1
1	1	1	1	1	1	1	1	1	1	1.63074	2.46329	2.96508	3.00316	3.00316	3.00316	3.00316	3.00316	3.00316	3.00316	3.00316	3.00316	3.00316	3.00316	3.00316	3.00316	3.00316	3.00316	3.00316	3.00316	3.00316	3.00316	3.00316	3.00316	3.00316	3.00316	3.00316	3.00316	3.00316	3.00316	3.00316	3.00316	3.00316	3.00316	3.00316	3.00316	3.00316	3.00316	3.00316	2.99827	1	1	1	1	1	1	1	1	1	1	1	1	1	1
1	1	1	1	1	1	1	1.09577	1.96758	2.69839	3.00316	3.00316	3.00316	3.00316	3.00316	3.00316	3.00316	3.00316	3.00316	3.00316	3.00316	3.00316	3.00316	3.00316	3.00316	3.00316	3.00316	3.00316	3.00316	3.00316	3.00316	3.00316	3.00316	3.00316	3.00316	3.00316	3.00316	3.00316	3.00316	3.00316	3.00316	3.00316	3.00316	3.00316	3.00316	3.00316	3.00316	3.00316	3.00316	3.00167	1.27105	1	1	1	1	1	1	1	1	1	1	1	1	1
1	1	1	1	1	1.35301	2.25479	2.87929	3.00316	3.00316	3.00316	3.00316	3.00316	3.00316	3.00316	3.00316	3.00316	3.00316	3.00316	3.00316	3.00316	3.00316	3.00316	3.00316	3.00316	3.00316	3.00316	3.00316	3.00316	3.00316	3.00316	3.00316	3.00316	3.00316	3.00316	3.00316	3.00316	3.00316	3.00316	3.00316	3.00316	3.00316	3.00316	3.00316	3.00316	3.00316	3.00316	3.00316	3.00316	3.00316	2.99769	1	1	1	1	1	1	1	1	1	1	1	1	1
1	1	1.00282	1.6997	2.50945	2.97789	3.00316	3.00316	3.00316	3.00316	3.00316	3.00316	3.00316	3.00316	3.00316	3.00316	3.00316	3.00316	3.00316	3.00316	3.00316	3.00316	3.00316	3.00316	3.00316	3.00316	3.00316	3.00316	3.00316	3.00316	3.00316	3.00316	3.00316	3.00316	3.00316	3.00316	3.00316	3.00316	3.00316	3.00316	3.00316	3.00316	3.00316	3.00316	3.00316	3.00316	3.00316	3.00316	3.00316	3.00316	3.00041	1.22507	1	1	1	1	1	1	1	1	1	1	1	1
1	1	1.1155	3.00316	3.00316	3.00316	3.00316	3.00316	3.00316	3.00316	3.00316	3.00316	3.00316	3.00316	3.00316	3.00316	3.00316	3.00316	3.00316	3.00316	3.00316	3.00316	3.00316	3.00316	3.00316	3.00316	3.00316	3.00316	3.00316	3.00316	3.00316	3.00316	3.00316	3.00316	3.00316	3.00316	3.00316	3.00316	3.00316	3.00316	3.00316	3.00316	3.00316	3.00316	3.00316	3.00316	3.00316	3.00316	3.00316	3.00316	3.00316	2.08229	1	1	1	1	1	1	1	1	1	1	1	1
1	1	1	2.70972	3.00316	3.00316	3.00316	3.00316	3.00316	3.00316	3.00316	3.00316	3.00316	3.00316	3.00316	3.00316	3.00316	3.00316	3.00316	3.00316	3.00316	3.00316	3.00316	3.00316	3.00316	3.00316	3.00316	3.00316	3.00316	3.00316	3.00316	3.00316	3.00316	3.00316	3.00316	3.00316	3.00316	3.00316	3.00316	3.00316	3.00316	3.00316	3.00316	3.00316	3.00316	3.00316	3.00316	3.00316	3.00316	3.00316	3.00316	3.00092	1.2924	1	1	1	1	1	1	1	1	1	1	1
1	1	1	1.98296	3.00316	3.00316	3.00316	3.00316	3.00316	3.00316	3.00316	3.00316	3.00316	3.00316	3.00316	3.00316	3.00316	3.00316	3.00316	3.00316	3.00316	3.00316	3.00316	3.00316	3.00316	3.00316	3.00316	3.00316	3.00316	3.00316	3.00316	3.00316	3.00316	3.00316	3.00316	3.00316	3.00316	3.00316	3.00316	3.00316	3.00316	3.00316	3.00316	3.00316	3.00316	3.00316	3.00316	3.00316	3.00316	3.00316	3.00316	3.00316	3.00073	1.33434	1	1	1	1	1	1	1	1	1	1
1	1	1	1.10549	2.88624	3.00316	3.00316	3.00316	3.00316	3.00316	3.00316	3.00316	3.00316	3.00316	3.00316	3.00316	3.00316	3.00316	3.00316	3.00316	3.00316	3.00316	3.00316	3.00316	3.00316	3.00316	3.00316	3.00316	3.00316	3.00316	3.00316	3.00316	3.00316	3.00316	3.00316	3.00316	3.00316	3.00316	3.00316	3.00316	3.00316	3.00316	3.00316	3.00316	3.00316	3.00316	3.00316	3.00316	3.00316	3.00316	3.00316	3.00316	3.00316	3.00065	1.33039	1	1	1	1	1	1	1	1	1
1	1	1	1	2.26845	3.00316	3.00316	3.00316	3.00316	3.00316	3.00316	3.00316	3.00316	3.00316	3.00316	3.00316	3.00316	3.00316	3.00316	3.00316	3.00316	3.00316	3.00316	3.00316	3.00316	3.00316	3.00316	3.00316	3.00316	3.00316	3.00316	3.00316	3.00316	3.00316	3.00316	3.00316	3.00316	3.00316	3.00316	3.00316	3.00316	3.00316	3.00316	3.00316	3.00316	3.00316	3.00316	3.00316	3.00316	3.00316	3.00316	3.00316	3.00316	3.00316	3.00079	1.27709	1	1	1	1	1	1	1	1
1	1	1	1	1.36891	2.98085	3.00316	3.00316	3.00316	3.00316	3.00316	3.00316	3.00316	3.00316	3.00316	3.00316	3.00316	3.00316	3.00316	3.00316	3.00316	3.00316	3.00316	3.00316	3.00316	3.00316	3.00316	3.00316	3.00316	3.00316	3.00316	3.00316	3.00316	3.00316	3.00316	3.00316	3.00316	3.00316	3.00316	3.00316	3.00316	3.00316	3.00316	3.00316	3.00316	3.00316	3.00316	3.00316	3.00316	3.00316	3.00316	3.00316	3.00316	3.00316	3.00316	3.00085	1.00273	1	1	1	1	1	1	1
1	1	1	1	1	2.52173	3.00316	3.00316	3.00316	3.00316	3.00316	3.00316	3.00316	3.00316	3.00316	3.00316	3.00316	3.00316	3.00316	3.00316	3.00316	3.00316	3.00316	3.00316	3.00316	3.00316	3.00316	3.00316	3.00316	3.00316	3.00316	3.00316	3.00316	3.00316	3.00316	3.00316	3.00316	3.00316	3.00316	3.00316	3.00316	3.00316	3.00316	3.00316	3.00316	3.00316	3.00316	3.00316	3.00316	3.00316	3.00316	3.00316	3.00316	3.00316	3.00316	3.00316	1.93772	1	1	1	1	1	1	1
1	1	1	1	1	1.71774	3.00316	3.00316	3.00316	3.00316	3.00316	3.00316	3.00316	3.00316	3.00316	3.00316	3.00316	3.00316	3.00316	3.00316	3.00316	3.00316	3.00316	3.00316	3.00316	3.00316	3.00316	3.00316	3.00316	3.00316	3.00316	3.00316	3.00316	3.00316	3.00316	3.00316	3.00316	3.00316	3.00316	3.00316	3.00316	3.00316	3.00316	3.00316	3.00316	3.00316	3.00316	3.00316	3.00316	3.00316	3.00316	3.00316	3.00316	3.00316	3.00316	3.00316	2.67923	1	1	1	1	1	1	1
1	1	1	1	1	1.00483	2.75008	3.00316	3.00316	3.00316	3.00316	3.00316	3.00316	3.00316	3.00316	3.00316	3.00316	3.00316	3.00316	3.00316	3.00316	3.00316	3.00316	3.00316	3.00316	3.00316	3.00316	3.00316	3.00316	3.00316	3.00316	3.00316	3.00316	3.00316	3.00316	3.00316	3.00316	3.00316	3.00316	3.00316	3.00316	3.00316	3.00316	3.00316	3.00316	3.00316	3.00316	3.00316	3.00316	3.00316	3.00316	3.00316	3.00316	3.00316	3.00316	3.00316	2.99966	1.35765	1	1	1	1	1	1
1	1	1	1	1	1	2.04021	3.00316	3.00316	3.00316	3.00316	3.00316	3.00316	3.00316	3.00316	3.00316	3.00316	3.00316	3.00316	3.00316	3.00316	3.00316	3.00316	3.00316	3.00316	3.00316	3.00316	3.00316	3.00316	3.00316	3.00316	3.00316	3.00316	3.00316	3.00316	3.00316	3.00316	3.00316	3.00316	3.00316	3.00316	3.00316	3.00316	3.00316	3.00316	3.00316	3.00316	3.00316	3.00316	3.00316	3.00316	3.00316	3.00316	3.00316	3.00316	3.00316	3.00316	1.93417	1	1	1	1	1	1
1	1	1	1	1	1	1.1457	2.91009	3.00316	3.00316	3.00316	3.00316	3.00316	3.00316	3.00316	3.00316	3.00316	3.00316	3.00316	3.00316	3.00316	3.00316	3.00316	3.00316	3.00316	3.00316	3.00316	3.00316	3.00316	3.00316	3.00316	3.00316	3.00316	3.00316	3.00316	3.00316	3.00316	3.00316	3.00316	3.00316	3.00316	3.00316	3.00316	3.00316	3.00316	3.00316	3.00316	3.00316	3.00316	3.00316	3.00316	3.00316	3.00316	3.00316	3.00316	3.00316	3.00316	2.23951	1	1	1	1	1	1
1	1	1	1	1	1	1	2.31848	3.00316	3.00316	3.00316	3.00316	3.00316	3.00316	3.00316	3.00316	3.00316	3.00316	3.00316	3.00316	3.00316	3.00316	3.00316	3.00316	3.00316	3.00316	3.00316	3.00316	3.00316	3.00316	3.00316	3.00316	3.00316	3.00316	3.00316	3.00316	3.00316	3.00316	3.00316	3.00316	3.00316	3.00316	3.00316	3.00316	3.00316	3.00316	3.00316	3.00316	3.00316	3.00316	3.00316	3.00316	3.00316	3.00316	3.00316	3.00316	3.00316	2.34309	1	1	1	1	1	1
1	1	1	1	1	1	1	1.43054	2.99037	3.00316	3.00316	3.00316	3.00316	3.00316	3.00316	3.00316	3.00316	3.00316	3.00316	3.00316	3.00316	3.00316	3.00316	3.00316	3.00316	3.00316	3.00316	3.00316	3.00316	3.00316	3.00316	3.00316	3.00316	3.00316	3.00316	3.00316	3.00316	3.00316	3.00316	3.00316	3.00316	3.00316	3.00316	3.00316	3.00316	3.00316	3.00316	3.00316	3.00316	3.00316	3.00316	3.00316	3.00316	3.00316	3.00316	3.00316	3.00316	2.40914	1	1	1	1	1	1
1	1	1	1	1	1	1	1	2.56703	3.00316	3.00316	3.00316	3.00316	3.00316	3.00316	3.00316	3.00316	3.00316	3.00316	3.00316	3.00316	3.00316	3.00316	3.00316	3.00316	3.00316	3.00316	3.00316	3.00316	3.00316	3.00316	3.00316	3.00316	3.00316	3.00316	3.00316	3.00316	3.00316	3.00316	3.00316	3.00316	3.00316	3.00316	3.00316	3.00316	3.00316	3.00316	3.00316	3.00316	3.00316	3.00316	3.00316	3.00316	3.00316	3.00316	3.00316	3.00316	2.23951	1	1	1	1	1	1
1	1	1	1	1	1	1	1	1.78345	3.00316	3.00316	3.00316	3.00316	3.00316	3.00316	3.00316	3.00316	3.00316	3.00316	3.00316	3.00316	3.00316	3.00316	3.00316	3.00316	3.00316	3.00316	3.00316	3.00316	3.00316	3.00316	3.00316	3.00316	3.00316	3.00316	3.00316	3.00316	3.00316	3.00316	3.00316	3.00316	3.00316	3.00316	3.00316	3.00316	3.00316	3.00316	3.00316	3.00316	3.00316	3.00316	3.00316	3.00316	3.00316	3.00316	3.00316	3.00316	2.28116	1	1	1	1	1	1
1	1	1	1	1	1	1	1	1.01712	2.78723	3.00316	3.00316	3.00316	3.00316	3.00316	3.00316	3.00316	3.00316	3.00316	3.00316	3.00316	3.00316	3.00316	3.00316	3.00316	3.00316	3.00316	3.00316	3.00316	3.00316	3.00316	3.00316	3.00316	3.00316	3.00316	3.00316	3.00316	3.00316	3.00316	3.00316	3.00316	3.00316	3.00316	3.00316	3.00316	3.00316	3.00316	3.00316	3.00316	3.00316	3.00316	3.00316	3.00316	3.00316	3.00316	3.00316	3.00316	2.75008	1.00483	1	1	1	1	1
1	1	1	1	1	1	1	1	1	2.0959	3.00316	3.00316	3.00316	3.00316	3.00316	3.00316	3.00316	3.00316	3.00316	3.00316	3.00316	3.00316	3.00316	3.00316	3.00316	3.00316	3.00316	3.00316	3.00316	3.00316	3.00316	3.00316	3.00316	3.00316	3.00316	3.00316	3.00316	3.00316	3.00316	3.00316	3.00316	3.00316	3.00316	3.00316	3.00316	3.00316	3.00316	3.00316	3.00316	3.00316	3.00316	3.00316	3.00316	3.00316	3.00316	3.00316	3.00316	3.00316	1.71774	1	1	1	1	1
1	1	1	1	1	1	1	1	1	1.191	2.93123	3.00316	3.00316	3.00316	3.00316	3.00316	3.00316	3.00316	3.00316	3.00316	3.00316	3.00316	3.00316	3.00316	3.00316	3.00316	3.00316	3.00316	3.00316	3.00316	3.00316	3.00316	3.00316	3.00316	3.00316	3.00316	3.00316	3.00316	3.00316	3.00316	3.00316	3.00316	3.00316	3.00316	3.00316	3.00316	3.00316	3.00316	3.00316	3.00316	3.00316	3.00316	3.00316	3.00316	3.00316	3.00316	3.00316	3.00316	2.52173	1	1	1	1	1
1	1	1	1	1	1	1	1	1	1	2.36787	3.00316	3.00316	3.00316	3.00316	3.00316	3.00316	3.00316	3.00316	3.00316	3.00316	3.00316	3.00316	3.00316	3.00316	3.00316	3.00316	3.00316	3.00316	3.00316	3.00316	3.00316	3.00316	3.00316	3.00316	3.00316	3.00316	3.00316	3.00316	3.00316	3.00316	3.00316	3.00316	3.00316	3.00316	3.00316	3.00316	3.00316	3.00316	3.00316	3.00316	3.00316	3.00316	3.00316	3.00316	3.00316	3.00316	3.00316	2.98085	1.36891	1	1	1	1
1	1	1	1	1	1	1	1	1	1	1.49514	2.99723	3.00316	3.00316	3.00316	3.00316	3.00316	3.00316	3.00316	3.00316	3.00316	3.00316	3.00316	3.00316	3.00316	3.00316	3.00316	3.00316	3.00316	3.00316	3.00316	3.00316	3.00316	3.00316	3.00316	3.00316	3.00316	3.00316	3.00316	3.00316	3.00316	3.00316	3.00316	3.00316	3.00316	3.00316	3.00316	3.00316	3.00316	3.00316	3.00316	3.00316	3.00316	3.00316	3.00316	3.00316	3.00316	3.00316	3.00316	2.26845	1	1	1	1
1	1	1	1	1	1	1	1	1	1	1	2.61155	3.00316	3.00316	3.00316	3.00316	3.00316	3.00316	3.00316	3.00316	3.00316	3.00316	3.00316	3.00316	3.00316	3.00316	3.00316	3.00316	3.00316	3.00316	3.00316	3.00316	3.00316	3.00316	3.00316	3.00316	3.00316	3.00316	3.00316	3.00316	3.00316	3.00316	3.00316	3.00316	3.00316	3.00316	3.00316	3.00316	3.00316	3.00316	3.00316	3.00316	3.00316	3.00316	3.00316	3.00316	3.00316	3.00316	3.00316	2.88624	1.10549	1	1	1
1	1	1	1	1	1	1	1	1	1	1	1.84685	3.00316	3.00316	3.00316	3.00316	3.00316	3.00316	3.00316	3.00316	3.00316	3.00316	3.00316	3.00316	3.00316	3.00316	3.00316	3.00316	3.00316	3.00316	3.00316	3.00316	3.00316	3.00316	3.00316	3.00316	3.00316	3.00316	3.00316	3.00316	3.00316	3.00316	3.00316	3.00316	3.00316	3.00316	3.00316	3.00316	3.00316	3.00316	3.00316	3.00316	3.00316	3.00316	3.00316	3.00316	3.00316	3.00316	3.00316	3.00316	1.98296	1	1	1
1	1	1	1	1	1	1	1	1	1	1	1.03656	2.82092	3.00316	3.00316	3.00316	3.00316	3.00316	3.00316	3.00316	3.00316	3.00316	3.00316	3.00316	3.00316	3.00316	3.00316	3.00316	3.00316	3.00316	3.00316	3.00316	3.00316	3.00316	3.00316	3.00316	3.00316	3.00316	3.00316	3.00316	3.00316	3.00316	3.00316	3.00316	3.00316	3.00316	3.00316	3.00316	3.00316	3.00316	3.00316	3.00316	3.00316	3.00316	3.00316	3.00316	3.00316	3.00316	3.00316	3.00316	2.70972	1	1	1
1	1	1	1	1	1	1	1	1	1	1	1	2.15016	3.00316	3.00316	3.00316	3.00316	3.00316	3.00316	3.00316	3.00316	3.00316	3.00316	3.00316	3.00316	3.00316	3.00316	3.00316	3.00316	3.00316	3.00316	3.00316	3.00316	3.00316	3.00316	3.00316	3.00316	3.00316	3.00316	3.00316	3.00316	3.00316	3.00316	3.00316	3.00316	3.00316	3.00316	3.00316	3.00316	3.00316	3.00316	3.00316	3.00316	3.00316	3.00316	3.00316	3.00316	3.00316	3.00316	3.00316	3.00316	1.1155	1	1
1	1	1	1	1	1	1	1	1	1	1	1	1.24115	2.94949	3.00316	3.00316	3.00316	3.00316	3.00316	3.00316	3.00316	3.00316	3.00316	3.00316	3.00316	3.00316	3.00316	3.00316	3.00316	3.00316	3.00316	3.00316	3.00316	3.00316	3.00316	3.00316	3.00316	3.00316	3.00316	3.00316	3.00316	3.00316	3.00316	3.00316	3.00316	3.00316	3.00316	3.00316	3.00316	3.00316	3.00316	3.00316	3.00316	3.00316	3.00316	3.00316	3.00316	3.00316	2.97789	2.50945	1.6997	1.00282	1	1
1	1	1	1	1	1	1	1	1	1	1	1	1	2.41584	3.00316	3.00316	3.00316	3.00316	3.00316	3.00316	3.00316	3.00316	3.00316	3.00316	3.00316	3.00316	3.00316	3.00316	3.00316	3.00316	3.00316	3.00316	3.00316	3.00316	3.00316	3.00316	3.00316	3.00316	3.00316	3.00316	3.00316	3.00316	3.00316	3.00316	3.00316	3.00316	3.00316	3.00316	3.00316	3.00316	3.00316	3.00316	3.00316	3.00316	3.00316	3.00316	2.87929	2.25479	1.35301	1	1	1	1	1
1	1	1	1	1	1	1	1	1	1	1	1	1	1.5617	3.00148	3.00316	3.00316	3.00316	3.00316	3.00316	3.00316	3.00316	3.00316	3.00316	3.00316	3.00316	3.00316	3.00316	3.00316	3.00316	3.00316	3.00316	3.00316	3.00316	3.00316	3.00316	3.00316	3.00316	3.00316	3.00316	3.00316	3.00316	3.00316	3.00316	3.00316	3.00316	3.00316	3.00316	3.00316	3.00316	3.00316	3.00316	3.00316	3.00316	2.69839	1.96758	1.09577	1	1	1	1	1	1	1
1	1	1	1	1	1	1	1	1	1	1	1	1	1	2.65533	3.00316	3.00316	3.00316	3.00316	3.00316	3.00316	3.00316	3.00316	3.00316	3.00316	3.00316	3.00316	3.00316	3.00316	3.00316	3.00316	3.00316	3.00316	3.00316	3.00316	3.00316	3.00316	3.00316	3.00316	3.00316	3.00316	3.00316	3.00316	3.00316	3.00316	3.00316	3.00316	3.00316	3.00316	3.00316	3.00316	2.96508	2.46329	1.63074	1	1	1	1	1	1	1	1	1	1
1	1	1	1	1	1	1	1	1	1	1	1	1	1	1.90791	3.00316	3.00316	3.00316	3.00316	3.00316	3.00316	3.00316	3.00316	3.00316	3.00316	3.00316	3.00316	3.00316	3.00316	3.00316	3.00316	3.00316	3.00316	3.00316	3.00316	3.00316	3.00316	3.00316	3.00316	3.00316	3.00316	3.00316	3.00316	3.00316	3.00316	3.00316	3.00316	3.00316	3.00316	2.85169	2.20309	1.2952	1	1	1	1	1	1	1	1	1	1	1	1
1	1	1	1	1	1	1	1	1	1	1	1	1	1	1.06288	2.85169	3.00316	3.00316	3.00316	3.00316	3.00316	3.00316	3.00316	3.00316	3.00316	3.00316	3.00316	3.00316	3.00316	3.00316	3.00316	3.00316	3.00316	3.00316	3.00316	3.00316	3.00316	3.00316	3.00316	3.00316	3.00316	3.00316	3.00316	3.00316	3.00316	3.00316	3.00148	2.65533	1.90791	1.06288	1	1	1	1	1	1	1	1	1	1	1	1	1	1
1	1	1	1	1	1	1	1	1	1	1	1	1	1	1	2.20309	3.00316	3.00316	3.00316	3.00316	3.00316	3.00316	3.00316	3.00316	3.00316	3.00316	3.00316	3.00316	3.00316	3.00316	3.00316	3.00316	3.00316	3.00316	3.00316	3.00316	3.00316	3.00316	3.00316	3.00316	3.00316	3.00316	3.00316	3.00316	2.94949	2.41584	1.5617	1	1	1	1	1	1	1	1	1	1	1	1	1	1	1	1	1
1	1	1	1	1	1	1	1	1	1	1	1	1	1	1	1.2952	2.96508	3.00316	3.00316	3.00316	3.00316	3.00316	3.00316	3.00316	3.00316	3.00316	3.00316	3.00316	3.00316	3.00316	3.00316	3.00316	3.00316	3.00316	3.00316	3.00316	3.00316	3.00316	3.00316	3.00316	3.00316	3.00316	2.82092	2.15016	1.24115	1	1	1	1	1	1	1	1	1	1	1	1	1	1	1	1	1	1	1
1	1	1	1	1	1	1	1	1	1	1	1	1	1	1	1	2.46329	3.00316	3.00316	3.00316	3.00316	3.00316	3.00316	3.00316	3.00316	3.00316	3.00316	3.00316	3.00316	3.00316	3.00316	3.00316	3.00316	3.00316	3.00316	3.00316	3.00316	3.00316	3.00316	2.99723	2.61155	1.84685	1.03656	1	1	1	1	1	1	1	1	1	1	1	1	1	1	1	1	1	1	1	1	1
1	1	1	1	1	1	1	1	1	1	1	1	1	1	1	1	1.63074	3.00316	3.00316	3.00316	3.00316	3.00316	3.00316	3.00316	3.00316	3.00316	3.00316	3.00316	3.00316	3.00316	3.00316	3.00316	3.00316	3.00316	3.00316	3.00316	3.00316	2.93123	2.36787	1.49514	1	1	1	1	1	1	1	1	1	1	1	1	1	1	1	1	1	1	1	1	1	1	1	1
1	1	1	1	1	1	1	1	1	1	1	1	1	1	1	1	1	2.69839	3.00316	3.00316	3.00316	3.00316	3.00316	3.00316	3.00316	3.00316	3.00316	3.00316	3.00316	3.00316	3.00316	3.00316	3.00316	3.00316	3.00316	2.78723	2.0959	1.191	1	1	1	1	1	1	1	1	1	1	1	1	1	1	1	1	1	1	1	1	1	1	1	1	1	1
1	1	1	1	1	1	1	1	1	1	1	1	1	1	1	1	1	1.96758	3.00316	3.00316	3.00316	3.00316	3.00316	3.00316	3.00316	3.00316	3.00316	3.00316	3.00316	3.00316	3.00316	3.00316	2.99037	2.56703	1.78345	1.01712	1	1	1	1	1	1	1	1	1	1	1	1	1	1	1	1	1	1	1	1	1	1	1	1	1	1	1	1
1	1	1	1	1	1	1	1	1	1	1	1	1	1	1	1	1	1.09577	2.87929	3.00316	3.00316	3.00316	3.00316	3.00316	3.00316	3.00316	3.00316	3.00316	3.00316	3.00316	2.91009	2.31848	1.43054	1	1	1	1	1	1	1	1	1	1	1	1	1	1	1	1	1	1	1	1	1	1	1	1	1	1	1	1	1	1	1
1	1	1	1	1	1	1	1	1	1	1	1	1	1	1	1	1	1	2.25479	3.00316	3.00316	3.00316	3.00316	3.00316	3.00316	3.00316	3.00316	3.00316	2.75008	2.04021	1.1457	1	1	1	1	1	1	1	1	1	1	1	1	1	1	1	1	1	1	1	1	1	1	1	1	1	1	1	1	1	1	1	1	1
1	1	1	1	1	1	1	1	1	1	1	1	1	1	1	1	1	1	1.35301	2.97789	3.00316	3.00316	3.00316	3.00316	3.00316	2.98085	2.52173	1.71774	1.00483	1	1	1	1	1	1	1	1	1	1	1	1	1	1	1	1	1	1	1	1	1	1	1	1	1	1	1	1	1	1	1	1	1	1	1
1	1	1	1	1	1	1	1	1	1	1	1	1	1	1	1	1	1	1	2.50945	3.00316	3.00316	3.00316	2.88624	2.26845	1.36891	1	1	1	1	1	1	1	1	1	1	1	1	1	1	1	1	1	1	1	1	1	1	1	1	1	1	1	1	1	1	1	1	1	1	1	1	1	1
1	1	1	1	1	1	1	1	1	1	1	1	1	1	1	1	1	1	1	1.6997	3.00316	2.70972	1.98296	1.10549	1	1	1	1	1	1	1	1	1	1	1	1	1	1	1	1	1	1	1	1	1	1	1	1	1	1	1	1	1	1	1	1	1	1	1	1	1	1	1	1
1	1	1	1	1	1	1	1	1	1	1	1	1	1	1	1	1	1	1	1.00282	1.1155	1	1	1	1	1	1	1	1	1	1	1	1	1	1	1	1	1	1	1	1	1	1	1	1	1	1	1	1	1	1	1	1	1	1	1	1	1	1	1	1	1	1	1
1	1	1	1	1	1	1	1	1	1	1	1	1	1	1	1	1	1	1	1	1	1	1	1	1	1	1	1	1	1	1	1	1	1	1	1	1	1	1	1	1	1	1	1	1	1	1	1	1	1	1	1	1	1	1	1	1	1	1	1	1	1	1	1
1	1	1	1	1	1	1	1	1	1	1	1	1	1	1	1	1	1	1	1	1	1	1	1	1	1	1	1	1	1	1	1	1	1	1	1	1	1	1	1	1	1	1	1	1	1	1	1	1	1	1	1	1	1	1	1	1	1	1	1	1	1	1	1
