1	1	1	1	1	1	1	1	1	1	1	1	1	1	1	1	1	1	1	1	1	1	1	1	1	1	1	1	1	1	1	1	1	1	1	1	1	1	1	1	1	1	1	1	1	1	1	1	1	1	1	1	1	1	1	1	1	1	1	1	1	1	1	1
1	1	1	1	1	1	1	1	1	1	1	1	1	1	1	1	1	1	1	1	1	1	1	1	1	1	1	1	1	1	1	1	1	1	1	1	1	1	1	1	1	1	1	1	1	1	1	1	1	1	1	1	1	1	1	1	1	1	1	1	1	1	1	1
1	1	1	1	1	1	1	1	1	1	1	1	1	1	1	1	1	1	1	1	1	1	1	1	1	1	1	1	1	1	1	1	1	1	1	1	1	1	1	1	1	1	1	1	1	1	1	1	1	1	1	1	1	1	1	1	1	1	1	1	1	1	1	1
1	1	1	1	1	1	1	1	1	1	1	1	1	1	1	1	1	1	1	1	1	1.21555	1.11255	1	1	1	1	1	1	1	1	1	1	1	1	1	1	1	1	1	1	1	1	1	1	1	1	1	1	1	1	1	1	1	1	1	1	1	1	1	1	1	1	1
1	1	1	1	1	1	1	1	1	1	1	1	1	1	1	1	1	1	1	1	1.1813	2.97855	2.91913	1.60685	1	1	1	1	1	1	1	1	1	1	1	1	1	1	1	1	1	1	1	1	1	1	1	1	1	1	1	1	1	1	1	1	1	1	1	1	1	1	1	1
1	1	1	1	1	1	1	1	1	1	1	1	1	1	1	1	1	1	1	1	2.5488	3.2	3.2	3.15397	2.24932	1.02596	1	1	1	1	1	1	1	1	1	1	1	1	1	1	1	1	1	1	1	1	1	1	1	1	1	1	1	1	1	1	1	1	1	1	1	1	1	1
1	1	1	1	1	1	1	1	1	1	1	1	1	1	1	1	1	1	1	1.93588	3.19688	3.2	3.2	3.2	3.2	2.7888	1.41369	1	1	1	1	1	1	1	1	1	1	1	1	1	1	1	1	1	1	1	1	1	1	1	1	1	1	1	1	1	1	1	1	1	1	1	1	1
1	1	1	1	1	1	1	1	1	1	1	1	1	1	1	1	1	1	1.337	3.06755	3.2	3.2	3.2	3.2	3.2	3.2	3.09856	2.03243	1	1	1	1	1	1	1	1	1	1	1	1	1	1	1	1	1	1	1	1	1	1	1	1	1	1	1	1	1	1	1	1	1	1	1	1
1	1	1	1	1	1	1	1	1	1	1	1	1	1	1	1	1	1	2.45848	3.2	3.2	3.2	3.2	3.2	3.2	3.2	3.2	3.2	2.62682	1.2446	1	1	1	1	1	1	1	1	1	1	1	1	1	1	1	1	1	1	1	1	1	1	1	1	1	1	1	1	1	1	1	1	1	1
1	1	1	1	1	1	1	1	1	1	1	1	1	1	1	1	1	1	1.67355	2.9555	3.2	3.2	3.2	3.2	3.2	3.2	3.2	3.2	3.2	3.02017	1.81185	1	1	1	1	1	1	1	1	1	1	1	1	1	1	1	1	1	1	1	1	1	1	1	1	1	1	1	1	1	1	1	1	1
1	1	1	1	1	1	1	1	1	1	1	1	1	1	1	1	1	1	1	1.15208	2.50866	3.19386	3.2	3.2	3.2	3.2	3.2	3.2	3.2	3.2	3.18704	2.44352	1.1103	1	1	1	1	1	1	1	1	1	1	1	1	1	1	1	1	1	1	1	1	1	1	1	1	1	1	1	1	1	1	1
1	1	1	1	1	1	1	1	1	1	1	1	1	1	1	1	1	1	1	1	1	1.88724	3.05008	3.2	3.2	3.2	3.2	3.2	3.2	3.2	3.2	3.2	2.91682	1.60282	1	1	1	1	1	1	1	1	1	1	1	1	1	1	1	1	1	1	1	1	1	1	1	1	1	1	1	1	1	1
1	1	1	1	1	1	1	1	1	1	1	1	1	1	1	1	1	1	1	1	1	1	1.29996	2.6868	3.2	3.2	3.2	3.2	3.2	3.2	3.2	3.2	3.2	3.15308	2.2453	1.02482	1	1	1	1	1	1	1	1	1	1	1	1	1	1	1	1	1	1	1	1	1	1	1	1	1	1	1	1
1	1	1	1	1	1	1	1	1	1	1	1	1	1	1	1	1	1	1	1	1	1	1	1.00183	2.11012	3.12031	3.2	3.2	3.2	3.2	3.2	3.2	3.2	3.2	3.2	2.7859	1.41005	1	1	1	1	1	1	1	1	1	1	1	1	1	1	1	1	1	1	1	1	1	1	1	1	1	1	1
1	1	1	1	1	1	1	1	1	1	1	1	1	1	1	1	1	1	1	1	1	1	1	1	1	1.4784	2.83737	3.2	3.2	3.2	3.2	3.2	3.2	3.2	3.2	3.2	3.09723	2.02796	1	1	1	1	1	1	1	1	1	1	1	1	1	1	1	1	1	1	1	1	1	1	1	1	1	1
1	1	1	1	1	1	1	1	1	1	1	1	1	1	1	1	1	1	1	1	1	1	1	1	1	1	1.04963	2.31992	3.16803	3.2	3.2	3.2	3.2	3.2	3.2	3.2	3.2	3.2	2.62296	1.24136	1	1	1	1	1	1	1	1	1	1	1	1	1	1	1	1	1	1	1	1	1	1	1	1
1	1	1	1	1	1	1	1	1	1	1	1	1	1	1	1	1	1	1	1	1	1	1	1	1	1	1	1	1.67793	2.95775	3.2	3.2	3.2	3.2	3.2	3.2	3.2	3.2	3.2	3.01826	1.80731	1	1	1	1	1	1	1	1	1	1	1	1	1	1	1	1	1	1	1	1	1	1	1
1	1	1	1	1	1	1	1	1	1	1	1	1	1	1	1	1	1	1	1	1	1	1	1	1	1	1	1	1	1.15464	2.51225	3.19418	3.2	3.2	3.2	3.2	3.2	3.2	3.2	3.2	3.18654	2.43936	1.10794	1	1	1	1	1	1	1	1	1	1	1	1	1	1	1	1	1	1	1	1	1
1	1	1	1	1	1	1	1	1	1	1	1	1	1	1	1	1	1	1	1	1	1	1	1	1	1	1	1	1	1	1	1.89161	3.05171	3.2	3.2	3.2	3.2	3.2	3.2	3.2	3.2	3.2	2.07073	1	1	1	1	1	1	1	1	1	1	1	1	1	1	1	1	1	1	1	1	1
1	1	1	1	1	1	1	1	1	1	1	1	1	1	1	1	1	1	1	1	1	1	1	1	1	1	1	1	1	1	1	1	1.30325	2.69012	3.2	3.2	3.2	3.2	3.2	3.2	3.2	3.13295	1.52166	1	1	1	1	1	1	1	1	1	1	1	1	1	1	1	1	1	1	1	1	1
1	1	1	1	1	1	1	1	1	1	1	1	1	1	1	1	1	1	1	1	1	1	1	1	1	1	1	1	1	1	1	1	1	1.00215	2.11439	3.12147	3.2	3.2	3.2	3.2	3.2	2.15873	1	1	1	1	1	1	1	1	1	1	1	1	1	1	1	1	1	1	1	1	1	1
1	1	1	1	1	1	1	1	1	1	1	1	1	1	1	1	1	1	1	1	1	1	1	1	1	1	1	1	1	1	1	1	1	1	1	1.48219	2.84005	3.2	3.2	3.2	2.72334	1.00697	1	1	1	1	1	1	1	1	1	1	1	1	1	1	1	1	1	1	1	1	1	1
1	1	1	1	1	1	1	1	1	1	1	1	1	1	1	1	1	1	1	1	1	1	1	1	1	1	1	1	1	1	1	1	1	1	1	1	1.05121	2.3238	3.16876	3.06784	1.33765	1	1	1	1	1	1	1	1	1	1	1	1	1	1	1	1	1	1	1	1	1	1	1
1	1	1	1	1	1	1	1	1	1	1	1	1	1	1	1	1	1	1	1	1	1	1	1	1	1	1	1	1	1	1	1	1	1	1	1	1	1	1.68206	1.60325	1	1	1	1	1	1	1	1	1	1	1	1	1	1	1	1	1	1	1	1	1	1	1	1
1	1	1	1	1	1	1	1	1	1	1	1	1	1	1	1	1	1	1	1	1	1	1	1	1	1	1	1	1	1	1	1	1	1	1	1	1	1	1	1	1	1	1	1	1	1	1	1	1	1	1	1	1	1	1	1	1	1	1	1	1	1	1	1
1	1	1	1	1	1	1	1	1	1	1	1	1	1	1	1	1	1	1	1	1	1	1	1	1	1	1	1	1	1	1	1	1	1	1	1	1	1	1	1	1	1.06423	1.56268	1.89263	1.9977	1.98985	1.7899	1.34519	1	1	1	1	1	1	1	1	1	1	1	1	1	1	1	1
1	1	1	1	1	1	1	1	1	1	1	1	1	1	1	1	1	1	1	1	1	1	1	1	1	1	1	1	1	1	1	1	1	1	1	1	1	1	1	1.70204	2.4802	2.92561	3.00054	3.00054	3.00054	3.00054	3.00054	3.00054	2.78195	2.22344	1.31456	1	1	1	1	1	1	1	1	1	1	1	1	1
1	1	1	1	1	1	1	1	1	1	1	1	1	1	1	1	1	1	1	1	1	1	1	1	1	1	1	1	1	1	1	1	1	1	1	1	1	1.47243	2.61178	3.00054	3.00054	3.00054	3.00054	3.00054	3.00054	3.00054	3.00054	3.00054	3.00054	3.00054	2.94895	2.21771	1.0902	1	1	1	1	1	1	1	1	1	1	1
1	1	1	1	1	1	1	1	1	1	1	1	1	1	1	1	1	1	1	1	1	1	1	1	1	1	1	1	1	1	1	1	1	1	1	1	1.91072	2.94328	3.00054	3.00054	3.00054	3.00054	3.00054	3.00054	3.00054	3.00054	3.00054	3.00054	3.00054	3.00054	3.00054	3.00054	2.70402	1.35223	1	1	1	1	1	1	1	1	1	1
1	1	1	1	1	1	1	1	1	1	1	1	1	1	1	1	1	1	1	1	1	1	1	1	1	1	1	1	1	1	1	1	1	1	1	2.01619	2.99267	3.00054	3.00054	3.00054	3.00054	3.00054	3.00054	3.00054	3.00054	3.00054	3.00054	3.00054	3.00054	3.00054	3.00054	3.00054	3.00054	2.82403	1.38091	1	1	1	1	1	1	1	1	1
1	1	1	1	1	1	1	1	1	1	1	1	1	1	1	1	1	1	1	1	1	1	1	1	1	1	1	1	1	1	1	1	1	1	1.77201	2.98479	3.00054	3.00054	3.00054	3.00054	3.00054	3.00054	3.00054	3.00054	3.00054	3.00054	3.00054	3.00054	3.00054	3.00054	3.00054	3.00054	3.00054	3.00054	2.74847	1.14913	1	1	1	1	1	1	1	1
1	1	1	1	1	1	1	1	1	1	1	1	1	1	1	1	1	1	1	1	1	1	1	1	1	1	1	1	1	1	1	1	1	1.23687	2.87183	3.00054	3.00054	3.00054	3.00054	3.00054	3.00054	3.00054	3.00054	3.00054	3.00054	3.00054	3.00054	3.00054	3.00054	3.00054	3.00054	3.00054	3.00054	3.00054	3.00054	2.34761	1	1	1	1	1	1	1	1
1	1	1	1	1	1	1	1	1	1	1	1	1	1	1	1	1	1	1	1	1	1	1	1	1	1	1	1	1	1	1	1	1	2.31402	3.00054	3.00054	3.00054	3.00054	3.00054	3.00054	3.00054	3.00054	3.00054	3.00054	3.00054	3.00054	3.00054	3.00054	3.00054	3.00054	3.00054	3.00054	3.00054	3.00054	3.00054	2.9849	1.51069	1	1	1	1	1	1	1
1	1	1	1	1	1	1	1	1	1	1	1	1	1	1	1	1	1	1	1	1	1	1	1	1	1	1	1	1	1	1	1	1.21936	2.94265	3.00054	3.00054	3.00054	3.00054	3.00054	3.00054	3.00054	3.00054	3.00054	3.00054	3.00054	3.00054	3.00054	3.00054	3.00054	3.00054	3.00054	3.00054	3.00054	3.00054	3.00054	3.00054	2.42815	1	1	1	1	1	1	1
1	1	1	1	1	1	1	1	1	1	1	1	1	1	1	1	1	1	1	1	1	1	1	1	1	1	1	1	1	1	1	1	2.0082	3.00054	3.00054	3.00054	3.00054	3.00054	3.00054	3.00054	3.00054	3.00054	3.00054	3.00054	3.00054	3.00054	3.00054	3.00054	3.00054	3.00054	3.00054	3.00054	3.00054	3.00054	3.00054	3.00054	2.93645	1.1231	1	1	1	1	1	1
1	1	1	1	1	1	1	1	1	1	1	1	1	1	1	1	1	1	1	1	1	1	1	1	1	1	1	1	1	1	1	1	2.49986	3.00054	3.00054	3.00054	3.00054	3.00054	3.00054	3.00054	3.00054	3.00054	3.00054	3.00054	3.00054	3.00054	3.00054	3.00054	3.00054	3.00054	3.00054	3.00054	3.00054	3.00054	3.00054	3.00054	3.00054	1.74456	1	1	1	1	1	1
1	1	1	1	1	1	1	1	1	1	1	1	1	1	1	1	1	1	1	1	1	1	1	1	1	1	1	1	1	1	1	1	2.79021	3.00054	3.00054	3.00054	3.00054	3.00054	3.00054	3.00054	3.00054	3.00054	3.00054	3.00054	3.00054	3.00054	3.00054	3.00054	3.00054	3.00054	3.00054	3.00054	3.00054	3.00054	3.00054	3.00054	3.00054	2.13957	1	1	1	1	1	1
1	1	1	1	1	1	1	1	1	1	1	1	1	1	1	1	1	1	1	1	1	1	1	1	1	1	1	1	1	1	1	1	2.94455	3.00054	3.00054	3.00054	3.00054	3.00054	3.00054	3.00054	3.00054	3.00054	3.00054	3.00054	3.00054	3.00054	3.00054	3.00054	3.00054	3.00054	3.00054	3.00054	3.00054	3.00054	3.00054	3.00054	3.00054	2.33717	1	1	1	1	1	1
1	1	1	1	1	1	1	1	1	1	1	1	1	1	1	1	1	1	1	1	1	1	1	1	1	1	1	1	1	1	1	1	2.99221	3.00054	3.00054	3.00054	3.00054	3.00054	3.00054	3.00054	3.00054	3.00054	3.00054	3.00054	3.00054	3.00054	3.00054	3.00054	3.00054	3.00054	3.00054	3.00054	3.00054	3.00054	3.00054	3.00054	3.00054	2.39671	1	1	1	1	1	1
1	1	1	1	1	1	1	1	1	1	1	1	1	1	1	1	1	1	1	1	1	1	1	1	1	1	1	1	1	1	1	1	2.92302	3.00054	3.00054	3.00054	3.00054	3.00054	3.00054	3.00054	3.00054	3.00054	3.00054	3.00054	3.00054	3.00054	3.00054	3.00054	3.00054	3.00054	3.00054	3.00054	3.00054	3.00054	3.00054	3.00054	3.00054	2.31	1	1	1	1	1	1
1	1	1	1	1	1	1	1	1	1	1	1	1	1	1	1	1	1	1	1	1	1	1	1	1	1	1	1	1	1	1	1	2.74422	3.00054	3.00054	3.00054	3.00054	3.00054	3.00054	3.00054	3.00054	3.00054	3.00054	3.00054	3.00054	3.00054	3.00054	3.00054	3.00054	3.00054	3.00054	3.00054	3.00054	3.00054	3.00054	3.00054	3.00054	2.07927	1	1	1	1	1	1
1	1	1	1	1	1	1	1	1	1	1	1	1	1	1	1	1	1	1	1	1	1	1	1	1	1	1	1	1	1	1	1	2.42109	3.00054	3.00054	3.00054	3.00054	3.00054	3.00054	3.00054	3.00054	3.00054	3.00054	3.00054	3.00054	3.00054	3.00054	3.00054	3.00054	3.00054	3.00054	3.00054	3.00054	3.00054	3.00054	3.00054	3.00054	1.62994	1	1	1	1	1	1
1	1	1	1	1	1	1	1	1	1	1	1	1	1	1	1	1	1	1	1	1	1	1	1	1	1	1	1	1	1	1	1	1.87185	3.00054	3.00054	3.00054	3.00054	3.00054	3.00054	3.00054	3.00054	3.00054	3.00054	3.00054	3.00054	3.00054	3.00054	3.00054	3.00054	3.00054	3.00054	3.00054	3.00054	3.00054	3.00054	3.00054	2.87399	1.04375	1	1	1	1	1	1
1	1	1	1	1	1	1	1	1	1	1	1	1	1	1	1	1	1	1	1	1	1	1	1	1	1	1	1	1	1	1	1	1.0978	2.87382	3.00054	3.00054	3.00054	3.00054	3.00054	3.00054	3.00054	3.00054	3.00054	3.00054	3.00054	3.00054	3.00054	3.00054	3.00054	3.00054	3.00054	3.00054	3.00054	3.00054	3.00054	3.00054	2.28337	1	1	1	1	1	1	1
1	1	1	1	1	1	1	1	1	1	1	1	1	1	1	1	1	1	1	1	1	1	1	1	1	1	1	1	1	1	1	1	1	2.12166	3.00054	3.00054	3.00054	3.00054	3.00054	3.00054	3.00054	3.00054	3.00054	3.00054	3.00054	3.00054	3.00054	3.00054	3.00054	3.00054	3.00054	3.00054	3.00054	3.00054	3.00054	2.93715	1.31618	1	1	1	1	1	1	1
1	1	1	1	1	1	1	1	1	1	1	1	1	1	1	1	1	1	1	1	1	1	1	1	1	1	1	1	1	1	1	1	1	1.08517	2.74567	3.00054	3.00054	3.00054	3.00054	3.00054	3.00054	3.00054	3.00054	3.00054	3.00054	3.00054	3.00054	3.00054	3.00054	3.00054	3.00054	3.00054	3.00054	3.00054	3.00054	2.11172	1	1	1	1	1	1	1	1
1	1	1	1	1	1	1	1	1	1	1	1	1	1	1	1	1	1	1	1	1	1	1	1	1	1	1	1	1	1	1	1	1	1	1.50279	2.92139	3.00054	3.00054	3.00054	3.00054	3.00054	3.00054	3.00054	3.00054	3.00054	3.00054	3.00054	3.00054	3.00054	3.00054	3.00054	3.00054	3.00054	3.00054	2.54974	1.02562	1	1	1	1	1	1	1	1
1	1	1	1	1	1	1	1	1	1	1	1	1	1	1	1	1	1	1	1	1	1	1	1	1	1	1	1	1	1	1	1	1	1	1	1.69797	2.9318	3.00054	3.00054	3.00054	3.00054	3.00054	3.00054	3.00054	3.00054	3.00054	3.00054	3.00054	3.00054	3.00054	3.00054	3.00054	3.00054	2.63486	1.15372	1	1	1	1	1	1	1	1	1
1	1	1	1	1	1	1	1	1	1	1	1	1	1	1	1	1	1	1	1	1	1	1	1	1	1	1	1	1	1	1	1	1	1	1	1	1.56653	2.80579	3.00054	3.00054	3.00054	3.00054	3.00054	3.00054	3.00054	3.00054	3.00054	3.00054	3.00054	3.00054	3.00054	3.00054	2.41704	1.11352	1	1	1	1	1	1	1	1	1	1
1	1	1	1	1	1	1	1	1	1	1	1	1	1	1	1	1	1	1	1	1	1	1	1	1	1	1	1	1	1	1	1	1	1	1	1	1	1.16671	2.28315	2.95087	3.00054	3.00054	3.00054	3.00054	3.00054	3.00054	3.00054	3.00054	3.00054	3.00054	2.78068	1.82322	1	1	1	1	1	1	1	1	1	1	1	1
1	1	1	1	1	1	1	1	1	1	1	1	1	1	1	1	1	1	1	1	1	1	1	1	1	1	1	1	1	1	1	1	1	1	1	1	1	1	1	1.28188	2.1327	2.65519	2.96014	3.00054	3.00054	3.00054	3.00054	2.86705	2.47704	1.82772	1.03905	1	1	1	1	1	1	1	1	1	1	1	1	1
1	1	1	1	1	1	1	1	1	1	1	1	1	1	1	1	1	1	1	1	1	1	1	1	1	1	1	1	1	1	1	1	1	1	1	1	1	1	1	1	1	1	1.06304	1.40811	1.54604	1.53591	1.26705	1.00099	1	1	1	1	1	1	1	1	1	1	1	1	1	1	1	1
1	1	1	1	1	1	1	1	1	1	1	1	1	1	1	1	1	1	1	1	1	1	1	1	1	1	1	1	1	1	1	1	1	1	1	1	1	1	1	1	1	1	1	1	1	1	1	1	1	1	1	1	1	1	1	1	1	1	1	1	1	1	1	1
1	1	1	1	1	1	1	1	1	1	1	1	1	1	1	1	1	1	1	1	1	1	1	1	1	1	1	1	1	1	1	1	1	1	1	1	1	1	1	1	1	1	1	1	1	1	1	1	1	1	1	1	1	1	1	1	1	1	1	1	1	1	1	1
1	1	1	1	1	1	1	1	1	1	1	1	1	1	1	1	1	1	1	1	1	1	1	1	1	1	1	1	1	1	1	1	1	1	1	1	1	1	1	1	1	1	1	1	1	1	1	1	1	1	1	1	1	1	1	1	1	1	1	1	1	1	1	1
1	1	1	1	1	1	1	1	1	1	1	1	1	1	1	1	1	1	1	1	1	1	1	1	1	1	1	1	1	1	1	1	1	1	1	1	1	1	1	1	1	1	1	1	1	1	1	1	1	1	1	1	1	1	1	1	1	1	1	1	1	1	1	1
1	1	1	1	1	1	1	1	1	1	1	1	1	1	1	1	1	1	1	1	1	1	1	1	1	1	1	1	1	1	1	1	1	1	1	1	1	1	1	1	1	1	1	1	1	1	1	1	1	1	1	1	1	1	1	1	1	1	1	1	1	1	1	1
1	1	1	1	1	1	1	1	1	1	1	1	1	1	1	1	1	1	1	1	1	1	1	1	1	1	1	1	1	1	1	1	1	1	1	1	1	1	1	1	1	1	1	1	1	1	1	1	1	1	1	1	1	1	1	1	1	1	1	1	1	1	1	1
1	1	1	1	1	1	1	1	1	1	1	1	1	1	1	1	1	1	1	1	1	1	1	1	1	1	1	1	1	1	1	1	1	1	1	1	1	1	1	1	1	1	1	1	1	1	1	1	1	1	1	1	1	1	1	1	1	1	1	1	1	1	1	1
1	1	1	1	1	1	1	1	1	1	1	1	1	1	1	1	1	1	1	1	1	1	1	1	1	1	1	1	1	1	1	1	1	1	1	1	1	1	1	1	1	1	1	1	1	1	1	1	1	1	1	1	1	1	1	1	1	1	1	1	1	1	1	1
1	1	1	1	1	1	1	1	1	1	1	1	1	1	1	1	1	1	1	1	1	1	1	1	1	1	1	1	1	1	1	1	1	1	1	1	1	1	1	1	1	1	1	1	1	1	1	1	1	1	1	1	1	1	1	1	1	1	1	1	1	1	1	1
1	1	1	1	1	1	1	1	1	1	1	1	1	1	1	1	1	1	1	1	1	1	1	1	1	1	1	1	1	1	1	1	1	1	1	1	1	1	1	1	1	1	1	1	1	1	1	1	1	1	1	1	1	1	1	1	1	1	1	1	1	1	1	1
1	1	1	1	1	1	1	1	1	1	1	1	1	1	1	1	1	1	1	1	1	1	1	1	1	1	1	1	1	1	1	1	1	1	1	1	1	1	1	1	1	1	1	1	1	1	1	1	1	1	1	1	1	1	1	1	1	1	1	1	1	1	1	1
1	1	1	1	1	1	1	1	1	1	1	1	1	1	1	1	1	1	1	1	1	1	1	1	1	1	1	1	1	1	1	1	1	1	1	1	1	1	1	1	1	1	1	1	1	1	1	1	1	1	1	1	1	1	1	1	1	1	1	1	1	1	1	1
