1	1	1	1	1	1	1	1	1	1	1	1	1	1	1	1	1	1	1	1	1	1	1	1	1	1	1	1	1	1	1	1	1	1	1	1	1	1	1	1	1	1	1	1	1	1	1	1	1	1	1	1	1	1	1	1	1	1	1	1	1	1	1	1
1	1	1	1	1	1	1	1	1	1	1	1	1	1	1	1	1	1	1	1	1	1	1	1	1	1	1	1	1	1	1	1	1	1	1	1	1	1	1	1	1	1	1	1	1	1	1	1	1	1	1	1	1	1	1	1	1	1	1	1	1	1	1	1
1	1	1	1	1	1	1	1	1	1	1	1	1	1	1	1	1	1	1	1	1	1	1	1	1	1	1	1	1	1	1	1	1	1	1	1	1	1	1	1	1	1	1	1	1	1	1	1	1	1	1	1	1	1	1	1	1	1	1	1	1	1	1	1
1	1	1	1	1	1	1	1	1	1	1	1	1	1	1	1	1	1	1	1	1	1	1	1	1	1	1	1	1	1	1	1	1	1	1	1	1	1	1	1	1	1	1	1	1	1	1	1	1	1	1	1	1	1	1	1	1	1	1	1	1	1	1	1
1	1	1	1	1	1	1	1	1	1	1	1	1	1	1	1	1	1	1	1	1	1	1	1	1	1	1	1	1	1	1	1	1	1	1	1	1	1	1	1	1	1	1	1	1	1	1	1	1	1	1	1	1	1	1	1	1	1	1	1	1	1	1	1
1	1	1	1	1	1	1	1	1	1	1	1	1	1	1	1	1	1	1	1	1	1	1	1	1	1	1	1	1	1	1	1	1	1	1	1	1	1	1	1	1	1	1	1	1	1	1	1	1	1	1	1	1	1	1	1	1	1	1	1	1	1	1	1
1	1	1	1	1	1	1	1	1	1	1	1	1	1	1	1	1	1	1	1	1	1	1	1	1	1	1	1	1	1	1	1	1	1	1	1	1	1	1	1	1	1	1	1	1	1	1	1	1	1	1	1	1	1	1	1	1	1	1	1	1	1	1	1
1	1	1	1	1	1	1	1	1	1	1	1	1	1	1	1	1	1	1	1	1	1	1	1	1	1	1	1	1	1	1	1	1	1	1	1	1	1	1	1	1	1	1	1	1	1	1	1	1	1	1	1	1	1	1	1	1	1	1	1	1	1	1	1
1	1	1	1	1	1	1	1	1	1	1	1	1	1	1	1	1	1	1	1	1	1	1	1	1	1	1	1	1	1	1	1	1	1	1	1	1	1	1	1	1	1	1	1	1	1	1	1	1	1	1	1	1	1	1	1	1	1	1	1	1	1	1	1
1	1	1	1	1	1	1	1	1	1	1	1	1	1	1	1	1	1	1	1	1	1	1	1	1	1	1	1	1	1	1	1	1	1	1	1	1	1	1	1	1	1	1	1	1	1	1	1	1	1	1	1	1	1	1	1	1	1	1	1	1	1	1	1
1	1	1	1	1	1	1	1	1	1	1	1	1	1	1	1	1	1	1	1	1	1	1	1	1	1	1	1	1	1	1	1	1	1	1	1	1	1	1	1	1	1	1	1	1	1	1	1	1	1	1	1	1	1	1	1	1	1	1	1	1	1	1	1
1	1	1	1	1	1	1	1	1	1	1	1	1	1	1	1	1	1	1	1	1	1	1	1	1	1	1	1	1	1	1	1	1	1	1	1	1	1	1	1	1	1	1	1	1	1	1	1	1	1	1	1	1	1	1	1	1	1	1	1	1	1	1	1
1	1	1	1	1	1	1	1	1	1	1	1	1	1	1	1	1	1	1	1	1	1	1	1	1	1	1	1	1	1	1	1	1	1	1	1	1	1	1	1	1	1	1	1	1	1	1	1	1	1	1	1	1	1	1	1	1	1	1	1	1	1	1	1
1	1	1	1	1	1	1	1	1	1	1	1	1	1	1	1	1	1	1	1	1	1	1	1	1	1	1	1	1	1	1	1	1	1	1	1	1	1	1	1	1	1	1	1	1	1	1	1	1	1	1	1	1	1	1	1	1	1	1	1	1	1	1	1
1	1	1	1	1	1	1	1	1	1	1	1	1	1	1	1	1	1	1	1	1	1	1	1	1	1	1	1	1	1	1	1	1	1	1	1	1	1	1	1	1	1	1	1	1	1	1	1	1	1	1	1	1	1	1	1	1	1	1	1	1	1	1	1
1	1	1	1	1	1	1	1	1	1	1	1	1	1	1	1	1	1	1	1	1	1	1	1	1	1	1	1	1	1	1	1	1	1	1	1	1	1	1	1	1	1	1	1	1	1	1	1	1	1	1	1	1	1	1	1	1	1	1	1	1	1	1	1
1	1	1	1	1	1	1	1	1	1	1	1	1	1	1	1	1	1	1	1	1	1	1	1	1	1	1	1	1	1	1	1	1	1	1	1	1	1	1	1	1	1	1	1	1	1	1	1	1	1	1	1	1	1	1	1	1	1	1	1	1	1	1	1
1	1	1	1	1	1	1	1	1	1	1	1	1	1	1	1	1	1	1	1	1	1	1	1	1	1	1	1	1	1	1	1	1	1	1	1	1	1	1	1	1	1	1	1	1	1	1	1	1	1	1	1	1	1	1	1	1	1	1	1	1	1	1	1
1	1	1	1	1	1	1	1	1	1	1	1	1	1	1	1	1	1	1	1	1	1	1	1	1	1	1	1	1	1	1	1	1	1	1	1	1	1	1	1	1	1	1	1	1	1	1	1	1	1	1	1	1	1	1	1	1	1	1	1	1	1	1	1
1	1	1	1	1	1	1	1	1	1	1	1	1	1	1	1	1	1	1	1	1	1	1	1	1	1	1	1	1	1	1	1	1	1	1	1	1	1	1	1	1	1	1	1	1	1	1	1	1	1	1	1	1	1	1	1	1	1	1	1	1	1	1	1
1	1	1	1	1	1	1	1	1	1	1	1	1	1	1	1	1	1	1	1	1	1	1	1	1	1	1	1	1	1	1	1	1	1	1	1	1	1	1	1	1	1	1	1	1	1	1	1	1	1	1	1	1	1	1	1	1	1	1	1	1	1	1	1
1	1	1	1	1	1	1	1	1	1	1	1	1	1	1	1	1	1	1	1	1	1	1	1	1	1	1	1	1	1	1	1	1	1	1	1	1	1	1	1	1	1	1	1	1	1	1	1	1	1	1	1	1	1	1	1	1	1	1	1	1	1	1	1
1	1	1	1	1	1	1	1	1	1	1	1	1	1	1	1	1	1	1	1	1	1	1	1	1	1	1	1	1	1	1	1	1	1	1	1	1	1	1	1	1	1	1	1	1	1	1	1	1	1	1	1	1	1	1	1	1	1	1	1	1	1	1	1
1	1	1	1	1	1	1	1	1	1	1	1	1	1	1	1	1	1	1	1	1	1	1	1	1	1	1	1	1	1	1	1	1	1	1	1	1	1	1	1	1	1	1	1	1	1	1	1	1	1	1	1	1	1	1	1	1	1	1	1	1	1	1	1
1	1	1	1	1	1	1	1	1	1	1	1	1	1	1	1	1	1	1	1	1	1	1	1	1	1	1	1	1	1	1	1	1	1	1	1	1	1	1	1	1	1	1	1	1	1	1	1	1	1	1	1	1	1	1	1	1	1	1	1	1	1	1	1
2.08148	2.08148	2.08148	2.08148	2.08148	2.08148	2.08148	2.08148	2.08148	2.08148	2.08148	2.08148	2.08148	2.08148	2.08148	2.08148	2.08148	2.08148	2.08148	2.08148	2.08148	2.08148	2.08148	2.08148	2.08148	2.08148	2.08148	2.08148	2.08148	2.08148	2.08148	2.08148	2.08148	2.08148	2.08148	2.08148	2.08148	2.08148	2.08148	2.08148	2.08148	2.08148	2.08148	2.08148	2.08148	2.08148	2.08148	2.08148	2.08148	2.08148	2.08148	2.08148	2.08148	2.08148	2.08148	2.08148	2.08148	2.08148	2.08148	2.08148	2.08148	2.08148	2.08148	2.08148
3.06681	3.06681	3.06681	3.06681	3.06681	3.06681	3.06681	3.06681	3.06681	3.06681	3.06681	3.06681	3.06681	3.06681	3.06681	3.06681	3.06681	3.06681	3.06681	3.06681	3.06681	3.06681	3.06681	3.06681	3.06681	3.06681	3.06681	3.06681	3.06681	3.06681	3.06681	3.06681	3.06681	3.06681	3.06681	3.06681	3.06681	3.06681	3.06681	3.06681	3.06681	3.06681	3.06681	3.06681	3.06681	3.06681	3.06681	3.06681	3.06681	3.06681	3.06681	3.06681	3.06681	3.06681	3.06681	3.06681	3.06681	3.06681	3.06681	3.06681	3.06681	3.06681	3.06681	3.06681
3.06681	3.06681	3.06681	3.06681	3.06681	3.06681	3.06681	3.06681	3.06681	3.06681	3.06681	3.06681	3.06681	3.06681	3.06681	3.06681	3.06681	3.06681	3.06681	3.06681	3.06681	3.06681	3.06681	3.06681	3.06681	3.06681	3.06681	3.06681	3.06681	3.06681	3.06681	3.06681	3.06681	3.06681	3.06681	3.06681	3.06681	3.06681	3.06681	3.06681	3.06681	3.06681	3.06681	3.06681	3.06681	3.06681	3.06681	3.06681	3.06681	3.06681	3.06681	3.06681	3.06681	3.06681	3.06681	3.06681	3.06681	3.06681	3.06681	3.06681	3.06681	3.06681	3.06681	3.06681
3.06681	3.06681	3.06681	3.06681	3.06681	3.06681	3.06681	3.06681	3.06681	3.06681	3.06681	3.06681	3.06681	3.06681	3.06681	3.06681	3.06681	3.06681	3.06681	3.06681	3.06681	3.06681	3.06681	3.06681	3.06681	3.06681	3.06681	3.06681	3.06681	3.06681	3.06681	3.06681	3.06681	3.06681	3.06681	3.06681	3.06681	3.06681	3.06681	3.06681	3.06681	3.06681	3.06681	3.06681	3.06681	3.06681	3.06681	3.06681	3.06681	3.06681	3.06681	3.06681	3.06681	3.06681	3.06681	3.06681	3.06681	3.06681	3.06681	3.06681	3.06681	3.06681	3.06681	3.06681
3.06681	3.06681	3.06681	3.06681	3.06681	3.06681	3.06681	3.06681	3.06681	3.06681	3.06681	3.06681	3.06681	3.06681	3.06681	3.06681	3.06681	3.06681	3.06681	3.06681	3.06681	3.06681	3.06681	3.06681	3.06681	3.06681	3.06681	3.06681	3.06681	3.06681	3.06681	3.06681	3.06681	3.06681	3.06681	3.06681	3.06681	3.06681	3.06681	3.06681	3.06681	3.06681	3.06681	3.06681	3.06681	3.06681	3.06681	3.06681	3.06681	3.06681	3.06681	3.06681	3.06681	3.06681	3.06681	3.06681	3.06681	3.06681	3.06681	3.06681	3.06681	3.06681	3.06681	3.06681
3.06681	3.06681	3.06681	3.06681	3.06681	3.06681	3.06681	3.06681	3.06681	3.06681	3.06681	3.06681	3.06681	3.06681	3.06681	3.06681	3.06681	3.06681	3.06681	3.06681	3.06681	3.06681	3.06681	3.06681	3.06681	3.06681	3.06681	3.06681	3.06681	3.06681	3.06681	3.06681	3.06681	3.06681	3.06681	3.06681	3.06681	3.06681	3.06681	3.06681	3.06681	3.06681	3.06681	3.06681	3.06681	3.06681	3.06681	3.06681	3.06681	3.06681	3.06681	3.06681	3.06681	3.06681	3.06681	3.06681	3.06681	3.06681	3.06681	3.06681	3.06681	3.06681	3.06681	3.06681
3.06681	3.06681	3.06681	3.06681	3.06681	3.06681	3.06681	3.06681	3.06681	3.06681	3.06681	3.06681	3.06681	3.06681	3.06681	3.06681	3.06681	3.06681	3.06681	3.06681	3.06681	3.06681	3.06681	3.06681	3.06681	3.06681	3.06681	3.06681	3.06681	3.06681	3.06681	3.06681	3.06681	3.06681	3.06681	3.06681	3.06681	3.06681	3.06681	3.06681	3.06681	3.06681	3.06681	3.06681	3.06681	3.06681	3.06681	3.06681	3.06681	3.06681	3.06681	3.06681	3.06681	3.06681	3.06681	3.06681	3.06681	3.06681	3.06681	3.06681	3.06681	3.06681	3.06681	3.06681
3.06681	3.06681	3.06681	3.06681	3.06681	3.06681	3.06681	3.06681	3.06681	3.06681	3.06681	3.06681	3.06681	3.06681	3.06681	3.06681	3.06681	3.06681	3.06681	3.06681	3.06681	3.06681	3.06681	3.06681	3.06681	3.06681	3.06681	3.06681	3.06681	3.06681	3.06681	3.06681	3.06681	3.06681	3.06681	3.06681	3.06681	3.06681	3.06681	3.06681	3.06681	3.06681	3.06681	3.06681	3.06681	3.06681	3.06681	3.06681	3.06681	3.06681	3.06681	3.06681	3.06681	3.06681	3.06681	3.06681	3.06681	3.06681	3.06681	3.06681	3.06681	3.06681	3.06681	3.06681
3.06681	3.06681	3.06681	3.06681	3.06681	3.06681	3.06681	3.06681	3.06681	3.06681	3.06681	3.06681	3.06681	3.06681	3.06681	3.06681	3.06681	3.06681	3.06681	3.06681	3.06681	3.06681	3.06681	3.06681	3.06681	3.06681	3.06681	3.06681	3.06681	3.06681	3.06681	3.06681	3.06681	3.06681	3.06681	3.06681	3.06681	3.06681	3.06681	3.06681	3.06681	3.06681	3.06681	3.06681	3.06681	3.06681	3.06681	3.06681	3.06681	3.06681	3.06681	3.06681	3.06681	3.06681	3.06681	3.06681	3.06681	3.06681	3.06681	3.06681	3.06681	3.06681	3.06681	3.06681
3.06681	3.06681	3.06681	3.06681	3.06681	3.06681	3.06681	3.06681	3.06681	3.06681	3.06681	3.06681	3.06681	3.06681	3.06681	3.06681	3.06681	3.06681	3.06681	3.06681	3.06681	3.06681	3.06681	3.06681	3.06681	3.06681	3.06681	3.06681	3.06681	3.06681	3.06681	3.06681	3.06681	3.06681	3.06681	3.06681	3.06681	3.06681	3.06681	3.06681	3.06681	3.06681	3.06681	3.06681	3.06681	3.06681	3.06681	3.06681	3.06681	3.06681	3.06681	3.06681	3.06681	3.06681	3.06681	3.06681	3.06681	3.06681	3.06681	3.06681	3.06681	3.06681	3.06681	3.06681
3.06681	3.06681	3.06681	3.06681	3.06681	3.06681	3.06681	3.06681	3.06681	3.06681	3.06681	3.06681	3.06681	3.06681	3.06681	3.06681	3.06681	3.06681	3.06681	3.06681	3.06681	3.06681	3.06681	3.06681	3.06681	3.06681	3.06681	3.06681	3.06681	3.06681	3.06681	3.06681	3.06681	3.06681	3.06681	3.06681	3.06681	3.06681	3.06681	3.06681	3.06681	3.06681	3.06681	3.06681	3.06681	3.06681	3.06681	3.06681	3.06681	3.06681	3.06681	3.06681	3.06681	3.06681	3.06681	3.06681	3.06681	3.06681	3.06681	3.06681	3.06681	3.06681	3.06681	3.06681
3.06681	3.06681	3.06681	3.06681	3.06681	3.06681	3.06681	3.06681	3.06681	3.06681	3.06681	3.06681	3.06681	3.06681	3.06681	3.06681	3.06681	3.06681	3.06681	3.06681	3.06681	3.06681	3.06681	3.06681	3.06681	3.06681	3.06681	3.06681	3.06681	3.06681	3.06681	3.06681	3.06681	3.06681	3.06681	3.06681	3.06681	3.06681	3.06681	3.06681	3.06681	3.06681	3.06681	3.06681	3.06681	3.06681	3.06681	3.06681	3.06681	3.06681	3.06681	3.06681	3.06681	3.06681	3.06681	3.06681	3.06681	3.06681	3.06681	3.06681	3.06681	3.06681	3.06681	3.06681
3.06681	3.06681	3.06681	3.06681	3.06681	3.06681	3.06681	3.06681	3.06681	3.06681	3.06681	3.06681	3.06681	3.06681	3.06681	3.06681	3.06681	3.06681	3.06681	3.06681	3.06681	3.06681	3.06681	3.06681	3.06681	3.06681	3.06681	3.06681	3.06681	3.06681	3.06681	3.06681	3.06681	3.06681	3.06681	3.06681	3.06681	3.06681	3.06681	3.06681	3.06681	3.06681	3.06681	3.06681	3.06681	3.06681	3.06681	3.06681	3.06681	3.06681	3.06681	3.06681	3.06681	3.06681	3.06681	3.06681	3.06681	3.06681	3.06681	3.06681	3.06681	3.06681	3.06681	3.06681
3.06681	3.06681	3.06681	3.06681	3.06681	3.06681	3.06681	3.06681	3.06681	3.06681	3.06681	3.06681	3.06681	3.06681	3.06681	3.06681	3.06681	3.06681	3.06681	3.06681	3.06681	3.06681	3.06681	3.06681	3.06681	3.06681	3.06681	3.06681	3.06681	3.06681	3.06681	3.06681	3.06681	3.06681	3.06681	3.06681	3.06681	3.06681	3.06681	3.06681	3.06681	3.06681	3.06681	3.06681	3.06681	3.06681	3.06681	3.06681	3.06681	3.06681	3.06681	3.06681	3.06681	3.06681	3.06681	3.06681	3.06681	3.06681	3.06681	3.06681	3.06681	3.06681	3.06681	3.06681
3.06681	3.06681	3.06681	3.06681	3.06681	3.06681	3.06681	3.06681	3.06681	3.06681	3.06681	3.06681	3.06681	3.06681	3.06681	3.06681	3.06681	3.06681	3.06681	3.06681	3.06681	3.06681	3.06681	3.06681	3.06681	3.06681	3.06681	3.06681	3.06681	3.06681	3.06681	3.06681	3.06681	3.06681	3.06681	3.06681	3.06681	3.06681	3.06681	3.06681	3.06681	3.06681	3.06681	3.06681	3.06681	3.06681	3.06681	3.06681	3.06681	3.06681	3.06681	3.06681	3.06681	3.06681	3.06681	3.06681	3.06681	3.06681	3.06681	3.06681	3.06681	3.06681	3.06681	3.06681
3.06681	3.06681	3.06681	3.06681	3.06681	3.06681	3.06681	3.06681	3.06681	3.06681	3.06681	3.06681	3.06681	3.06681	3.06681	3.06681	3.06681	3.06681	3.06681	3.06681	3.06681	3.06681	3.06681	3.06681	3.06681	3.06681	3.06681	3.06681	3.06681	3.06681	3.06681	3.06681	3.06681	3.06681	3.06681	3.06681	3.06681	3.06681	3.06681	3.06681	3.06681	3.06681	3.06681	3.06681	3.06681	3.06681	3.06681	3.06681	3.06681	3.06681	3.06681	3.06681	3.06681	3.06681	3.06681	3.06681	3.06681	3.06681	3.06681	3.06681	3.06681	3.06681	3.06681	3.06681
3.06681	3.06681	3.06681	3.06681	3.06681	3.06681	3.06681	3.06681	3.06681	3.06681	3.06681	3.06681	3.06681	3.06681	3.06681	3.06681	3.06681	3.06681	3.06681	3.06681	3.06681	3.06681	3.06681	3.06681	3.06681	3.06681	3.06681	3.06681	3.06681	3.06681	3.06681	3.06681	3.06681	3.06681	3.06681	3.06681	3.06681	3.06681	3.06681	3.06681	3.06681	3.06681	3.06681	3.06681	3.06681	3.06681	3.06681	3.06681	3.06681	3.06681	3.06681	3.06681	3.06681	3.06681	3.06681	3.06681	3.06681	3.06681	3.06681	3.06681	3.06681	3.06681	3.06681	3.06681
3.06681	3.06681	3.06681	3.06681	3.06681	3.06681	3.06681	3.06681	3.06681	3.06681	3.06681	3.06681	3.06681	3.06681	3.06681	3.06681	3.06681	3.06681	3.06681	3.06681	3.06681	3.06681	3.06681	3.06681	3.06681	3.06681	3.06681	3.06681	3.06681	3.06681	3.06681	3.06681	3.06681	3.06681	3.06681	3.06681	3.06681	3.06681	3.06681	3.06681	3.06681	3.06681	3.06681	3.06681	3.06681	3.06681	3.06681	3.06681	3.06681	3.06681	3.06681	3.06681	3.06681	3.06681	3.06681	3.06681	3.06681	3.06681	3.06681	3.06681	3.06681	3.06681	3.06681	3.06681
3.06681	3.06681	3.06681	3.06681	3.06681	3.06681	3.06681	3.06681	3.06681	3.06681	3.06681	3.06681	3.06681	3.06681	3.06681	3.06681	3.06681	3.06681	3.06681	3.06681	3.06681	3.06681	3.06681	3.06681	3.06681	3.06681	3.06681	3.06681	3.06681	3.06681	3.06681	3.06681	3.06681	3.06681	3.06681	3.06681	3.06681	3.06681	3.06681	3.06681	3.06681	3.06681	3.06681	3.06681	3.06681	3.06681	3.06681	3.06681	3.06681	3.06681	3.06681	3.06681	3.06681	3.06681	3.06681	3.06681	3.06681	3.06681	3.06681	3.06681	3.06681	3.06681	3.06681	3.06681
3.06681	3.06681	3.06681	3.06681	3.06681	3.06681	3.06681	3.06681	3.06681	3.06681	3.06681	3.06681	3.06681	3.06681	3.06681	3.06681	3.06681	3.06681	3.06681	3.06681	3.06681	3.06681	3.06681	3.06681	3.06681	3.06681	3.06681	3.06681	3.06681	3.06681	3.06681	3.06681	3.06681	3.06681	3.06681	3.06681	3.06681	3.06681	3.06681	3.06681	3.06681	3.06681	3.06681	3.06681	3.06681	3.06681	3.06681	3.06681	3.06681	3.06681	3.06681	3.06681	3.06681	3.06681	3.06681	3.06681	3.06681	3.06681	3.06681	3.06681	3.06681	3.06681	3.06681	3.06681
3.06681	3.06681	3.06681	3.06681	3.06681	3.06681	3.06681	3.06681	3.06681	3.06681	3.06681	3.06681	3.06681	3.06681	3.06681	3.06681	3.06681	3.06681	3.06681	3.06681	3.06681	3.06681	3.06681	3.06681	3.06681	3.06681	3.06681	3.06681	3.06681	3.06681	3.06681	3.06681	3.06681	3.06681	3.06681	3.06681	3.06681	3.06681	3.06681	3.06681	3.06681	3.06681	3.06681	3.06681	3.06681	3.06681	3.06681	3.06681	3.06681	3.06681	3.06681	3.06681	3.06681	3.06681	3.06681	3.06681	3.06681	3.06681	3.06681	3.06681	3.06681	3.06681	3.06681	3.06681
3.06681	3.06681	3.06681	3.06681	3.06681	3.06681	3.06681	3.06681	3.06681	3.06681	3.06681	3.06681	3.06681	3.06681	3.06681	3.06681	3.06681	3.06681	3.06681	3.06681	3.06681	3.06681	3.06681	3.06681	3.06681	3.06681	3.06681	3.06681	3.06681	3.06681	3.06681	3.06681	3.06681	3.06681	3.06681	3.06681	3.06681	3.06681	3.06681	3.06681	3.06681	3.06681	3.06681	3.06681	3.06681	3.06681	3.06681	3.06681	3.06681	3.06681	3.06681	3.06681	3.06681	3.06681	3.06681	3.06681	3.06681	3.06681	3.06681	3.06681	3.06681	3.06681	3.06681	3.06681
3.06681	3.06681	3.06681	3.06681	3.06681	3.06681	3.06681	3.06681	3.06681	3.06681	3.06681	3.06681	3.06681	3.06681	3.06681	3.06681	3.06681	3.06681	3.06681	3.06681	3.06681	3.06681	3.06681	3.06681	3.06681	3.06681	3.06681	3.06681	3.06681	3.06681	3.06681	3.06681	3.06681	3.06681	3.06681	3.06681	3.06681	3.06681	3.06681	3.06681	3.06681	3.06681	3.06681	3.06681	3.06681	3.06681	3.06681	3.06681	3.06681	3.06681	3.06681	3.06681	3.06681	3.06681	3.06681	3.06681	3.06681	3.06681	3.06681	3.06681	3.06681	3.06681	3.06681	3.06681
3.06681	3.06681	3.06681	3.06681	3.06681	3.06681	3.06681	3.06681	3.06681	3.06681	3.06681	3.06681	3.06681	3.06681	3.06681	3.06681	3.06681	3.06681	3.06681	3.06681	3.06681	3.06681	3.06681	3.06681	3.06681	3.06681	3.06681	3.06681	3.06681	3.06681	3.06681	3.06681	3.06681	3.06681	3.06681	3.06681	3.06681	3.06681	3.06681	3.06681	3.06681	3.06681	3.06681	3.06681	3.06681	3.06681	3.06681	3.06681	3.06681	3.06681	3.06681	3.06681	3.06681	3.06681	3.06681	3.06681	3.06681	3.06681	3.06681	3.06681	3.06681	3.06681	3.06681	3.06681
3.06681	3.06681	3.06681	3.06681	3.06681	3.06681	3.06681	3.06681	3.06681	3.06681	3.06681	3.06681	3.06681	3.06681	3.06681	3.06681	3.06681	3.06681	3.06681	3.06681	3.06681	3.06681	3.06681	3.06681	3.06681	3.06681	3.06681	3.06681	3.06681	3.06681	3.06681	3.06681	3.06681	3.06681	3.06681	3.06681	3.06681	3.06681	3.06681	3.06681	3.06681	3.06681	3.06681	3.06681	3.06681	3.06681	3.06681	3.06681	3.06681	3.06681	3.06681	3.06681	3.06681	3.06681	3.06681	3.06681	3.06681	3.06681	3.06681	3.06681	3.06681	3.06681	3.06681	3.06681
3.06681	3.06681	3.06681	3.06681	3.06681	3.06681	3.06681	3.06681	3.06681	3.06681	3.06681	3.06681	3.06681	3.06681	3.06681	3.06681	3.06681	3.06681	3.06681	3.06681	3.06681	3.06681	3.06681	3.06681	3.06681	3.06681	3.06681	3.06681	3.06681	3.06681	3.06681	3.06681	3.06681	3.06681	3.06681	3.06681	3.06681	3.06681	3.06681	3.06681	3.06681	3.06681	3.06681	3.06681	3.06681	3.06681	3.06681	3.06681	3.06681	3.06681	3.06681	3.06681	3.06681	3.06681	3.06681	3.06681	3.06681	3.06681	3.06681	3.06681	3.06681	3.06681	3.06681	3.06681
1.62755	1.62755	1.62755	1.62755	1.62755	1.62755	1.62755	1.62755	1.62755	1.62755	1.62755	1.62755	1.62755	1.62755	1.62755	1.62755	1.62755	1.62755	1.62755	1.62755	1.62755	1.62755	1.62755	1.62755	1.62755	1.62755	1.62755	1.62755	1.62755	1.62755	1.62755	1.62755	1.62755	1.62755	1.62755	1.62755	1.62755	1.62755	1.62755	1.62755	1.62755	1.62755	1.62755	1.62755	1.62755	1.62755	1.62755	1.62755	1.62755	1.62755	1.62755	1.62755	1.62755	1.62755	1.62755	1.62755	1.62755	1.62755	1.62755	1.62755	1.62755	1.62755	1.62755	1.62755
1	1	1	1	1	1	1	1	1	1	1	1	1	1	1	1	1	1	1	1	1	1	1	1	1	1	1	1	1	1	1	1	1	1	1	1	1	1	1	1	1	1	1	1	1	1	1	1	1	1	1	1	1	1	1	1	1	1	1	1	1	1	1	1
1	1	1	1	1	1	1	1	1	1	1	1	1	1	1	1	1	1	1	1	1	1	1	1	1	1	1	1	1	1	1	1	1	1	1	1	1	1	1	1	1	1	1	1	1	1	1	1	1	1	1	1	1	1	1	1	1	1	1	1	1	1	1	1
1	1	1	1	1	1	1	1	1	1	1	1	1	1	1	1	1	1	1	1	1	1	1	1	1	1	1	1	1	1	1	1	1	1	1	1	1	1	1	1	1	1	1	1	1	1	1	1	1	1	1	1	1	1	1	1	1	1	1	1	1	1	1	1
1	1	1	1	1	1	1	1	1	1	1	1	1	1	1	1	1	1	1	1	1	1	1	1	1	1	1	1	1	1	1	1	1	1	1	1	1	1	1	1	1	1	1	1	1	1	1	1	1	1	1	1	1	1	1	1	1	1	1	1	1	1	1	1
1	1	1	1	1	1	1	1	1	1	1	1	1	1	1	1	1	1	1	1	1	1	1	1	1	1	1	1	1	1	1	1	1	1	1	1	1	1	1	1	1	1	1	1	1	1	1	1	1	1	1	1	1	1	1	1	1	1	1	1	1	1	1	1
1	1	1	1	1	1	1	1	1	1	1	1	1	1	1	1	1	1	1	1	1	1	1	1	1	1	1	1	1	1	1	1	1	1	1	1	1	1	1	1	1	1	1	1	1	1	1	1	1	1	1	1	1	1	1	1	1	1	1	1	1	1	1	1
1	1	1	1	1	1	1	1	1	1	1	1	1	1	1	1	1	1	1	1	1	1	1	1	1	1	1	1	1	1	1	1	1	1	1	1	1	1	1	1	1	1	1	1	1	1	1	1	1	1	1	1	1	1	1	1	1	1	1	1	1	1	1	1
1	1	1	1	1	1	1	1	1	1	1	1	1	1	1	1	1	1	1	1	1	1	1	1	1	1	1	1	1	1	1	1	1	1	1	1	1	1	1	1	1	1	1	1	1	1	1	1	1	1	1	1	1	1	1	1	1	1	1	1	1	1	1	1
1	1	1	1	1	1	1	1	1	1	1	1	1	1	1	1	1	1	1	1	1	1	1	1	1	1	1	1	1	1	1	1	1	1	1	1	1	1	1	1	1	1	1	1	1	1	1	1	1	1	1	1	1	1	1	1	1	1	1	1	1	1	1	1
1	1	1	1	1	1	1	1	1	1	1	1	1	1	1	1	1	1	1	1	1	1	1	1	1	1	1	1	1	1	1	1	1	1	1	1	1	1	1	1	1	1	1	1	1	1	1	1	1	1	1	1	1	1	1	1	1	1	1	1	1	1	1	1
1	1	1	1	1	1	1	1	1	1	1	1	1	1	1	1	1	1	1	1	1	1	1	1	1	1	1	1	1	1	1	1	1	1	1	1	1	1	1	1	1	1	1	1	1	1	1	1	1	1	1	1	1	1	1	1	1	1	1	1	1	1	1	1
1	1	1	1	1	1	1	1	1	1	1	1	1	1	1	1	1	1	1	1	1	1	1	1	1	1	1	1	1	1	1	1	1	1	1	1	1	1	1	1	1	1	1	1	1	1	1	1	1	1	1	1	1	1	1	1	1	1	1	1	1	1	1	1
