1	1	1	1	1	1	1	1	1	1	1	1	1	1	1	1	1	1	1	1	1	1	1	1	1	1	1	1	1	1	1	1	1	1	1	1	1	1	1	1	1	1	1	1	1	1	1	1	1	1	1	1	1	1	1	1	1	1	1	1	1	1	1	1
1	1	1	1	1	1	1	1	1	1	1	1	1	1	1	1	1	1	1	1	1	1	1	1	1	1	1	1	1	1	1	1	1	1	1	1	1	1	1	1	1	1	1	1	1	1	1	1	1	1	1	1	1	1	1	1	1	1	1	1	1	1	1	1
1	1	1	1	1	1	1	1	1	1	1	1	1	1	1	1	1	1	1	1	1	1	1	1	1	1	1	1	1	1	1	1	1	1	1	1	1	1	1	1	1	1	1	1.11524	1.00282	1	1	1	1	1	1	1	1	1	1	1	1	1	1	1	1	1	1	1
1	1	1	1	1	1	1	1	1	1	1	1	1	1	1	1	1	1	1	1	1	1	1	1	1	1	1	1	1	1	1	1	1	1	1	1	1	1	1	1	1.10528	1.9767	2.69833	2.98982	1.69555	1	1	1	1	1	1	1	1	1	1	1	1	1	1	1	1	1	1	1
1	1	1	1	1	1	1	1	1	1	1	1	1	1	1	1	1	1	1	1	1	1	1	1	1	1	1	1	1	1	1	1	1	1	1	1	1	1	1.36719	2.26012	2.87367	2.98982	2.98982	2.98982	2.49943	1	1	1	1	1	1	1	1	1	1	1	1	1	1	1	1	1	1	1
1	1	1	1	1	1	1	1	1	1	1	1	1	1	1	1	1	1	1	1	1	1	1	1	1	1	1	1	1	1	1	1	1	1	1	1.00483	1.71346	2.51163	2.96766	2.98982	2.98982	2.98982	2.98982	2.98982	2.96471	1.3514	1	1	1	1	1	1	1	1	1	1	1	1	1	1	1	1	1	1
1	1	1	1	1	1	1	1	1	1	1	1	1	1	1	1	1	1	1	1	1	1	1	1	1	1	1	1	1	1	1	1	1	1.14532	2.03353	2.73842	2.98982	2.98982	2.98982	2.98982	2.98982	2.98982	2.98982	2.98982	2.98982	1.59361	1	1	1	1	1	1	1	1	1	1	1	1	1	1	1	1	1	1
1	1	1	1	1	1	1	1	1	1	1	1	1	1	1	1	1	1	1	1	1	1	1	1	1	1	1	1	1	1	1	1.42838	2.3098	2.89736	2.98982	2.98982	2.98982	2.98982	2.98982	2.98982	2.98982	2.98982	2.98982	2.98982	2.98982	2.98709	1.19607	1	1	1	1	1	1	1	1	1	1	1	1	1	1	1	1	1
1	1	1	1	1	1	1	1	1	1	1	1	1	1	1	1	1	1	1	1	1	1	1	1	1	1	1	1	1.01711	1.77868	2.55662	2.97711	2.98982	2.98982	2.98982	2.98982	2.98982	2.98982	2.98982	2.98982	2.98982	2.98982	2.98982	2.98982	2.98982	2.98982	1.74686	1	1	1	1	1	1	1	1	1	1	1	1	1	1	1	1	1
1	1	1	1	1	1	1	1	1	1	1	1	1	1	1	1	1	1	1	1	1	1	1	1	1	1	1.19039	2.08882	2.77532	2.98982	2.98982	2.98982	2.98982	2.98982	2.98982	2.98982	2.98982	2.98982	2.98982	2.98982	2.98982	2.98982	2.98982	2.98982	2.98982	2.98982	2.98528	1	1	1	1	1	1	1	1	1	1	1	1	1	1	1	1	1
1	1	1	1	1	1	1	1	1	1	1	1	1	1	1	1	1	1	1	1	1	1	1	1	1.49251	2.35884	2.91836	2.98982	2.98982	2.98982	2.98982	2.98982	2.98982	2.98982	2.98982	2.98982	2.98982	2.98982	2.98982	2.98982	2.98982	2.98982	2.98982	2.98982	2.98982	2.98982	2.98981	1.27732	1	1	1	1	1	1	1	1	1	1	1	1	1	1	1	1
1	1	1	1	1	1	1	1	1	1	1	1	1	1	1	1	1	1	1	1	1	1.03653	1.8416	2.60084	2.98392	2.98982	2.98982	2.98982	2.98982	2.98982	2.98982	2.98982	2.98982	2.98982	2.98982	2.98982	2.98982	2.98982	2.98982	2.98982	2.98982	2.98982	2.98982	2.98982	2.98982	2.98982	2.98982	2.98439	1	1	1	1	1	1	1	1	1	1	1	1	1	1	1	1
1	1	1	1	1	1	1	1	1	1	1	1	1	1	1	1	1	1	1	1.24026	2.14269	2.80879	2.98982	2.98982	2.98982	2.98982	2.98982	2.98982	2.98982	2.98982	2.98982	2.98982	2.98982	2.98982	2.98982	2.98982	2.98982	2.98982	2.98982	2.98982	2.98982	2.98982	2.98982	2.98982	2.98982	2.98982	2.98982	2.98709	1.23267	1	1	1	1	1	1	1	1	1	1	1	1	1	1	1
1	1	1	1	1	1	1	1	1	1	1	1	1	1	1	1	1	1.55858	2.40648	2.93649	2.98982	2.98982	2.98982	2.98982	2.98982	2.98982	2.98982	2.98982	2.98982	2.98982	2.98982	2.98982	2.98982	2.98982	2.98982	2.98982	2.98982	2.98982	2.98982	2.98982	2.98982	2.98982	2.98982	2.98982	2.98982	2.98982	2.98982	2.98982	2.23872	1	1	1	1	1	1	1	1	1	1	1	1	1	1	1
1	1	1	1	1	1	1	1	1	1	1	1	1	1	1.0628	1.9022	2.64431	2.98815	2.98982	2.98982	2.98982	2.98982	2.98982	2.98982	2.98982	2.98982	2.98982	2.98982	2.98982	2.98982	2.98982	2.98982	2.98982	2.98982	2.98982	2.98982	2.98982	2.98982	2.98982	2.98982	2.98982	2.98982	2.98982	2.98982	2.98982	2.98982	2.98982	2.98982	2.98709	1.18813	1	1	1	1	1	1	1	1	1	1	1	1	1	1
1	1	1	1	1	1	1	1	1	1	1	1	1.29397	2.19524	2.83934	2.98982	2.98982	2.98982	2.98982	2.98982	2.98982	2.98982	2.98982	2.98982	2.98982	2.98982	2.98982	2.98982	2.98982	2.98982	2.98982	2.98982	2.98982	2.98982	2.98982	2.98982	2.98982	2.98982	2.98982	2.98982	2.98982	2.98982	2.98982	2.98982	2.98982	2.98982	2.98982	2.98982	2.98982	1.68334	1	1	1	1	1	1	1	1	1	1	1	1	1	1
1	1	1	1	1	1	1	1	1	1	1.62711	2.45359	2.95198	2.98982	2.98982	2.98982	2.98982	2.98982	2.98982	2.98982	2.98982	2.98982	2.98982	2.98982	2.98982	2.98982	2.98982	2.98982	2.98982	2.98982	2.98982	2.98982	2.98982	2.98982	2.98982	2.98982	2.98982	2.98982	2.98982	2.98982	2.98982	2.98982	2.98982	2.98982	2.98982	2.98982	2.98982	2.98982	2.98982	2.98496	1	1	1	1	1	1	1	1	1	1	1	1	1	1
1	1	1	1	1	1	1	1.09559	1.96143	2.68708	2.98982	2.98982	2.98982	2.98982	2.98982	2.98982	2.98982	2.98982	2.98982	2.98982	2.98982	2.98982	2.98982	2.98982	2.98982	2.98982	2.98982	2.98982	2.98982	2.98982	2.98982	2.98982	2.98982	2.98982	2.98982	2.98982	2.98982	2.98982	2.98982	2.98982	2.98982	2.98982	2.98982	2.98982	2.98982	2.98982	2.98982	2.98982	2.98982	2.98834	1.2695	1	1	1	1	1	1	1	1	1	1	1	1	1
1	1	1	1	1	1.3514	2.24656	2.86676	2.98982	2.98982	2.98982	2.98982	2.98982	2.98982	2.98982	2.98982	2.98982	2.98982	2.98982	2.98982	2.98982	2.98982	2.98982	2.98982	2.98982	2.98982	2.98982	2.98982	2.98982	2.98982	2.98982	2.98982	2.98982	2.98982	2.98982	2.98982	2.98982	2.98982	2.98982	2.98982	2.98982	2.98982	2.98982	2.98982	2.98982	2.98982	2.98982	2.98982	2.98982	2.98982	2.98438	1	1	1	1	1	1	1	1	1	1	1	1	1
1	1	1.00282	1.69555	2.49943	2.96471	2.98982	2.98982	2.98982	2.98982	2.98982	2.98982	2.98982	2.98982	2.98982	2.98982	2.98982	2.98982	2.98982	2.98982	2.98982	2.98982	2.98982	2.98982	2.98982	2.98982	2.98982	2.98982	2.98982	2.98982	2.98982	2.98982	2.98982	2.98982	2.98982	2.98982	2.98982	2.98982	2.98982	2.98982	2.98982	2.98982	2.98982	2.98982	2.98982	2.98982	2.98982	2.98982	2.98982	2.98982	2.98708	1.22384	1	1	1	1	1	1	1	1	1	1	1	1
1	1	1.11524	2.98982	2.98982	2.98982	2.98982	2.98982	2.98982	2.98982	2.98982	2.98982	2.98982	2.98982	2.98982	2.98982	2.98982	2.98982	2.98982	2.98982	2.98982	2.98982	2.98982	2.98982	2.98982	2.98982	2.98982	2.98982	2.98982	2.98982	2.98982	2.98982	2.98982	2.98982	2.98982	2.98982	2.98982	2.98982	2.98982	2.98982	2.98982	2.98982	2.98982	2.98982	2.98982	2.98982	2.98982	2.98982	2.98982	2.98982	2.98982	2.07199	1	1	1	1	1	1	1	1	1	1	1	1
1	1	1	2.69833	2.98982	2.98982	2.98982	2.98982	2.98982	2.98982	2.98982	2.98982	2.98982	2.98982	2.98982	2.98982	2.98982	2.98982	2.98982	2.98982	2.98982	2.98982	2.98982	2.98982	2.98982	2.98982	2.98982	2.98982	2.98982	2.98982	2.98982	2.98982	2.98982	2.98982	2.98982	2.98982	2.98982	2.98982	2.98982	2.98982	2.98982	2.98982	2.98982	2.98982	2.98982	2.98982	2.98982	2.98982	2.98982	2.98982	2.98982	2.98759	1.29069	1	1	1	1	1	1	1	1	1	1	1
1	1	1	1.9767	2.98982	2.98982	2.98982	2.98982	2.98982	2.98982	2.98982	2.98982	2.98982	2.98982	2.98982	2.98982	2.98982	2.98982	2.98982	2.98982	2.98982	2.98982	2.98982	2.98982	2.98982	2.98982	2.98982	2.98982	2.98982	2.98982	2.98982	2.98982	2.98982	2.98982	2.98982	2.98982	2.98982	2.98982	2.98982	2.98982	2.98982	2.98982	2.98982	2.98982	2.98982	2.98982	2.98982	2.98982	2.98982	2.98982	2.98982	2.98982	2.9874	1.33231	1	1	1	1	1	1	1	1	1	1
1	1	1	1.10528	2.87367	2.98982	2.98982	2.98982	2.98982	2.98982	2.98982	2.98982	2.98982	2.98982	2.98982	2.98982	2.98982	2.98982	2.98982	2.98982	2.98982	2.98982	2.98982	2.98982	2.98982	2.98982	2.98982	2.98982	2.98982	2.98982	2.98982	2.98982	2.98982	2.98982	2.98982	2.98982	2.98982	2.98982	2.98982	2.98982	2.98982	2.98982	2.98982	2.98982	2.98982	2.98982	2.98982	2.98982	2.98982	2.98982	2.98982	2.98982	2.98982	2.98732	1.32839	1	1	1	1	1	1	1	1	1
1	1	1	1	2.26012	2.98982	2.98982	2.98982	2.98982	2.98982	2.98982	2.98982	2.98982	2.98982	2.98982	2.98982	2.98982	2.98982	2.98982	2.98982	2.98982	2.98982	2.98982	2.98982	2.98982	2.98982	2.98982	2.98982	2.98982	2.98982	2.98982	2.98982	2.98982	2.98982	2.98982	2.98982	2.98982	2.98982	2.98982	2.98982	2.98982	2.98982	2.98982	2.98982	2.98982	2.98982	2.98982	2.98982	2.98982	2.98982	2.98982	2.98982	2.98982	2.98982	2.98746	1.2755	1	1	1	1	1	1	1	1
1	1	1	1	1.36719	2.96766	2.98982	2.98982	2.98982	2.98982	2.98982	2.98982	2.98982	2.98982	2.98982	2.98982	2.98982	2.98982	2.98982	2.98982	2.98982	2.98982	2.98982	2.98982	2.98982	2.98982	2.98982	2.98982	2.98982	2.98982	2.98982	2.98982	2.98982	2.98982	2.98982	2.98982	2.98982	2.98982	2.98982	2.98982	2.98982	2.98982	2.98982	2.98982	2.98982	2.98982	2.98982	2.98982	2.98982	2.98982	2.98982	2.98982	2.98982	2.98982	2.98982	2.98752	1.00271	1	1	1	1	1	1	1
1	1	1	1	1	2.51163	2.98982	2.98982	2.98982	2.98982	2.98982	2.98982	2.98982	2.98982	2.98982	2.98982	2.98982	2.98982	2.98982	2.98982	2.98982	2.98982	2.98982	2.98982	2.98982	2.98982	2.98982	2.98982	2.98982	2.98982	2.98982	2.98982	2.98982	2.98982	2.98982	2.98982	2.98982	2.98982	2.98982	2.98982	2.98982	2.98982	2.98982	2.98982	2.98982	2.98982	2.98982	2.98982	2.98982	2.98982	2.98982	2.98982	2.98982	2.98982	2.98982	2.98982	1.93179	1	1	1	1	1	1	1
1	1	1	1	1	1.71346	2.98982	2.98982	2.98982	2.98982	2.98982	2.98982	2.98982	2.98982	2.98982	2.98982	2.98982	2.98982	2.98982	2.98982	2.98982	2.98982	2.98982	2.98982	2.98982	2.98982	2.98982	2.98982	2.98982	2.98982	2.98982	2.98982	2.98982	2.98982	2.98982	2.98982	2.98982	2.98982	2.98982	2.98982	2.98982	2.98982	2.98982	2.98982	2.98982	2.98982	2.98982	2.98982	2.98982	2.98982	2.98982	2.98982	2.98982	2.98982	2.98982	2.98982	2.66806	1	1	1	1	1	1	1
1	1	1	1	1	1.00483	2.73842	2.98982	2.98982	2.98982	2.98982	2.98982	2.98982	2.98982	2.98982	2.98982	2.98982	2.98982	2.98982	2.98982	2.98982	2.98982	2.98982	2.98982	2.98982	2.98982	2.98982	2.98982	2.98982	2.98982	2.98982	2.98982	2.98982	2.98982	2.98982	2.98982	2.98982	2.98982	2.98982	2.98982	2.98982	2.98982	2.98982	2.98982	2.98982	2.98982	2.98982	2.98982	2.98982	2.98982	2.98982	2.98982	2.98982	2.98982	2.98982	2.98982	2.98634	1.35601	1	1	1	1	1	1
1	1	1	1	1	1	2.03353	2.98982	2.98982	2.98982	2.98982	2.98982	2.98982	2.98982	2.98982	2.98982	2.98982	2.98982	2.98982	2.98982	2.98982	2.98982	2.98982	2.98982	2.98982	2.98982	2.98982	2.98982	2.98982	2.98982	2.98982	2.98982	2.98982	2.98982	2.98982	2.98982	2.98982	2.98982	2.98982	2.98982	2.98982	2.98982	2.98982	2.98982	2.98982	2.98982	2.98982	2.98982	2.98982	2.98982	2.98982	2.98982	2.98982	2.98982	2.98982	2.98982	2.98982	1.92827	1	1	1	1	1	1
1	1	1	1	1	1	1.14532	2.89736	2.98982	2.98982	2.98982	2.98982	2.98982	2.98982	2.98982	2.98982	2.98982	2.98982	2.98982	2.98982	2.98982	2.98982	2.98982	2.98982	2.98982	2.98982	2.98982	2.98982	2.98982	2.98982	2.98982	2.98982	2.98982	2.98982	2.98982	2.98982	2.98982	2.98982	2.98982	2.98982	2.98982	2.98982	2.98982	2.98982	2.98982	2.98982	2.98982	2.98982	2.98982	2.98982	2.98982	2.98982	2.98982	2.98982	2.98982	2.98982	2.98982	2.23139	1	1	1	1	1	1
1	1	1	1	1	1	1	2.3098	2.98982	2.98982	2.98982	2.98982	2.98982	2.98982	2.98982	2.98982	2.98982	2.98982	2.98982	2.98982	2.98982	2.98982	2.98982	2.98982	2.98982	2.98982	2.98982	2.98982	2.98982	2.98982	2.98982	2.98982	2.98982	2.98982	2.98982	2.98982	2.98982	2.98982	2.98982	2.98982	2.98982	2.98982	2.98982	2.98982	2.98982	2.98982	2.98982	2.98982	2.98982	2.98982	2.98982	2.98982	2.98982	2.98982	2.98982	2.98982	2.98982	2.33424	1	1	1	1	1	1
1	1	1	1	1	1	1	1.42838	2.97711	2.98982	2.98982	2.98982	2.98982	2.98982	2.98982	2.98982	2.98982	2.98982	2.98982	2.98982	2.98982	2.98982	2.98982	2.98982	2.98982	2.98982	2.98982	2.98982	2.98982	2.98982	2.98982	2.98982	2.98982	2.98982	2.98982	2.98982	2.98982	2.98982	2.98982	2.98982	2.98982	2.98982	2.98982	2.98982	2.98982	2.98982	2.98982	2.98982	2.98982	2.98982	2.98982	2.98982	2.98982	2.98982	2.98982	2.98982	2.98982	2.39982	1	1	1	1	1	1
1	1	1	1	1	1	1	1	2.55662	2.98982	2.98982	2.98982	2.98982	2.98982	2.98982	2.98982	2.98982	2.98982	2.98982	2.98982	2.98982	2.98982	2.98982	2.98982	2.98982	2.98982	2.98982	2.98982	2.98982	2.98982	2.98982	2.98982	2.98982	2.98982	2.98982	2.98982	2.98982	2.98982	2.98982	2.98982	2.98982	2.98982	2.98982	2.98982	2.98982	2.98982	2.98982	2.98982	2.98982	2.98982	2.98982	2.98982	2.98982	2.98982	2.98982	2.98982	2.98982	2.23139	1	1	1	1	1	1
1	1	1	1	1	1	1	1	1.77868	2.98982	2.98982	2.98982	2.98982	2.98982	2.98982	2.98982	2.98982	2.98982	2.98982	2.98982	2.98982	2.98982	2.98982	2.98982	2.98982	2.98982	2.98982	2.98982	2.98982	2.98982	2.98982	2.98982	2.98982	2.98982	2.98982	2.98982	2.98982	2.98982	2.98982	2.98982	2.98982	2.98982	2.98982	2.98982	2.98982	2.98982	2.98982	2.98982	2.98982	2.98982	2.98982	2.98982	2.98982	2.98982	2.98982	2.98982	2.98982	2.27275	1	1	1	1	1	1
1	1	1	1	1	1	1	1	1.01711	2.77532	2.98982	2.98982	2.98982	2.98982	2.98982	2.98982	2.98982	2.98982	2.98982	2.98982	2.98982	2.98982	2.98982	2.98982	2.98982	2.98982	2.98982	2.98982	2.98982	2.98982	2.98982	2.98982	2.98982	2.98982	2.98982	2.98982	2.98982	2.98982	2.98982	2.98982	2.98982	2.98982	2.98982	2.98982	2.98982	2.98982	2.98982	2.98982	2.98982	2.98982	2.98982	2.98982	2.98982	2.98982	2.98982	2.98982	2.98982	2.73842	1.00483	1	1	1	1	1
1	1	1	1	1	1	1	1	1	2.08882	2.98982	2.98982	2.98982	2.98982	2.98982	2.98982	2.98982	2.98982	2.98982	2.98982	2.98982	2.98982	2.98982	2.98982	2.98982	2.98982	2.98982	2.98982	2.98982	2.98982	2.98982	2.98982	2.98982	2.98982	2.98982	2.98982	2.98982	2.98982	2.98982	2.98982	2.98982	2.98982	2.98982	2.98982	2.98982	2.98982	2.98982	2.98982	2.98982	2.98982	2.98982	2.98982	2.98982	2.98982	2.98982	2.98982	2.98982	2.98982	1.71346	1	1	1	1	1
1	1	1	1	1	1	1	1	1	1.19039	2.91836	2.98982	2.98982	2.98982	2.98982	2.98982	2.98982	2.98982	2.98982	2.98982	2.98982	2.98982	2.98982	2.98982	2.98982	2.98982	2.98982	2.98982	2.98982	2.98982	2.98982	2.98982	2.98982	2.98982	2.98982	2.98982	2.98982	2.98982	2.98982	2.98982	2.98982	2.98982	2.98982	2.98982	2.98982	2.98982	2.98982	2.98982	2.98982	2.98982	2.98982	2.98982	2.98982	2.98982	2.98982	2.98982	2.98982	2.98982	2.51163	1	1	1	1	1
1	1	1	1	1	1	1	1	1	1	2.35884	2.98982	2.98982	2.98982	2.98982	2.98982	2.98982	2.98982	2.98982	2.98982	2.98982	2.98982	2.98982	2.98982	2.98982	2.98982	2.98982	2.98982	2.98982	2.98982	2.98982	2.98982	2.98982	2.98982	2.98982	2.98982	2.98982	2.98982	2.98982	2.98982	2.98982	2.98982	2.98982	2.98982	2.98982	2.98982	2.98982	2.98982	2.98982	2.98982	2.98982	2.98982	2.98982	2.98982	2.98982	2.98982	2.98982	2.98982	2.96766	1.36719	1	1	1	1
1	1	1	1	1	1	1	1	1	1	1.49251	2.98392	2.98982	2.98982	2.98982	2.98982	2.98982	2.98982	2.98982	2.98982	2.98982	2.98982	2.98982	2.98982	2.98982	2.98982	2.98982	2.98982	2.98982	2.98982	2.98982	2.98982	2.98982	2.98982	2.98982	2.98982	2.98982	2.98982	2.98982	2.98982	2.98982	2.98982	2.98982	2.98982	2.98982	2.98982	2.98982	2.98982	2.98982	2.98982	2.98982	2.98982	2.98982	2.98982	2.98982	2.98982	2.98982	2.98982	2.98982	2.26012	1	1	1	1
1	1	1	1	1	1	1	1	1	1	1	2.60084	2.98982	2.98982	2.98982	2.98982	2.98982	2.98982	2.98982	2.98982	2.98982	2.98982	2.98982	2.98982	2.98982	2.98982	2.98982	2.98982	2.98982	2.98982	2.98982	2.98982	2.98982	2.98982	2.98982	2.98982	2.98982	2.98982	2.98982	2.98982	2.98982	2.98982	2.98982	2.98982	2.98982	2.98982	2.98982	2.98982	2.98982	2.98982	2.98982	2.98982	2.98982	2.98982	2.98982	2.98982	2.98982	2.98982	2.98982	2.87367	1.10528	1	1	1
1	1	1	1	1	1	1	1	1	1	1	1.8416	2.98982	2.98982	2.98982	2.98982	2.98982	2.98982	2.98982	2.98982	2.98982	2.98982	2.98982	2.98982	2.98982	2.98982	2.98982	2.98982	2.98982	2.98982	2.98982	2.98982	2.98982	2.98982	2.98982	2.98982	2.98982	2.98982	2.98982	2.98982	2.98982	2.98982	2.98982	2.98982	2.98982	2.98982	2.98982	2.98982	2.98982	2.98982	2.98982	2.98982	2.98982	2.98982	2.98982	2.98982	2.98982	2.98982	2.98982	2.98982	1.9767	1	1	1
1	1	1	1	1	1	1	1	1	1	1	1.03653	2.80879	2.98982	2.98982	2.98982	2.98982	2.98982	2.98982	2.98982	2.98982	2.98982	2.98982	2.98982	2.98982	2.98982	2.98982	2.98982	2.98982	2.98982	2.98982	2.98982	2.98982	2.98982	2.98982	2.98982	2.98982	2.98982	2.98982	2.98982	2.98982	2.98982	2.98982	2.98982	2.98982	2.98982	2.98982	2.98982	2.98982	2.98982	2.98982	2.98982	2.98982	2.98982	2.98982	2.98982	2.98982	2.98982	2.98982	2.98982	2.69833	1	1	1
1	1	1	1	1	1	1	1	1	1	1	1	2.14269	2.98982	2.98982	2.98982	2.98982	2.98982	2.98982	2.98982	2.98982	2.98982	2.98982	2.98982	2.98982	2.98982	2.98982	2.98982	2.98982	2.98982	2.98982	2.98982	2.98982	2.98982	2.98982	2.98982	2.98982	2.98982	2.98982	2.98982	2.98982	2.98982	2.98982	2.98982	2.98982	2.98982	2.98982	2.98982	2.98982	2.98982	2.98982	2.98982	2.98982	2.98982	2.98982	2.98982	2.98982	2.98982	2.98982	2.98982	2.98982	1.11524	1	1
1	1	1	1	1	1	1	1	1	1	1	1	1.24026	2.93649	2.98982	2.98982	2.98982	2.98982	2.98982	2.98982	2.98982	2.98982	2.98982	2.98982	2.98982	2.98982	2.98982	2.98982	2.98982	2.98982	2.98982	2.98982	2.98982	2.98982	2.98982	2.98982	2.98982	2.98982	2.98982	2.98982	2.98982	2.98982	2.98982	2.98982	2.98982	2.98982	2.98982	2.98982	2.98982	2.98982	2.98982	2.98982	2.98982	2.98982	2.98982	2.98982	2.98982	2.98982	2.96471	2.49943	1.69555	1.00282	1	1
1	1	1	1	1	1	1	1	1	1	1	1	1	2.40648	2.98982	2.98982	2.98982	2.98982	2.98982	2.98982	2.98982	2.98982	2.98982	2.98982	2.98982	2.98982	2.98982	2.98982	2.98982	2.98982	2.98982	2.98982	2.98982	2.98982	2.98982	2.98982	2.98982	2.98982	2.98982	2.98982	2.98982	2.98982	2.98982	2.98982	2.98982	2.98982	2.98982	2.98982	2.98982	2.98982	2.98982	2.98982	2.98982	2.98982	2.98982	2.98982	2.86676	2.24656	1.3514	1	1	1	1	1
1	1	1	1	1	1	1	1	1	1	1	1	1	1.55858	2.98815	2.98982	2.98982	2.98982	2.98982	2.98982	2.98982	2.98982	2.98982	2.98982	2.98982	2.98982	2.98982	2.98982	2.98982	2.98982	2.98982	2.98982	2.98982	2.98982	2.98982	2.98982	2.98982	2.98982	2.98982	2.98982	2.98982	2.98982	2.98982	2.98982	2.98982	2.98982	2.98982	2.98982	2.98982	2.98982	2.98982	2.98982	2.98982	2.98982	2.68708	1.96143	1.09559	1	1	1	1	1	1	1
1	1	1	1	1	1	1	1	1	1	1	1	1	1	2.64431	2.98982	2.98982	2.98982	2.98982	2.98982	2.98982	2.98982	2.98982	2.98982	2.98982	2.98982	2.98982	2.98982	2.98982	2.98982	2.98982	2.98982	2.98982	2.98982	2.98982	2.98982	2.98982	2.98982	2.98982	2.98982	2.98982	2.98982	2.98982	2.98982	2.98982	2.98982	2.98982	2.98982	2.98982	2.98982	2.98982	2.95198	2.45359	1.62711	1	1	1	1	1	1	1	1	1	1
1	1	1	1	1	1	1	1	1	1	1	1	1	1	1.9022	2.98982	2.98982	2.98982	2.98982	2.98982	2.98982	2.98982	2.98982	2.98982	2.98982	2.98982	2.98982	2.98982	2.98982	2.98982	2.98982	2.98982	2.98982	2.98982	2.98982	2.98982	2.98982	2.98982	2.98982	2.98982	2.98982	2.98982	2.98982	2.98982	2.98982	2.98982	2.98982	2.98982	2.98982	2.83934	2.19524	1.29397	1	1	1	1	1	1	1	1	1	1	1	1
1	1	1	1	1	1	1	1	1	1	1	1	1	1	1.0628	2.83934	2.98982	2.98982	2.98982	2.98982	2.98982	2.98982	2.98982	2.98982	2.98982	2.98982	2.98982	2.98982	2.98982	2.98982	2.98982	2.98982	2.98982	2.98982	2.98982	2.98982	2.98982	2.98982	2.98982	2.98982	2.98982	2.98982	2.98982	2.98982	2.98982	2.98982	2.98815	2.64431	1.9022	1.0628	1	1	1	1	1	1	1	1	1	1	1	1	1	1
1	1	1	1	1	1	1	1	1	1	1	1	1	1	1	2.19524	2.98982	2.98982	2.98982	2.98982	2.98982	2.98982	2.98982	2.98982	2.98982	2.98982	2.98982	2.98982	2.98982	2.98982	2.98982	2.98982	2.98982	2.98982	2.98982	2.98982	2.98982	2.98982	2.98982	2.98982	2.98982	2.98982	2.98982	2.98982	2.93649	2.40648	1.55858	1	1	1	1	1	1	1	1	1	1	1	1	1	1	1	1	1
1	1	1	1	1	1	1	1	1	1	1	1	1	1	1	1.29397	2.95198	2.98982	2.98982	2.98982	2.98982	2.98982	2.98982	2.98982	2.98982	2.98982	2.98982	2.98982	2.98982	2.98982	2.98982	2.98982	2.98982	2.98982	2.98982	2.98982	2.98982	2.98982	2.98982	2.98982	2.98982	2.98982	2.80879	2.14269	1.24026	1	1	1	1	1	1	1	1	1	1	1	1	1	1	1	1	1	1	1
1	1	1	1	1	1	1	1	1	1	1	1	1	1	1	1	2.45359	2.98982	2.98982	2.98982	2.98982	2.98982	2.98982	2.98982	2.98982	2.98982	2.98982	2.98982	2.98982	2.98982	2.98982	2.98982	2.98982	2.98982	2.98982	2.98982	2.98982	2.98982	2.98982	2.98392	2.60084	1.8416	1.03653	1	1	1	1	1	1	1	1	1	1	1	1	1	1	1	1	1	1	1	1	1
1	1	1	1	1	1	1	1	1	1	1	1	1	1	1	1	1.62711	2.98982	2.98982	2.98982	2.98982	2.98982	2.98982	2.98982	2.98982	2.98982	2.98982	2.98982	2.98982	2.98982	2.98982	2.98982	2.98982	2.98982	2.98982	2.98982	2.98982	2.91836	2.35884	1.49251	1	1	1	1	1	1	1	1	1	1	1	1	1	1	1	1	1	1	1	1	1	1	1	1
1	1	1	1	1	1	1	1	1	1	1	1	1	1	1	1	1	2.68708	2.98982	2.98982	2.98982	2.98982	2.98982	2.98982	2.98982	2.98982	2.98982	2.98982	2.98982	2.98982	2.98982	2.98982	2.98982	2.98982	2.98982	2.77532	2.08882	1.19039	1	1	1	1	1	1	1	1	1	1	1	1	1	1	1	1	1	1	1	1	1	1	1	1	1	1
1	1	1	1	1	1	1	1	1	1	1	1	1	1	1	1	1	1.96143	2.98982	2.98982	2.98982	2.98982	2.98982	2.98982	2.98982	2.98982	2.98982	2.98982	2.98982	2.98982	2.98982	2.98982	2.97711	2.55662	1.77868	1.01711	1	1	1	1	1	1	1	1	1	1	1	1	1	1	1	1	1	1	1	1	1	1	1	1	1	1	1	1
1	1	1	1	1	1	1	1	1	1	1	1	1	1	1	1	1	1.09559	2.86676	2.98982	2.98982	2.98982	2.98982	2.98982	2.98982	2.98982	2.98982	2.98982	2.98982	2.98982	2.89736	2.3098	1.42838	1	1	1	1	1	1	1	1	1	1	1	1	1	1	1	1	1	1	1	1	1	1	1	1	1	1	1	1	1	1	1
1	1	1	1	1	1	1	1	1	1	1	1	1	1	1	1	1	1	2.24656	2.98982	2.98982	2.98982	2.98982	2.98982	2.98982	2.98982	2.98982	2.98982	2.73842	2.03353	1.14532	1	1	1	1	1	1	1	1	1	1	1	1	1	1	1	1	1	1	1	1	1	1	1	1	1	1	1	1	1	1	1	1	1
1	1	1	1	1	1	1	1	1	1	1	1	1	1	1	1	1	1	1.3514	2.96471	2.98982	2.98982	2.98982	2.98982	2.98982	2.96766	2.51163	1.71346	1.00483	1	1	1	1	1	1	1	1	1	1	1	1	1	1	1	1	1	1	1	1	1	1	1	1	1	1	1	1	1	1	1	1	1	1	1
1	1	1	1	1	1	1	1	1	1	1	1	1	1	1	1	1	1	1	2.49943	2.98982	2.98982	2.98982	2.87367	2.26012	1.36719	1	1	1	1	1	1	1	1	1	1	1	1	1	1	1	1	1	1	1	1	1	1	1	1	1	1	1	1	1	1	1	1	1	1	1	1	1	1
1	1	1	1	1	1	1	1	1	1	1	1	1	1	1	1	1	1	1	1.69555	2.98982	2.69833	1.9767	1.10528	1	1	1	1	1	1	1	1	1	1	1	1	1	1	1	1	1	1	1	1	1	1	1	1	1	1	1	1	1	1	1	1	1	1	1	1	1	1	1	1
1	1	1	1	1	1	1	1	1	1	1	1	1	1	1	1	1	1	1	1.00282	1.11524	1	1	1	1	1	1	1	1	1	1	1	1	1	1	1	1	1	1	1	1	1	1	1	1	1	1	1	1	1	1	1	1	1	1	1	1	1	1	1	1	1	1	1
1	1	1	1	1	1	1	1	1	1	1	1	1	1	1	1	1	1	1	1	1	1	1	1	1	1	1	1	1	1	1	1	1	1	1	1	1	1	1	1	1	1	1	1	1	1	1	1	1	1	1	1	1	1	1	1	1	1	1	1	1	1	1	1
1	1	1	1	1	1	1	1	1	1	1	1	1	1	1	1	1	1	1	1	1	1	1	1	1	1	1	1	1	1	1	1	1	1	1	1	1	1	1	1	1	1	1	1	1	1	1	1	1	1	1	1	1	1	1	1	1	1	1	1	1	1	1	1
