0	0	0	0	0	0	0	0	0	0	0	0	0	0	0	0	0	0	0	0	0	0	0	0	0	0	0	0	0	0	0	0	0	0	0	0	0	0	0	0	0	0	0	0	0	0	0	0	0	0	0	0	0	0	0	0	0	0	0	0	0	0	0	0
0	0	0	0	0	0	0	0	0	0	0	0	0	0	0	0	0	0	0	0	0	0	0	0	0	0	0	0	0	0	0	0	0	0	0	0	0	0	0	0	0	0	0	0	0	0	0	0	0	0	0	0	0	0	0	0	0	0	0	0	0	0	0	0
0	0	0	0	0	0	0	0	0	0	0	0	0	0	0	0	0	0	0	0	0	0	0	0	0	0	0	0	0	0	0	0	0	0	0	0	0	0	0	0	0	0	0	0	0	0	0	0	0	0	0	0	0	0	0	0	0	0	0	0	0	0	0	0
0	0	0	0	0	0	0	0	0	0	0	0	0	0	0	0	0	0	0	0	0	0	0	0	0	0	0	0	0	0	0	0	0	0	0	0	0	0	0	0	0	0	0	0	0	0	0	0	0	0	0	0	0	0	0	0	0	0	0	0	0	0	0	0
0	0	0	0	0	0	0	0	0	0	0	0	0	0	0	0	0	0	0	0	0	0	0	0	0	0	0	0	0	0	0	0	0	0	0	0	0	0	0	0	0	0	0	0	0	0	0	0	0	0	0	0	0	0	0	0	0	0	0	0	0	0	0	0
0	0	0	0	0	0	0	0	0	0	0	0	0	0	0	0	0	0	0	0	0	0	0	0	0	0	0	0	0	0	0	0	0	0	0	0	0	0	0	0	0	0	0	0	0	0	0	0	0	0	0	0	0	0	0	0	0	0	0	0	0	0	0	0
0	0	0	0	0	0	0	0	0	0	0	0	0	0	0	0	0	0	0	0	0	0	0	0	0	0	0	0	0	0	0	0	0	0	0	0	0	0	0	0	0	0	0	0	0	0	0	0	0	0	0	0	0	0	0	0	0	0	0	0	0	0	0	0
0	0	0	0	0	0	0	0	0	0	0	0	0	0	0	0	0	0	0	0	0	0	0	0	0	0	0	0	0	0	0	0	0	0	0	0	0	0	0	0	0	0	0	0	0	0	0	0	0	0	0	0	0	0	0	0	0	0	0	0	0	0	0	0
0	0	0	0	0	0	0	0	0	0	0	0	0	0	0	0	0	0	0	0	0	0	0	0	0	0	0	0	0	0	0	0	0	0	0	0	0	0	0	0	0	0	0	0	0	0	0	0	0	0	0	0	0	0	0	0	0	0	0	0	0	0	0	0
0	0	0	0	0	0	0	0	0	0	0	0	0	0	0	0	0	0	0	0	0	0	0	0	0	0	0	0	0	0	0	0	0	0	0	0	0	0	0	0	0	0	0	0	0	0	0	0	0	0	0	0	0	0	0	0	0	0	0	0	0	0	0	0
0	0	0	0	0	0	0	0	0	0	0	0	0	0	0	0	0	0	0	0	0	0	0	0	0	0	0	0	0	0	0	0	0	0	0	0	0	0	0	0	0	0	0	0	0	0	0	0	0	0	0	0	0	0	0	0	0	0	0	0	0	0	0	0
0	0	0	0	0	0	0	0	0	0	0	0	0	0	0	0	0	0	0	0	0	0	0	0	0	0	0	0	0	0	0	0	0	0	0	0	0	0	0	0	0	0	0	0	0	0	0	0	0	0	0	0	0	0	0	0	0	0	0	0	0	0	0	0
0	0	0	0	0	0	0	0	0	0	0	0	0	0	0	0	0	0	0	0	0	0	0	0	0	0	0	0	0	0	0	0	0	0	0	0	0	0	0	0	0	0	0	0	0	0	0	0	0	0	0	0	0	0	0	0	0	0	0	0	0	0	0	0
0	0	0	0	0	0	0	0	0	0	0	0	0	0	0	0	0	0	0	0	0	0	0	0	0	0	0	0	0	0	0	0	0	0	0	0	0	0	0	0	0	0	0	0	0	0	0	0	0	0	0	0	0	0	0	0	0	0	0	0	0	0	0	0
0	0	0	0	0	0	0	0	0	0	0	0	0	0	0	0	0	0	0	0	0	0	0	0	0	0	0	0	0	0	0	0	0	0	0	0	0	0	0	0	0	0	0	0	0	0	0	0	0	0	0	0	0	0	0	0	0	0	0	0	0	0	0	0
0	0	0	0	0	0	0	0	0	0	0	0	0	0	0	0	0	0	0	0	0	0	0	0	0	0	0	0	0	0	0	0	0	0	0	0	0	0	0	0	0	0	0	0	0	0	0	0	0	0	0	0	0	0	0	0	0	0	0	0	0	0	0	0
0	0	0	0	0	0	0	0	0	0	0	0	0	0	0	0	0	0	0	0	0	0	0	0	0	0	0	0	0	0	0	0	0	0	0	0	0	0	0	0	0	0	0	0	0	0	0	0	0	0	0	0	0	0	0	0	0	0	0	0	0	0	0	0
0	0	0	0	0	0	0	0	0	0	0	0	0	0	0	0	0	0	0	0	0	0	0	0	0	0	0	0	0	0	0	0	0	0	0	0	0	0	0	0	0	0	0	0	0	0	0	0	0	0	0	0	0	0	0	0	0	0	0	0	0	0	0	0
0	0	0	0	0	0	0	0	0	0	0	0	0	0	0	0	0	0	0	0	0	0	0	0	0	0	0	0	0	0	0	0	0	0	0	0	0	0	0	0	0	0	0	0	0	0	0	0	0	0	0	0	0	0	0	0	0	0	0	0	0	0	0	0
0	0	0	0	0	0	0	0	0	0	0	0	0	0	0	0	0	0	0	0	0	0	0	0	0	0	0	0	0	0	0	0	0	0	0	0	0	0	0	0	0	0	0	0	0	0	0	0	0	0	0	0	0	0	0	0	0	0	0	0	0	0	0	0
0	0	0	0	0	0	0	0	0	0	0	0	0	0	0	0	0	0	0	0	0	0	0	0	0	0	0	0	0	0	0	0	0	0	0	0	0	0	0	0	0	0	0	0	0	0	0	0	0	0	0	0	0	0	0	0	0	0	0	0	0	0	0	0
0	0	0	0	0	0	0	0	0	0	0	0	0	0	0	0	0	0	0	0	0	0	0	0	0	0	0	0	0	0	0	0	0	0	0	0	0	0	0	0	0	0	0	0	0	0	0	0	0	0	0	0	0	0	0	0	0	0	0	0	0	0	0	0
0	0	0	0	0	0	0	0	0	0	0	0	0	0	0	0	0	0	0	0	0	0	0	0	0	0	0	0	0	0	0	0	0	0	0	0	0	0	0	0	0	0	0	0	0	0	0	0	0	0	0	0	0	0	0	0	0	0	0	0	0	0	0	0
0	0	0	0	0	0	0	0	0	0	0	0	0	0	0	0	0	0	0	0	0	0	0	0	0	0	0	0	0	0	0	0	0	0	0	0	0	0	0	0	0	0	0	0	0	0	0	0	0	0	0	0	0	0	0	0	0	0	0	0	0	0	0	0
0	0	0	0	0	0	0	0	0	0	0	0	0	0	0	0	0	0	0	0	0	0	0	0	0	0	0	0	0	0	0	0	0	0	0	0	0	0	0	0	0	0	0	0	0	0	0	0	0	0	0	0	0	0	0	0	0	0	0	0	0	0	0	0
0.361492	0.361492	0.361492	0.361492	0.361492	0.361492	0.361492	0.361492	0.361492	0.361492	0.361492	0.361492	0.361492	0.361492	0.361492	0.361492	0.361492	0.361492	0.361492	0.361492	0.361492	0.361492	0.361492	0.361492	0.361492	0.361492	0.361492	0.361492	0.361492	0.361492	0.361492	0.361492	0.361492	0.361492	0.361492	0.361492	0.361492	0.361492	0.361492	0.361492	0.361492	0.361492	0.361492	0.361492	0.361492	0.361492	0.361492	0.361492	0.361492	0.361492	0.361492	0.361492	0.361492	0.361492	0.361492	0.361492	0.361492	0.361492	0.361492	0.361492	0.361492	0.361492	0.361492	0.361492
0.61482	0.61482	0.61482	0.61482	0.61482	0.61482	0.61482	0.61482	0.61482	0.61482	0.61482	0.61482	0.61482	0.61482	0.61482	0.61482	0.61482	0.61482	0.61482	0.61482	0.61482	0.61482	0.61482	0.61482	0.61482	0.61482	0.61482	0.61482	0.61482	0.61482	0.61482	0.61482	0.61482	0.61482	0.61482	0.61482	0.61482	0.61482	0.61482	0.61482	0.61482	0.61482	0.61482	0.61482	0.61482	0.61482	0.61482	0.61482	0.61482	0.61482	0.61482	0.61482	0.61482	0.61482	0.61482	0.61482	0.61482	0.61482	0.61482	0.61482	0.61482	0.61482	0.61482	0.61482
0.61482	0.61482	0.61482	0.61482	0.61482	0.61482	0.61482	0.61482	0.61482	0.61482	0.61482	0.61482	0.61482	0.61482	0.61482	0.61482	0.61482	0.61482	0.61482	0.61482	0.61482	0.61482	0.61482	0.61482	0.61482	0.61482	0.61482	0.61482	0.61482	0.61482	0.61482	0.61482	0.61482	0.61482	0.61482	0.61482	0.61482	0.61482	0.61482	0.61482	0.61482	0.61482	0.61482	0.61482	0.61482	0.61482	0.61482	0.61482	0.61482	0.61482	0.61482	0.61482	0.61482	0.61482	0.61482	0.61482	0.61482	0.61482	0.61482	0.61482	0.61482	0.61482	0.61482	0.61482
0.61482	0.61482	0.61482	0.61482	0.61482	0.61482	0.61482	0.61482	0.61482	0.61482	0.61482	0.61482	0.61482	0.61482	0.61482	0.61482	0.61482	0.61482	0.61482	0.61482	0.61482	0.61482	0.61482	0.61482	0.61482	0.61482	0.61482	0.61482	0.61482	0.61482	0.61482	0.61482	0.61482	0.61482	0.61482	0.61482	0.61482	0.61482	0.61482	0.61482	0.61482	0.61482	0.61482	0.61482	0.61482	0.61482	0.61482	0.61482	0.61482	0.61482	0.61482	0.61482	0.61482	0.61482	0.61482	0.61482	0.61482	0.61482	0.61482	0.61482	0.61482	0.61482	0.61482	0.61482
0.61482	0.61482	0.61482	0.61482	0.61482	0.61482	0.61482	0.61482	0.61482	0.61482	0.61482	0.61482	0.61482	0.61482	0.61482	0.61482	0.61482	0.61482	0.61482	0.61482	0.61482	0.61482	0.61482	0.61482	0.61482	0.61482	0.61482	0.61482	0.61482	0.61482	0.61482	0.61482	0.61482	0.61482	0.61482	0.61482	0.61482	0.61482	0.61482	0.61482	0.61482	0.61482	0.61482	0.61482	0.61482	0.61482	0.61482	0.61482	0.61482	0.61482	0.61482	0.61482	0.61482	0.61482	0.61482	0.61482	0.61482	0.61482	0.61482	0.61482	0.61482	0.61482	0.61482	0.61482
0.61482	0.61482	0.61482	0.61482	0.61482	0.61482	0.61482	0.61482	0.61482	0.61482	0.61482	0.61482	0.61482	0.61482	0.61482	0.61482	0.61482	0.61482	0.61482	0.61482	0.61482	0.61482	0.61482	0.61482	0.61482	0.61482	0.61482	0.61482	0.61482	0.61482	0.61482	0.61482	0.61482	0.61482	0.61482	0.61482	0.61482	0.61482	0.61482	0.61482	0.61482	0.61482	0.61482	0.61482	0.61482	0.61482	0.61482	0.61482	0.61482	0.61482	0.61482	0.61482	0.61482	0.61482	0.61482	0.61482	0.61482	0.61482	0.61482	0.61482	0.61482	0.61482	0.61482	0.61482
0.61482	0.61482	0.61482	0.61482	0.61482	0.61482	0.61482	0.61482	0.61482	0.61482	0.61482	0.61482	0.61482	0.61482	0.61482	0.61482	0.61482	0.61482	0.61482	0.61482	0.61482	0.61482	0.61482	0.61482	0.61482	0.61482	0.61482	0.61482	0.61482	0.61482	0.61482	0.61482	0.61482	0.61482	0.61482	0.61482	0.61482	0.61482	0.61482	0.61482	0.61482	0.61482	0.61482	0.61482	0.61482	0.61482	0.61482	0.61482	0.61482	0.61482	0.61482	0.61482	0.61482	0.61482	0.61482	0.61482	0.61482	0.61482	0.61482	0.61482	0.61482	0.61482	0.61482	0.61482
0.61482	0.61482	0.61482	0.61482	0.61482	0.61482	0.61482	0.61482	0.61482	0.61482	0.61482	0.61482	0.61482	0.61482	0.61482	0.61482	0.61482	0.61482	0.61482	0.61482	0.61482	0.61482	0.61482	0.61482	0.61482	0.61482	0.61482	0.61482	0.61482	0.61482	0.61482	0.61482	0.61482	0.61482	0.61482	0.61482	0.61482	0.61482	0.61482	0.61482	0.61482	0.61482	0.61482	0.61482	0.61482	0.61482	0.61482	0.61482	0.61482	0.61482	0.61482	0.61482	0.61482	0.61482	0.61482	0.61482	0.61482	0.61482	0.61482	0.61482	0.61482	0.61482	0.61482	0.61482
0.61482	0.61482	0.61482	0.61482	0.61482	0.61482	0.61482	0.61482	0.61482	0.61482	0.61482	0.61482	0.61482	0.61482	0.61482	0.61482	0.61482	0.61482	0.61482	0.61482	0.61482	0.61482	0.61482	0.61482	0.61482	0.61482	0.61482	0.61482	0.61482	0.61482	0.61482	0.61482	0.61482	0.61482	0.61482	0.61482	0.61482	0.61482	0.61482	0.61482	0.61482	0.61482	0.61482	0.61482	0.61482	0.61482	0.61482	0.61482	0.61482	0.61482	0.61482	0.61482	0.61482	0.61482	0.61482	0.61482	0.61482	0.61482	0.61482	0.61482	0.61482	0.61482	0.61482	0.61482
0.61482	0.61482	0.61482	0.61482	0.61482	0.61482	0.61482	0.61482	0.61482	0.61482	0.61482	0.61482	0.61482	0.61482	0.61482	0.61482	0.61482	0.61482	0.61482	0.61482	0.61482	0.61482	0.61482	0.61482	0.61482	0.61482	0.61482	0.61482	0.61482	0.61482	0.61482	0.61482	0.61482	0.61482	0.61482	0.61482	0.61482	0.61482	0.61482	0.61482	0.61482	0.61482	0.61482	0.61482	0.61482	0.61482	0.61482	0.61482	0.61482	0.61482	0.61482	0.61482	0.61482	0.61482	0.61482	0.61482	0.61482	0.61482	0.61482	0.61482	0.61482	0.61482	0.61482	0.61482
0.61482	0.61482	0.61482	0.61482	0.61482	0.61482	0.61482	0.61482	0.61482	0.61482	0.61482	0.61482	0.61482	0.61482	0.61482	0.61482	0.61482	0.61482	0.61482	0.61482	0.61482	0.61482	0.61482	0.61482	0.61482	0.61482	0.61482	0.61482	0.61482	0.61482	0.61482	0.61482	0.61482	0.61482	0.61482	0.61482	0.61482	0.61482	0.61482	0.61482	0.61482	0.61482	0.61482	0.61482	0.61482	0.61482	0.61482	0.61482	0.61482	0.61482	0.61482	0.61482	0.61482	0.61482	0.61482	0.61482	0.61482	0.61482	0.61482	0.61482	0.61482	0.61482	0.61482	0.61482
0.61482	0.61482	0.61482	0.61482	0.61482	0.61482	0.61482	0.61482	0.61482	0.61482	0.61482	0.61482	0.61482	0.61482	0.61482	0.61482	0.61482	0.61482	0.61482	0.61482	0.61482	0.61482	0.61482	0.61482	0.61482	0.61482	0.61482	0.61482	0.61482	0.61482	0.61482	0.61482	0.61482	0.61482	0.61482	0.61482	0.61482	0.61482	0.61482	0.61482	0.61482	0.61482	0.61482	0.61482	0.61482	0.61482	0.61482	0.61482	0.61482	0.61482	0.61482	0.61482	0.61482	0.61482	0.61482	0.61482	0.61482	0.61482	0.61482	0.61482	0.61482	0.61482	0.61482	0.61482
0.61482	0.61482	0.61482	0.61482	0.61482	0.61482	0.61482	0.61482	0.61482	0.61482	0.61482	0.61482	0.61482	0.61482	0.61482	0.61482	0.61482	0.61482	0.61482	0.61482	0.61482	0.61482	0.61482	0.61482	0.61482	0.61482	0.61482	0.61482	0.61482	0.61482	0.61482	0.61482	0.61482	0.61482	0.61482	0.61482	0.61482	0.61482	0.61482	0.61482	0.61482	0.61482	0.61482	0.61482	0.61482	0.61482	0.61482	0.61482	0.61482	0.61482	0.61482	0.61482	0.61482	0.61482	0.61482	0.61482	0.61482	0.61482	0.61482	0.61482	0.61482	0.61482	0.61482	0.61482
0.61482	0.61482	0.61482	0.61482	0.61482	0.61482	0.61482	0.61482	0.61482	0.61482	0.61482	0.61482	0.61482	0.61482	0.61482	0.61482	0.61482	0.61482	0.61482	0.61482	0.61482	0.61482	0.61482	0.61482	0.61482	0.61482	0.61482	0.61482	0.61482	0.61482	0.61482	0.61482	0.61482	0.61482	0.61482	0.61482	0.61482	0.61482	0.61482	0.61482	0.61482	0.61482	0.61482	0.61482	0.61482	0.61482	0.61482	0.61482	0.61482	0.61482	0.61482	0.61482	0.61482	0.61482	0.61482	0.61482	0.61482	0.61482	0.61482	0.61482	0.61482	0.61482	0.61482	0.61482
0.61482	0.61482	0.61482	0.61482	0.61482	0.61482	0.61482	0.61482	0.61482	0.61482	0.61482	0.61482	0.61482	0.61482	0.61482	0.61482	0.61482	0.61482	0.61482	0.61482	0.61482	0.61482	0.61482	0.61482	0.61482	0.61482	0.61482	0.61482	0.61482	0.61482	0.61482	0.61482	0.61482	0.61482	0.61482	0.61482	0.61482	0.61482	0.61482	0.61482	0.61482	0.61482	0.61482	0.61482	0.61482	0.61482	0.61482	0.61482	0.61482	0.61482	0.61482	0.61482	0.61482	0.61482	0.61482	0.61482	0.61482	0.61482	0.61482	0.61482	0.61482	0.61482	0.61482	0.61482
0.61482	0.61482	0.61482	0.61482	0.61482	0.61482	0.61482	0.61482	0.61482	0.61482	0.61482	0.61482	0.61482	0.61482	0.61482	0.61482	0.61482	0.61482	0.61482	0.61482	0.61482	0.61482	0.61482	0.61482	0.61482	0.61482	0.61482	0.61482	0.61482	0.61482	0.61482	0.61482	0.61482	0.61482	0.61482	0.61482	0.61482	0.61482	0.61482	0.61482	0.61482	0.61482	0.61482	0.61482	0.61482	0.61482	0.61482	0.61482	0.61482	0.61482	0.61482	0.61482	0.61482	0.61482	0.61482	0.61482	0.61482	0.61482	0.61482	0.61482	0.61482	0.61482	0.61482	0.61482
0.61482	0.61482	0.61482	0.61482	0.61482	0.61482	0.61482	0.61482	0.61482	0.61482	0.61482	0.61482	0.61482	0.61482	0.61482	0.61482	0.61482	0.61482	0.61482	0.61482	0.61482	0.61482	0.61482	0.61482	0.61482	0.61482	0.61482	0.61482	0.61482	0.61482	0.61482	0.61482	0.61482	0.61482	0.61482	0.61482	0.61482	0.61482	0.61482	0.61482	0.61482	0.61482	0.61482	0.61482	0.61482	0.61482	0.61482	0.61482	0.61482	0.61482	0.61482	0.61482	0.61482	0.61482	0.61482	0.61482	0.61482	0.61482	0.61482	0.61482	0.61482	0.61482	0.61482	0.61482
0.61482	0.61482	0.61482	0.61482	0.61482	0.61482	0.61482	0.61482	0.61482	0.61482	0.61482	0.61482	0.61482	0.61482	0.61482	0.61482	0.61482	0.61482	0.61482	0.61482	0.61482	0.61482	0.61482	0.61482	0.61482	0.61482	0.61482	0.61482	0.61482	0.61482	0.61482	0.61482	0.61482	0.61482	0.61482	0.61482	0.61482	0.61482	0.61482	0.61482	0.61482	0.61482	0.61482	0.61482	0.61482	0.61482	0.61482	0.61482	0.61482	0.61482	0.61482	0.61482	0.61482	0.61482	0.61482	0.61482	0.61482	0.61482	0.61482	0.61482	0.61482	0.61482	0.61482	0.61482
0.61482	0.61482	0.61482	0.61482	0.61482	0.61482	0.61482	0.61482	0.61482	0.61482	0.61482	0.61482	0.61482	0.61482	0.61482	0.61482	0.61482	0.61482	0.61482	0.61482	0.61482	0.61482	0.61482	0.61482	0.61482	0.61482	0.61482	0.61482	0.61482	0.61482	0.61482	0.61482	0.61482	0.61482	0.61482	0.61482	0.61482	0.61482	0.61482	0.61482	0.61482	0.61482	0.61482	0.61482	0.61482	0.61482	0.61482	0.61482	0.61482	0.61482	0.61482	0.61482	0.61482	0.61482	0.61482	0.61482	0.61482	0.61482	0.61482	0.61482	0.61482	0.61482	0.61482	0.61482
0.61482	0.61482	0.61482	0.61482	0.61482	0.61482	0.61482	0.61482	0.61482	0.61482	0.61482	0.61482	0.61482	0.61482	0.61482	0.61482	0.61482	0.61482	0.61482	0.61482	0.61482	0.61482	0.61482	0.61482	0.61482	0.61482	0.61482	0.61482	0.61482	0.61482	0.61482	0.61482	0.61482	0.61482	0.61482	0.61482	0.61482	0.61482	0.61482	0.61482	0.61482	0.61482	0.61482	0.61482	0.61482	0.61482	0.61482	0.61482	0.61482	0.61482	0.61482	0.61482	0.61482	0.61482	0.61482	0.61482	0.61482	0.61482	0.61482	0.61482	0.61482	0.61482	0.61482	0.61482
0.61482	0.61482	0.61482	0.61482	0.61482	0.61482	0.61482	0.61482	0.61482	0.61482	0.61482	0.61482	0.61482	0.61482	0.61482	0.61482	0.61482	0.61482	0.61482	0.61482	0.61482	0.61482	0.61482	0.61482	0.61482	0.61482	0.61482	0.61482	0.61482	0.61482	0.61482	0.61482	0.61482	0.61482	0.61482	0.61482	0.61482	0.61482	0.61482	0.61482	0.61482	0.61482	0.61482	0.61482	0.61482	0.61482	0.61482	0.61482	0.61482	0.61482	0.61482	0.61482	0.61482	0.61482	0.61482	0.61482	0.61482	0.61482	0.61482	0.61482	0.61482	0.61482	0.61482	0.61482
0.61482	0.61482	0.61482	0.61482	0.61482	0.61482	0.61482	0.61482	0.61482	0.61482	0.61482	0.61482	0.61482	0.61482	0.61482	0.61482	0.61482	0.61482	0.61482	0.61482	0.61482	0.61482	0.61482	0.61482	0.61482	0.61482	0.61482	0.61482	0.61482	0.61482	0.61482	0.61482	0.61482	0.61482	0.61482	0.61482	0.61482	0.61482	0.61482	0.61482	0.61482	0.61482	0.61482	0.61482	0.61482	0.61482	0.61482	0.61482	0.61482	0.61482	0.61482	0.61482	0.61482	0.61482	0.61482	0.61482	0.61482	0.61482	0.61482	0.61482	0.61482	0.61482	0.61482	0.61482
0.61482	0.61482	0.61482	0.61482	0.61482	0.61482	0.61482	0.61482	0.61482	0.61482	0.61482	0.61482	0.61482	0.61482	0.61482	0.61482	0.61482	0.61482	0.61482	0.61482	0.61482	0.61482	0.61482	0.61482	0.61482	0.61482	0.61482	0.61482	0.61482	0.61482	0.61482	0.61482	0.61482	0.61482	0.61482	0.61482	0.61482	0.61482	0.61482	0.61482	0.61482	0.61482	0.61482	0.61482	0.61482	0.61482	0.61482	0.61482	0.61482	0.61482	0.61482	0.61482	0.61482	0.61482	0.61482	0.61482	0.61482	0.61482	0.61482	0.61482	0.61482	0.61482	0.61482	0.61482
0.61482	0.61482	0.61482	0.61482	0.61482	0.61482	0.61482	0.61482	0.61482	0.61482	0.61482	0.61482	0.61482	0.61482	0.61482	0.61482	0.61482	0.61482	0.61482	0.61482	0.61482	0.61482	0.61482	0.61482	0.61482	0.61482	0.61482	0.61482	0.61482	0.61482	0.61482	0.61482	0.61482	0.61482	0.61482	0.61482	0.61482	0.61482	0.61482	0.61482	0.61482	0.61482	0.61482	0.61482	0.61482	0.61482	0.61482	0.61482	0.61482	0.61482	0.61482	0.61482	0.61482	0.61482	0.61482	0.61482	0.61482	0.61482	0.61482	0.61482	0.61482	0.61482	0.61482	0.61482
0.61482	0.61482	0.61482	0.61482	0.61482	0.61482	0.61482	0.61482	0.61482	0.61482	0.61482	0.61482	0.61482	0.61482	0.61482	0.61482	0.61482	0.61482	0.61482	0.61482	0.61482	0.61482	0.61482	0.61482	0.61482	0.61482	0.61482	0.61482	0.61482	0.61482	0.61482	0.61482	0.61482	0.61482	0.61482	0.61482	0.61482	0.61482	0.61482	0.61482	0.61482	0.61482	0.61482	0.61482	0.61482	0.61482	0.61482	0.61482	0.61482	0.61482	0.61482	0.61482	0.61482	0.61482	0.61482	0.61482	0.61482	0.61482	0.61482	0.61482	0.61482	0.61482	0.61482	0.61482
0.61482	0.61482	0.61482	0.61482	0.61482	0.61482	0.61482	0.61482	0.61482	0.61482	0.61482	0.61482	0.61482	0.61482	0.61482	0.61482	0.61482	0.61482	0.61482	0.61482	0.61482	0.61482	0.61482	0.61482	0.61482	0.61482	0.61482	0.61482	0.61482	0.61482	0.61482	0.61482	0.61482	0.61482	0.61482	0.61482	0.61482	0.61482	0.61482	0.61482	0.61482	0.61482	0.61482	0.61482	0.61482	0.61482	0.61482	0.61482	0.61482	0.61482	0.61482	0.61482	0.61482	0.61482	0.61482	0.61482	0.61482	0.61482	0.61482	0.61482	0.61482	0.61482	0.61482	0.61482
0.230652	0.230652	0.230652	0.230652	0.230652	0.230652	0.230652	0.230652	0.230652	0.230652	0.230652	0.230652	0.230652	0.230652	0.230652	0.230652	0.230652	0.230652	0.230652	0.230652	0.230652	0.230652	0.230652	0.230652	0.230652	0.230652	0.230652	0.230652	0.230652	0.230652	0.230652	0.230652	0.230652	0.230652	0.230652	0.230652	0.230652	0.230652	0.230652	0.230652	0.230652	0.230652	0.230652	0.230652	0.230652	0.230652	0.230652	0.230652	0.230652	0.230652	0.230652	0.230652	0.230652	0.230652	0.230652	0.230652	0.230652	0.230652	0.230652	0.230652	0.230652	0.230652	0.230652	0.230652
0	0	0	0	0	0	0	0	0	0	0	0	0	0	0	0	0	0	0	0	0	0	0	0	0	0	0	0	0	0	0	0	0	0	0	0	0	0	0	0	0	0	0	0	0	0	0	0	0	0	0	0	0	0	0	0	0	0	0	0	0	0	0	0
0	0	0	0	0	0	0	0	0	0	0	0	0	0	0	0	0	0	0	0	0	0	0	0	0	0	0	0	0	0	0	0	0	0	0	0	0	0	0	0	0	0	0	0	0	0	0	0	0	0	0	0	0	0	0	0	0	0	0	0	0	0	0	0
0	0	0	0	0	0	0	0	0	0	0	0	0	0	0	0	0	0	0	0	0	0	0	0	0	0	0	0	0	0	0	0	0	0	0	0	0	0	0	0	0	0	0	0	0	0	0	0	0	0	0	0	0	0	0	0	0	0	0	0	0	0	0	0
0	0	0	0	0	0	0	0	0	0	0	0	0	0	0	0	0	0	0	0	0	0	0	0	0	0	0	0	0	0	0	0	0	0	0	0	0	0	0	0	0	0	0	0	0	0	0	0	0	0	0	0	0	0	0	0	0	0	0	0	0	0	0	0
0	0	0	0	0	0	0	0	0	0	0	0	0	0	0	0	0	0	0	0	0	0	0	0	0	0	0	0	0	0	0	0	0	0	0	0	0	0	0	0	0	0	0	0	0	0	0	0	0	0	0	0	0	0	0	0	0	0	0	0	0	0	0	0
0	0	0	0	0	0	0	0	0	0	0	0	0	0	0	0	0	0	0	0	0	0	0	0	0	0	0	0	0	0	0	0	0	0	0	0	0	0	0	0	0	0	0	0	0	0	0	0	0	0	0	0	0	0	0	0	0	0	0	0	0	0	0	0
0	0	0	0	0	0	0	0	0	0	0	0	0	0	0	0	0	0	0	0	0	0	0	0	0	0	0	0	0	0	0	0	0	0	0	0	0	0	0	0	0	0	0	0	0	0	0	0	0	0	0	0	0	0	0	0	0	0	0	0	0	0	0	0
0	0	0	0	0	0	0	0	0	0	0	0	0	0	0	0	0	0	0	0	0	0	0	0	0	0	0	0	0	0	0	0	0	0	0	0	0	0	0	0	0	0	0	0	0	0	0	0	0	0	0	0	0	0	0	0	0	0	0	0	0	0	0	0
0	0	0	0	0	0	0	0	0	0	0	0	0	0	0	0	0	0	0	0	0	0	0	0	0	0	0	0	0	0	0	0	0	0	0	0	0	0	0	0	0	0	0	0	0	0	0	0	0	0	0	0	0	0	0	0	0	0	0	0	0	0	0	0
0	0	0	0	0	0	0	0	0	0	0	0	0	0	0	0	0	0	0	0	0	0	0	0	0	0	0	0	0	0	0	0	0	0	0	0	0	0	0	0	0	0	0	0	0	0	0	0	0	0	0	0	0	0	0	0	0	0	0	0	0	0	0	0
0	0	0	0	0	0	0	0	0	0	0	0	0	0	0	0	0	0	0	0	0	0	0	0	0	0	0	0	0	0	0	0	0	0	0	0	0	0	0	0	0	0	0	0	0	0	0	0	0	0	0	0	0	0	0	0	0	0	0	0	0	0	0	0
0	0	0	0	0	0	0	0	0	0	0	0	0	0	0	0	0	0	0	0	0	0	0	0	0	0	0	0	0	0	0	0	0	0	0	0	0	0	0	0	0	0	0	0	0	0	0	0	0	0	0	0	0	0	0	0	0	0	0	0	0	0	0	0
