0	0	0	0	0	0	0	0	0	0	0	0	0	0	0	0	0	0	0	0	0	0	0	0	0	0	0	0	0	0	0	0	0	0	0	0	0	0	0	0	0	0	0	0	0	0	0	0	0	0	0	0	0	0	0	0	0	0	0	0	0	0	0	0
0	0	0	0	0	0	0	0	0	0	0	0	0	0	0	0	0	0	0	0	0	0	0	0	0	0	0	0	0	0	0	0	0	0	0	0	0	0	0	0	0	0	0	0	0	0	0	0	0	0	0	0	0	0	0	0	0	0	0	0	0	0	0	0
0	0	0	0	0	0	0	0	0	0	0	0	0	0	0	0	0	0	0	0	0	0	0	0	0	0	0	0	0	0	0	0	0	0	0	0	0	0	0	0	0	0	0	0.026581	0.000687831	0	0	0	0	0	0	0	0	0	0	0	0	0	0	0	0	0	0	0
0	0	0	0	0	0	0	0	0	0	0	0	0	0	0	0	0	0	0	0	0	0	0	0	0	0	0	0	0	0	0	0	0	0	0	0	0	0	0	0	0.024391	0.177462	0.280381	0.319727	0.133593	0	0	0	0	0	0	0	0	0	0	0	0	0	0	0	0	0	0	0
0	0	0	0	0	0	0	0	0	0	0	0	0	0	0	0	0	0	0	0	0	0	0	0	0	0	0	0	0	0	0	0	0	0	0	0	0	0	0.0770152	0.219125	0.304154	0.319727	0.319727	0.319727	0.252953	0	0	0	0	0	0	0	0	0	0	0	0	0	0	0	0	0	0	0
0	0	0	0	0	0	0	0	0	0	0	0	0	0	0	0	0	0	0	0	0	0	0	0	0	0	0	0	0	0	0	0	0	0	0	0.00117416	0.136488	0.254651	0.316765	0.319727	0.319727	0.319727	0.319727	0.319727	0.316371	0.0740809	0	0	0	0	0	0	0	0	0	0	0	0	0	0	0	0	0	0
0	0	0	0	0	0	0	0	0	0	0	0	0	0	0	0	0	0	0	0	0	0	0	0	0	0	0	0	0	0	0	0	0	0.0330825	0.185987	0.285848	0.319727	0.319727	0.319727	0.319727	0.319727	0.319727	0.319727	0.319727	0.319727	0.0325658	0	0	0	0	0	0	0	0	0	0	0	0	0	0	0	0	0	0
0	0	0	0	0	0	0	0	0	0	0	0	0	0	0	0	0	0	0	0	0	0	0	0	0	0	0	0	0	0	0	0.0881678	0.226234	0.307341	0.319727	0.319727	0.319727	0.319727	0.319727	0.319727	0.319727	0.319727	0.319727	0.319727	0.319727	0.319361	0.00682505	0	0	0	0	0	0	0	0	0	0	0	0	0	0	0	0	0
0	0	0	0	0	0	0	0	0	0	0	0	0	0	0	0	0	0	0	0	0	0	0	0	0	0	0	0	0.00413689	0.1469	0.260896	0.318029	0.319727	0.319727	0.319727	0.319727	0.319727	0.319727	0.319727	0.319727	0.319727	0.319727	0.319727	0.319727	0.319727	0.319727	0.0473099	0	0	0	0	0	0	0	0	0	0	0	0	0	0	0	0	0
0	0	0	0	0	0	0	0	0	0	0	0	0	0	0	0	0	0	0	0	0	0	0	0	0	0	0.0425436	0.194192	0.290862	0.319727	0.319727	0.319727	0.319727	0.319727	0.319727	0.319727	0.319727	0.319727	0.319727	0.319727	0.319727	0.319727	0.319727	0.319727	0.319727	0.319727	0.319106	0	0	0	0	0	0	0	0	0	0	0	0	0	0	0	0	0
0	0	0	0	0	0	0	0	0	0	0	0	0	0	0	0	0	0	0	0	0	0	0	0	0.0995146	0.233204	0.310161	0.319727	0.319727	0.319727	0.319727	0.319727	0.319727	0.319727	0.319727	0.319727	0.319727	0.319727	0.319727	0.319727	0.319727	0.319727	0.319727	0.319727	0.319727	0.319727	0.319726	0.010647	0	0	0	0	0	0	0	0	0	0	0	0	0	0	0	0
0	0	0	0	0	0	0	0	0	0	0	0	0	0	0	0	0	0	0	0	0	0.00874369	0.156771	0.267004	0.318939	0.319727	0.319727	0.319727	0.319727	0.319727	0.319727	0.319727	0.319727	0.319727	0.319727	0.319727	0.319727	0.319727	0.319727	0.319727	0.319727	0.319727	0.319727	0.319727	0.319727	0.319727	0.319727	0.318973	0	0	0	0	0	0	0	0	0	0	0	0	0	0	0	0
0	0	0	0	0	0	0	0	0	0	0	0	0	0	0	0	0	0	0	0.0526584	0.202108	0.295397	0.319727	0.319727	0.319727	0.319727	0.319727	0.319727	0.319727	0.319727	0.319727	0.319727	0.319727	0.319727	0.319727	0.319727	0.319727	0.319727	0.319727	0.319727	0.319727	0.319727	0.319727	0.319727	0.319727	0.319727	0.319727	0.319362	0.00847163	0	0	0	0	0	0	0	0	0	0	0	0	0	0	0
0	0	0	0	0	0	0	0	0	0	0	0	0	0	0	0	0	0.110886	0.239934	0.312593	0.319727	0.319727	0.319727	0.319727	0.319727	0.319727	0.319727	0.319727	0.319727	0.319727	0.319727	0.319727	0.319727	0.319727	0.319727	0.319727	0.319727	0.319727	0.319727	0.319727	0.319727	0.319727	0.319727	0.319727	0.319727	0.319727	0.319727	0.319727	0.119156	0	0	0	0	0	0	0	0	0	0	0	0	0	0	0
0	0	0	0	0	0	0	0	0	0	0	0	0	0	0.0148405	0.166132	0.272984	0.319504	0.319727	0.319727	0.319727	0.319727	0.319727	0.319727	0.319727	0.319727	0.319727	0.319727	0.319727	0.319727	0.319727	0.319727	0.319727	0.319727	0.319727	0.319727	0.319727	0.319727	0.319727	0.319727	0.319727	0.319727	0.319727	0.319727	0.319727	0.319727	0.319727	0.319727	0.31936	0.00648391	0	0	0	0	0	0	0	0	0	0	0	0	0	0
0	0	0	0	0	0	0	0	0	0	0	0	0.0631889	0.209761	0.299526	0.319727	0.319727	0.319727	0.319727	0.319727	0.319727	0.319727	0.319727	0.319727	0.319727	0.319727	0.319727	0.319727	0.319727	0.319727	0.319727	0.319727	0.319727	0.319727	0.319727	0.319727	0.319727	0.319727	0.319727	0.319727	0.319727	0.319727	0.319727	0.319727	0.319727	0.319727	0.319727	0.319727	0.319727	0.0407345	0	0	0	0	0	0	0	0	0	0	0	0	0	0
0	0	0	0	0	0	0	0	0	0	0.122381	0.24655	0.314668	0.319727	0.319727	0.319727	0.319727	0.319727	0.319727	0.319727	0.319727	0.319727	0.319727	0.319727	0.319727	0.319727	0.319727	0.319727	0.319727	0.319727	0.319727	0.319727	0.319727	0.319727	0.319727	0.319727	0.319727	0.319727	0.319727	0.319727	0.319727	0.319727	0.319727	0.319727	0.319727	0.319727	0.319727	0.319727	0.319727	0.31906	0	0	0	0	0	0	0	0	0	0	0	0	0	0
0	0	0	0	0	0	0	0.0222431	0.175155	0.278844	0.319727	0.319727	0.319727	0.319727	0.319727	0.319727	0.319727	0.319727	0.319727	0.319727	0.319727	0.319727	0.319727	0.319727	0.319727	0.319727	0.319727	0.319727	0.319727	0.319727	0.319727	0.319727	0.319727	0.319727	0.319727	0.319727	0.319727	0.319727	0.319727	0.319727	0.319727	0.319727	0.319727	0.319727	0.319727	0.319727	0.319727	0.319727	0.319727	0.319529	0.0102528	0	0	0	0	0	0	0	0	0	0	0	0	0
0	0	0	0	0	0.0740809	0.217175	0.303224	0.319727	0.319727	0.319727	0.319727	0.319727	0.319727	0.319727	0.319727	0.319727	0.319727	0.319727	0.319727	0.319727	0.319727	0.319727	0.319727	0.319727	0.319727	0.319727	0.319727	0.319727	0.319727	0.319727	0.319727	0.319727	0.319727	0.319727	0.319727	0.319727	0.319727	0.319727	0.319727	0.319727	0.319727	0.319727	0.319727	0.319727	0.319727	0.319727	0.319727	0.319727	0.319727	0.318969	0	0	0	0	0	0	0	0	0	0	0	0	0
0	0	0.000687831	0.133593	0.252953	0.316371	0.319727	0.319727	0.319727	0.319727	0.319727	0.319727	0.319727	0.319727	0.319727	0.319727	0.319727	0.319727	0.319727	0.319727	0.319727	0.319727	0.319727	0.319727	0.319727	0.319727	0.319727	0.319727	0.319727	0.319727	0.319727	0.319727	0.319727	0.319727	0.319727	0.319727	0.319727	0.319727	0.319727	0.319727	0.319727	0.319727	0.319727	0.319727	0.319727	0.319727	0.319727	0.319727	0.319727	0.319727	0.31936	0.00806282	0	0	0	0	0	0	0	0	0	0	0	0
0	0	0.026581	0.319727	0.319727	0.319727	0.319727	0.319727	0.319727	0.319727	0.319727	0.319727	0.319727	0.319727	0.319727	0.319727	0.319727	0.319727	0.319727	0.319727	0.319727	0.319727	0.319727	0.319727	0.319727	0.319727	0.319727	0.319727	0.319727	0.319727	0.319727	0.319727	0.319727	0.319727	0.319727	0.319727	0.319727	0.319727	0.319727	0.319727	0.319727	0.319727	0.319727	0.319727	0.319727	0.319727	0.319727	0.319727	0.319727	0.319727	0.319727	0.0903283	0	0	0	0	0	0	0	0	0	0	0	0
0	0	0	0.280381	0.319727	0.319727	0.319727	0.319727	0.319727	0.319727	0.319727	0.319727	0.319727	0.319727	0.319727	0.319727	0.319727	0.319727	0.319727	0.319727	0.319727	0.319727	0.319727	0.319727	0.319727	0.319727	0.319727	0.319727	0.319727	0.319727	0.319727	0.319727	0.319727	0.319727	0.319727	0.319727	0.319727	0.319727	0.319727	0.319727	0.319727	0.319727	0.319727	0.319727	0.319727	0.319727	0.319727	0.319727	0.319727	0.319727	0.319727	0.319428	0.0113477	0	0	0	0	0	0	0	0	0	0	0
0	0	0	0.177462	0.319727	0.319727	0.319727	0.319727	0.319727	0.319727	0.319727	0.319727	0.319727	0.319727	0.319727	0.319727	0.319727	0.319727	0.319727	0.319727	0.319727	0.319727	0.319727	0.319727	0.319727	0.319727	0.319727	0.319727	0.319727	0.319727	0.319727	0.319727	0.319727	0.319727	0.319727	0.319727	0.319727	0.319727	0.319727	0.319727	0.319727	0.319727	0.319727	0.319727	0.319727	0.319727	0.319727	0.319727	0.319727	0.319727	0.319727	0.319727	0.319404	0.0136071	0	0	0	0	0	0	0	0	0	0
0	0	0	0.024391	0.304154	0.319727	0.319727	0.319727	0.319727	0.319727	0.319727	0.319727	0.319727	0.319727	0.319727	0.319727	0.319727	0.319727	0.319727	0.319727	0.319727	0.319727	0.319727	0.319727	0.319727	0.319727	0.319727	0.319727	0.319727	0.319727	0.319727	0.319727	0.319727	0.319727	0.319727	0.319727	0.319727	0.319727	0.319727	0.319727	0.319727	0.319727	0.319727	0.319727	0.319727	0.319727	0.319727	0.319727	0.319727	0.319727	0.319727	0.319727	0.319727	0.319394	0.0133878	0	0	0	0	0	0	0	0	0
0	0	0	0	0.219125	0.319727	0.319727	0.319727	0.319727	0.319727	0.319727	0.319727	0.319727	0.319727	0.319727	0.319727	0.319727	0.319727	0.319727	0.319727	0.319727	0.319727	0.319727	0.319727	0.319727	0.319727	0.319727	0.319727	0.319727	0.319727	0.319727	0.319727	0.319727	0.319727	0.319727	0.319727	0.319727	0.319727	0.319727	0.319727	0.319727	0.319727	0.319727	0.319727	0.319727	0.319727	0.319727	0.319727	0.319727	0.319727	0.319727	0.319727	0.319727	0.319727	0.319411	0.0105638	0	0	0	0	0	0	0	0
0	0	0	0	0.0770152	0.316765	0.319727	0.319727	0.319727	0.319727	0.319727	0.319727	0.319727	0.319727	0.319727	0.319727	0.319727	0.319727	0.319727	0.319727	0.319727	0.319727	0.319727	0.319727	0.319727	0.319727	0.319727	0.319727	0.319727	0.319727	0.319727	0.319727	0.319727	0.319727	0.319727	0.319727	0.319727	0.319727	0.319727	0.319727	0.319727	0.319727	0.319727	0.319727	0.319727	0.319727	0.319727	0.319727	0.319727	0.319727	0.319727	0.319727	0.319727	0.319727	0.319727	0.319416	0.000386496	0	0	0	0	0	0	0
0	0	0	0	0	0.254651	0.319727	0.319727	0.319727	0.319727	0.319727	0.319727	0.319727	0.319727	0.319727	0.319727	0.319727	0.319727	0.319727	0.319727	0.319727	0.319727	0.319727	0.319727	0.319727	0.319727	0.319727	0.319727	0.319727	0.319727	0.319727	0.319727	0.319727	0.319727	0.319727	0.319727	0.319727	0.319727	0.319727	0.319727	0.319727	0.319727	0.319727	0.319727	0.319727	0.319727	0.319727	0.319727	0.319727	0.319727	0.319727	0.319727	0.319727	0.319727	0.319727	0.319727	0.170654	0	0	0	0	0	0	0
0	0	0	0	0	0.136488	0.319727	0.319727	0.319727	0.319727	0.319727	0.319727	0.319727	0.319727	0.319727	0.319727	0.319727	0.319727	0.319727	0.319727	0.319727	0.319727	0.319727	0.319727	0.319727	0.319727	0.319727	0.319727	0.319727	0.319727	0.319727	0.319727	0.319727	0.319727	0.319727	0.319727	0.319727	0.319727	0.319727	0.319727	0.319727	0.319727	0.319727	0.319727	0.319727	0.319727	0.319727	0.319727	0.319727	0.319727	0.319727	0.319727	0.319727	0.319727	0.319727	0.319727	0.27624	0	0	0	0	0	0	0
0	0	0	0	0	0.00117416	0.285848	0.319727	0.319727	0.319727	0.319727	0.319727	0.319727	0.319727	0.319727	0.319727	0.319727	0.319727	0.319727	0.319727	0.319727	0.319727	0.319727	0.319727	0.319727	0.319727	0.319727	0.319727	0.319727	0.319727	0.319727	0.319727	0.319727	0.319727	0.319727	0.319727	0.319727	0.319727	0.319727	0.319727	0.319727	0.319727	0.319727	0.319727	0.319727	0.319727	0.319727	0.319727	0.319727	0.319727	0.319727	0.319727	0.319727	0.319727	0.319727	0.319727	0.319263	0.0749407	0	0	0	0	0	0
0	0	0	0	0	0	0.185987	0.319727	0.319727	0.319727	0.319727	0.319727	0.319727	0.319727	0.319727	0.319727	0.319727	0.319727	0.319727	0.319727	0.319727	0.319727	0.319727	0.319727	0.319727	0.319727	0.319727	0.319727	0.319727	0.319727	0.319727	0.319727	0.319727	0.319727	0.319727	0.319727	0.319727	0.319727	0.319727	0.319727	0.319727	0.319727	0.319727	0.319727	0.319727	0.319727	0.319727	0.319727	0.319727	0.319727	0.319727	0.319727	0.319727	0.319727	0.319727	0.319727	0.319727	0.170118	0	0	0	0	0	0
0	0	0	0	0	0	0.0330825	0.307341	0.319727	0.319727	0.319727	0.319727	0.319727	0.319727	0.319727	0.319727	0.319727	0.319727	0.319727	0.319727	0.319727	0.319727	0.319727	0.319727	0.319727	0.319727	0.319727	0.319727	0.319727	0.319727	0.319727	0.319727	0.319727	0.319727	0.319727	0.319727	0.319727	0.319727	0.319727	0.319727	0.319727	0.319727	0.319727	0.319727	0.319727	0.319727	0.319727	0.319727	0.319727	0.319727	0.319727	0.319727	0.319727	0.319727	0.319727	0.319727	0.319727	0.214991	0	0	0	0	0	0
0	0	0	0	0	0	0	0.226234	0.319727	0.319727	0.319727	0.319727	0.319727	0.319727	0.319727	0.319727	0.319727	0.319727	0.319727	0.319727	0.319727	0.319727	0.319727	0.319727	0.319727	0.319727	0.319727	0.319727	0.319727	0.319727	0.319727	0.319727	0.319727	0.319727	0.319727	0.319727	0.319727	0.319727	0.319727	0.319727	0.319727	0.319727	0.319727	0.319727	0.319727	0.319727	0.319727	0.319727	0.319727	0.319727	0.319727	0.319727	0.319727	0.319727	0.319727	0.319727	0.319727	0.229713	0	0	0	0	0	0
0	0	0	0	0	0	0	0.0881678	0.318029	0.319727	0.319727	0.319727	0.319727	0.319727	0.319727	0.319727	0.319727	0.319727	0.319727	0.319727	0.319727	0.319727	0.319727	0.319727	0.319727	0.319727	0.319727	0.319727	0.319727	0.319727	0.319727	0.319727	0.319727	0.319727	0.319727	0.319727	0.319727	0.319727	0.319727	0.319727	0.319727	0.319727	0.319727	0.319727	0.319727	0.319727	0.319727	0.319727	0.319727	0.319727	0.319727	0.319727	0.319727	0.319727	0.319727	0.319727	0.319727	0.238995	0	0	0	0	0	0
0	0	0	0	0	0	0	0	0.260896	0.319727	0.319727	0.319727	0.319727	0.319727	0.319727	0.319727	0.319727	0.319727	0.319727	0.319727	0.319727	0.319727	0.319727	0.319727	0.319727	0.319727	0.319727	0.319727	0.319727	0.319727	0.319727	0.319727	0.319727	0.319727	0.319727	0.319727	0.319727	0.319727	0.319727	0.319727	0.319727	0.319727	0.319727	0.319727	0.319727	0.319727	0.319727	0.319727	0.319727	0.319727	0.319727	0.319727	0.319727	0.319727	0.319727	0.319727	0.319727	0.214991	0	0	0	0	0	0
0	0	0	0	0	0	0	0	0.1469	0.319727	0.319727	0.319727	0.319727	0.319727	0.319727	0.319727	0.319727	0.319727	0.319727	0.319727	0.319727	0.319727	0.319727	0.319727	0.319727	0.319727	0.319727	0.319727	0.319727	0.319727	0.319727	0.319727	0.319727	0.319727	0.319727	0.319727	0.319727	0.319727	0.319727	0.319727	0.319727	0.319727	0.319727	0.319727	0.319727	0.319727	0.319727	0.319727	0.319727	0.319727	0.319727	0.319727	0.319727	0.319727	0.319727	0.319727	0.319727	0.220937	0	0	0	0	0	0
0	0	0	0	0	0	0	0	0.00413689	0.290862	0.319727	0.319727	0.319727	0.319727	0.319727	0.319727	0.319727	0.319727	0.319727	0.319727	0.319727	0.319727	0.319727	0.319727	0.319727	0.319727	0.319727	0.319727	0.319727	0.319727	0.319727	0.319727	0.319727	0.319727	0.319727	0.319727	0.319727	0.319727	0.319727	0.319727	0.319727	0.319727	0.319727	0.319727	0.319727	0.319727	0.319727	0.319727	0.319727	0.319727	0.319727	0.319727	0.319727	0.319727	0.319727	0.319727	0.319727	0.285848	0.00117416	0	0	0	0	0
0	0	0	0	0	0	0	0	0	0.194192	0.319727	0.319727	0.319727	0.319727	0.319727	0.319727	0.319727	0.319727	0.319727	0.319727	0.319727	0.319727	0.319727	0.319727	0.319727	0.319727	0.319727	0.319727	0.319727	0.319727	0.319727	0.319727	0.319727	0.319727	0.319727	0.319727	0.319727	0.319727	0.319727	0.319727	0.319727	0.319727	0.319727	0.319727	0.319727	0.319727	0.319727	0.319727	0.319727	0.319727	0.319727	0.319727	0.319727	0.319727	0.319727	0.319727	0.319727	0.319727	0.136488	0	0	0	0	0
0	0	0	0	0	0	0	0	0	0.0425436	0.310161	0.319727	0.319727	0.319727	0.319727	0.319727	0.319727	0.319727	0.319727	0.319727	0.319727	0.319727	0.319727	0.319727	0.319727	0.319727	0.319727	0.319727	0.319727	0.319727	0.319727	0.319727	0.319727	0.319727	0.319727	0.319727	0.319727	0.319727	0.319727	0.319727	0.319727	0.319727	0.319727	0.319727	0.319727	0.319727	0.319727	0.319727	0.319727	0.319727	0.319727	0.319727	0.319727	0.319727	0.319727	0.319727	0.319727	0.319727	0.254651	0	0	0	0	0
0	0	0	0	0	0	0	0	0	0	0.233204	0.319727	0.319727	0.319727	0.319727	0.319727	0.319727	0.319727	0.319727	0.319727	0.319727	0.319727	0.319727	0.319727	0.319727	0.319727	0.319727	0.319727	0.319727	0.319727	0.319727	0.319727	0.319727	0.319727	0.319727	0.319727	0.319727	0.319727	0.319727	0.319727	0.319727	0.319727	0.319727	0.319727	0.319727	0.319727	0.319727	0.319727	0.319727	0.319727	0.319727	0.319727	0.319727	0.319727	0.319727	0.319727	0.319727	0.319727	0.316765	0.0770152	0	0	0	0
0	0	0	0	0	0	0	0	0	0	0.0995146	0.318939	0.319727	0.319727	0.319727	0.319727	0.319727	0.319727	0.319727	0.319727	0.319727	0.319727	0.319727	0.319727	0.319727	0.319727	0.319727	0.319727	0.319727	0.319727	0.319727	0.319727	0.319727	0.319727	0.319727	0.319727	0.319727	0.319727	0.319727	0.319727	0.319727	0.319727	0.319727	0.319727	0.319727	0.319727	0.319727	0.319727	0.319727	0.319727	0.319727	0.319727	0.319727	0.319727	0.319727	0.319727	0.319727	0.319727	0.319727	0.219125	0	0	0	0
0	0	0	0	0	0	0	0	0	0	0	0.267004	0.319727	0.319727	0.319727	0.319727	0.319727	0.319727	0.319727	0.319727	0.319727	0.319727	0.319727	0.319727	0.319727	0.319727	0.319727	0.319727	0.319727	0.319727	0.319727	0.319727	0.319727	0.319727	0.319727	0.319727	0.319727	0.319727	0.319727	0.319727	0.319727	0.319727	0.319727	0.319727	0.319727	0.319727	0.319727	0.319727	0.319727	0.319727	0.319727	0.319727	0.319727	0.319727	0.319727	0.319727	0.319727	0.319727	0.319727	0.304154	0.024391	0	0	0
0	0	0	0	0	0	0	0	0	0	0	0.156771	0.319727	0.319727	0.319727	0.319727	0.319727	0.319727	0.319727	0.319727	0.319727	0.319727	0.319727	0.319727	0.319727	0.319727	0.319727	0.319727	0.319727	0.319727	0.319727	0.319727	0.319727	0.319727	0.319727	0.319727	0.319727	0.319727	0.319727	0.319727	0.319727	0.319727	0.319727	0.319727	0.319727	0.319727	0.319727	0.319727	0.319727	0.319727	0.319727	0.319727	0.319727	0.319727	0.319727	0.319727	0.319727	0.319727	0.319727	0.319727	0.177462	0	0	0
0	0	0	0	0	0	0	0	0	0	0	0.00874369	0.295397	0.319727	0.319727	0.319727	0.319727	0.319727	0.319727	0.319727	0.319727	0.319727	0.319727	0.319727	0.319727	0.319727	0.319727	0.319727	0.319727	0.319727	0.319727	0.319727	0.319727	0.319727	0.319727	0.319727	0.319727	0.319727	0.319727	0.319727	0.319727	0.319727	0.319727	0.319727	0.319727	0.319727	0.319727	0.319727	0.319727	0.319727	0.319727	0.319727	0.319727	0.319727	0.319727	0.319727	0.319727	0.319727	0.319727	0.319727	0.280381	0	0	0
0	0	0	0	0	0	0	0	0	0	0	0	0.202108	0.319727	0.319727	0.319727	0.319727	0.319727	0.319727	0.319727	0.319727	0.319727	0.319727	0.319727	0.319727	0.319727	0.319727	0.319727	0.319727	0.319727	0.319727	0.319727	0.319727	0.319727	0.319727	0.319727	0.319727	0.319727	0.319727	0.319727	0.319727	0.319727	0.319727	0.319727	0.319727	0.319727	0.319727	0.319727	0.319727	0.319727	0.319727	0.319727	0.319727	0.319727	0.319727	0.319727	0.319727	0.319727	0.319727	0.319727	0.319727	0.026581	0	0
0	0	0	0	0	0	0	0	0	0	0	0	0.0526584	0.312593	0.319727	0.319727	0.319727	0.319727	0.319727	0.319727	0.319727	0.319727	0.319727	0.319727	0.319727	0.319727	0.319727	0.319727	0.319727	0.319727	0.319727	0.319727	0.319727	0.319727	0.319727	0.319727	0.319727	0.319727	0.319727	0.319727	0.319727	0.319727	0.319727	0.319727	0.319727	0.319727	0.319727	0.319727	0.319727	0.319727	0.319727	0.319727	0.319727	0.319727	0.319727	0.319727	0.319727	0.319727	0.316371	0.252953	0.133593	0.000687831	0	0
0	0	0	0	0	0	0	0	0	0	0	0	0	0.239934	0.319727	0.319727	0.319727	0.319727	0.319727	0.319727	0.319727	0.319727	0.319727	0.319727	0.319727	0.319727	0.319727	0.319727	0.319727	0.319727	0.319727	0.319727	0.319727	0.319727	0.319727	0.319727	0.319727	0.319727	0.319727	0.319727	0.319727	0.319727	0.319727	0.319727	0.319727	0.319727	0.319727	0.319727	0.319727	0.319727	0.319727	0.319727	0.319727	0.319727	0.319727	0.319727	0.303224	0.217175	0.0740809	0	0	0	0	0
0	0	0	0	0	0	0	0	0	0	0	0	0	0.110886	0.319504	0.319727	0.319727	0.319727	0.319727	0.319727	0.319727	0.319727	0.319727	0.319727	0.319727	0.319727	0.319727	0.319727	0.319727	0.319727	0.319727	0.319727	0.319727	0.319727	0.319727	0.319727	0.319727	0.319727	0.319727	0.319727	0.319727	0.319727	0.319727	0.319727	0.319727	0.319727	0.319727	0.319727	0.319727	0.319727	0.319727	0.319727	0.319727	0.319727	0.278844	0.175155	0.0222431	0	0	0	0	0	0	0
0	0	0	0	0	0	0	0	0	0	0	0	0	0	0.272984	0.319727	0.319727	0.319727	0.319727	0.319727	0.319727	0.319727	0.319727	0.319727	0.319727	0.319727	0.319727	0.319727	0.319727	0.319727	0.319727	0.319727	0.319727	0.319727	0.319727	0.319727	0.319727	0.319727	0.319727	0.319727	0.319727	0.319727	0.319727	0.319727	0.319727	0.319727	0.319727	0.319727	0.319727	0.319727	0.319727	0.314668	0.24655	0.122381	0	0	0	0	0	0	0	0	0	0
0	0	0	0	0	0	0	0	0	0	0	0	0	0	0.166132	0.319727	0.319727	0.319727	0.319727	0.319727	0.319727	0.319727	0.319727	0.319727	0.319727	0.319727	0.319727	0.319727	0.319727	0.319727	0.319727	0.319727	0.319727	0.319727	0.319727	0.319727	0.319727	0.319727	0.319727	0.319727	0.319727	0.319727	0.319727	0.319727	0.319727	0.319727	0.319727	0.319727	0.319727	0.299526	0.209761	0.0631889	0	0	0	0	0	0	0	0	0	0	0	0
0	0	0	0	0	0	0	0	0	0	0	0	0	0	0.0148405	0.299526	0.319727	0.319727	0.319727	0.319727	0.319727	0.319727	0.319727	0.319727	0.319727	0.319727	0.319727	0.319727	0.319727	0.319727	0.319727	0.319727	0.319727	0.319727	0.319727	0.319727	0.319727	0.319727	0.319727	0.319727	0.319727	0.319727	0.319727	0.319727	0.319727	0.319727	0.319504	0.272984	0.166132	0.0148405	0	0	0	0	0	0	0	0	0	0	0	0	0	0
0	0	0	0	0	0	0	0	0	0	0	0	0	0	0	0.209761	0.319727	0.319727	0.319727	0.319727	0.319727	0.319727	0.319727	0.319727	0.319727	0.319727	0.319727	0.319727	0.319727	0.319727	0.319727	0.319727	0.319727	0.319727	0.319727	0.319727	0.319727	0.319727	0.319727	0.319727	0.319727	0.319727	0.319727	0.319727	0.312593	0.239934	0.110886	0	0	0	0	0	0	0	0	0	0	0	0	0	0	0	0	0
0	0	0	0	0	0	0	0	0	0	0	0	0	0	0	0.0631889	0.314668	0.319727	0.319727	0.319727	0.319727	0.319727	0.319727	0.319727	0.319727	0.319727	0.319727	0.319727	0.319727	0.319727	0.319727	0.319727	0.319727	0.319727	0.319727	0.319727	0.319727	0.319727	0.319727	0.319727	0.319727	0.319727	0.295397	0.202108	0.0526584	0	0	0	0	0	0	0	0	0	0	0	0	0	0	0	0	0	0	0
0	0	0	0	0	0	0	0	0	0	0	0	0	0	0	0	0.24655	0.319727	0.319727	0.319727	0.319727	0.319727	0.319727	0.319727	0.319727	0.319727	0.319727	0.319727	0.319727	0.319727	0.319727	0.319727	0.319727	0.319727	0.319727	0.319727	0.319727	0.319727	0.319727	0.318939	0.267004	0.156771	0.00874369	0	0	0	0	0	0	0	0	0	0	0	0	0	0	0	0	0	0	0	0	0
0	0	0	0	0	0	0	0	0	0	0	0	0	0	0	0	0.122381	0.319727	0.319727	0.319727	0.319727	0.319727	0.319727	0.319727	0.319727	0.319727	0.319727	0.319727	0.319727	0.319727	0.319727	0.319727	0.319727	0.319727	0.319727	0.319727	0.319727	0.310161	0.233204	0.0995146	0	0	0	0	0	0	0	0	0	0	0	0	0	0	0	0	0	0	0	0	0	0	0	0
0	0	0	0	0	0	0	0	0	0	0	0	0	0	0	0	0	0.278844	0.319727	0.319727	0.319727	0.319727	0.319727	0.319727	0.319727	0.319727	0.319727	0.319727	0.319727	0.319727	0.319727	0.319727	0.319727	0.319727	0.319727	0.290862	0.194192	0.0425436	0	0	0	0	0	0	0	0	0	0	0	0	0	0	0	0	0	0	0	0	0	0	0	0	0	0
0	0	0	0	0	0	0	0	0	0	0	0	0	0	0	0	0	0.175155	0.319727	0.319727	0.319727	0.319727	0.319727	0.319727	0.319727	0.319727	0.319727	0.319727	0.319727	0.319727	0.319727	0.319727	0.318029	0.260896	0.1469	0.00413689	0	0	0	0	0	0	0	0	0	0	0	0	0	0	0	0	0	0	0	0	0	0	0	0	0	0	0	0
0	0	0	0	0	0	0	0	0	0	0	0	0	0	0	0	0	0.0222431	0.303224	0.319727	0.319727	0.319727	0.319727	0.319727	0.319727	0.319727	0.319727	0.319727	0.319727	0.319727	0.307341	0.226234	0.0881678	0	0	0	0	0	0	0	0	0	0	0	0	0	0	0	0	0	0	0	0	0	0	0	0	0	0	0	0	0	0	0
0	0	0	0	0	0	0	0	0	0	0	0	0	0	0	0	0	0	0.217175	0.319727	0.319727	0.319727	0.319727	0.319727	0.319727	0.319727	0.319727	0.319727	0.285848	0.185987	0.0330825	0	0	0	0	0	0	0	0	0	0	0	0	0	0	0	0	0	0	0	0	0	0	0	0	0	0	0	0	0	0	0	0	0
0	0	0	0	0	0	0	0	0	0	0	0	0	0	0	0	0	0	0.0740809	0.316371	0.319727	0.319727	0.319727	0.319727	0.319727	0.316765	0.254651	0.136488	0.00117416	0	0	0	0	0	0	0	0	0	0	0	0	0	0	0	0	0	0	0	0	0	0	0	0	0	0	0	0	0	0	0	0	0	0	0
0	0	0	0	0	0	0	0	0	0	0	0	0	0	0	0	0	0	0	0.252953	0.319727	0.319727	0.319727	0.304154	0.219125	0.0770152	0	0	0	0	0	0	0	0	0	0	0	0	0	0	0	0	0	0	0	0	0	0	0	0	0	0	0	0	0	0	0	0	0	0	0	0	0	0
0	0	0	0	0	0	0	0	0	0	0	0	0	0	0	0	0	0	0	0.133593	0.319727	0.280381	0.177462	0.024391	0	0	0	0	0	0	0	0	0	0	0	0	0	0	0	0	0	0	0	0	0	0	0	0	0	0	0	0	0	0	0	0	0	0	0	0	0	0	0	0
0	0	0	0	0	0	0	0	0	0	0	0	0	0	0	0	0	0	0	0.000687831	0.026581	0	0	0	0	0	0	0	0	0	0	0	0	0	0	0	0	0	0	0	0	0	0	0	0	0	0	0	0	0	0	0	0	0	0	0	0	0	0	0	0	0	0	0
0	0	0	0	0	0	0	0	0	0	0	0	0	0	0	0	0	0	0	0	0	0	0	0	0	0	0	0	0	0	0	0	0	0	0	0	0	0	0	0	0	0	0	0	0	0	0	0	0	0	0	0	0	0	0	0	0	0	0	0	0	0	0	0
0	0	0	0	0	0	0	0	0	0	0	0	0	0	0	0	0	0	0	0	0	0	0	0	0	0	0	0	0	0	0	0	0	0	0	0	0	0	0	0	0	0	0	0	0	0	0	0	0	0	0	0	0	0	0	0	0	0	0	0	0	0	0	0
