0	0	0	0	0	0	0	0	0	0	0	0	0	0	0	0	0	0	0	0	0	0	0	0	0	0	0	0	0	0	0	0	0	0	0	0	0	0	0	0	0	0	0	0	0	0	0	0	0	0	0	0	0	0	0	0	0	0	0	0	0	0	0	0
0	0	0	0	0	0	0	0	0	0	0	0	0	0	0	0	0	0	0	0	0	0	0	0	0	0	0	0	0	0	0	0	0	0	0	0	0	0	0	0	0	0	0	0	0	0	0	0	0	0	0	0	0	0	0	0	0	0	0	0	0	0	0	0
0	0	0	0	0	0	0	0	0	0	0	0	0	0	0	0	0	0	0	0	0	0	0	0	0	0	0	0	0	0	0	0	0	0	0	0	0	0	0	0	0	0	0	0.0502628	0.00130159	0	0	0	0	0	0	0	0	0	0	0	0	0	0	0	0	0	0	0
0	0	0	0	0	0	0	0	0	0	0	0	0	0	0	0	0	0	0	0	0	0	0	0	0	0	0	0	0	0	0	0	0	0	0	0	0	0	0	0	0.0461263	0.332468	0.523586	0.596617	0.250842	0	0	0	0	0	0	0	0	0	0	0	0	0	0	0	0	0	0	0
0	0	0	0	0	0	0	0	0	0	0	0	0	0	0	0	0	0	0	0	0	0	0	0	0	0	0	0	0	0	0	0	0	0	0	0	0	0	0.14515	0.409868	0.567712	0.596617	0.596617	0.596617	0.472673	0	0	0	0	0	0	0	0	0	0	0	0	0	0	0	0	0	0	0
0	0	0	0	0	0	0	0	0	0	0	0	0	0	0	0	0	0	0	0	0	0	0	0	0	0	0	0	0	0	0	0	0	0	0	0.00222187	0.256233	0.475826	0.591119	0.596617	0.596617	0.596617	0.596617	0.596617	0.590388	0.139649	0	0	0	0	0	0	0	0	0	0	0	0	0	0	0	0	0	0
0	0	0	0	0	0	0	0	0	0	0	0	0	0	0	0	0	0	0	0	0	0	0	0	0	0	0	0	0	0	0	0	0	0.0625352	0.348313	0.533732	0.596617	0.596617	0.596617	0.596617	0.596617	0.596617	0.596617	0.596617	0.596617	0.0568135	0	0	0	0	0	0	0	0	0	0	0	0	0	0	0	0	0	0
0	0	0	0	0	0	0	0	0	0	0	0	0	0	0	0	0	0	0	0	0	0	0	0	0	0	0	0	0	0	0	0.166037	0.423068	0.573627	0.596617	0.596617	0.596617	0.596617	0.596617	0.596617	0.596617	0.596617	0.596617	0.596617	0.596617	0.595937	0.0116797	0	0	0	0	0	0	0	0	0	0	0	0	0	0	0	0	0
0	0	0	0	0	0	0	0	0	0	0	0	0	0	0	0	0	0	0	0	0	0	0	0	0	0	0	0	0.00782811	0.275622	0.487417	0.593466	0.596617	0.596617	0.596617	0.596617	0.596617	0.596617	0.596617	0.596617	0.596617	0.596617	0.596617	0.596617	0.596617	0.596617	0.0831907	0	0	0	0	0	0	0	0	0	0	0	0	0	0	0	0	0
0	0	0	0	0	0	0	0	0	0	0	0	0	0	0	0	0	0	0	0	0	0	0	0	0	0	0.0803738	0.363558	0.54304	0.596617	0.596617	0.596617	0.596617	0.596617	0.596617	0.596617	0.596617	0.596617	0.596617	0.596617	0.596617	0.596617	0.596617	0.596617	0.596617	0.596617	0.595464	0	0	0	0	0	0	0	0	0	0	0	0	0	0	0	0	0
0	0	0	0	0	0	0	0	0	0	0	0	0	0	0	0	0	0	0	0	0	0	0	0	0.187258	0.436011	0.578861	0.596617	0.596617	0.596617	0.596617	0.596617	0.596617	0.596617	0.596617	0.596617	0.596617	0.596617	0.596617	0.596617	0.596617	0.596617	0.596617	0.596617	0.596617	0.596617	0.596615	0.018281	0	0	0	0	0	0	0	0	0	0	0	0	0	0	0	0
0	0	0	0	0	0	0	0	0	0	0	0	0	0	0	0	0	0	0	0	0	0.0165442	0.293991	0.498755	0.595154	0.596617	0.596617	0.596617	0.596617	0.596617	0.596617	0.596617	0.596617	0.596617	0.596617	0.596617	0.596617	0.596617	0.596617	0.596617	0.596617	0.596617	0.596617	0.596617	0.596617	0.596617	0.596617	0.595218	0	0	0	0	0	0	0	0	0	0	0	0	0	0	0	0
0	0	0	0	0	0	0	0	0	0	0	0	0	0	0	0	0	0	0	0.0994163	0.378264	0.551457	0.596617	0.596617	0.596617	0.596617	0.596617	0.596617	0.596617	0.596617	0.596617	0.596617	0.596617	0.596617	0.596617	0.596617	0.596617	0.596617	0.596617	0.596617	0.596617	0.596617	0.596617	0.596617	0.596617	0.596617	0.596617	0.595939	0.0145189	0	0	0	0	0	0	0	0	0	0	0	0	0	0	0
0	0	0	0	0	0	0	0	0	0	0	0	0	0	0	0	0	0.208497	0.448504	0.583376	0.596617	0.596617	0.596617	0.596617	0.596617	0.596617	0.596617	0.596617	0.596617	0.596617	0.596617	0.596617	0.596617	0.596617	0.596617	0.596617	0.596617	0.596617	0.596617	0.596617	0.596617	0.596617	0.596617	0.596617	0.596617	0.596617	0.596617	0.596617	0.215382	0	0	0	0	0	0	0	0	0	0	0	0	0	0	0
0	0	0	0	0	0	0	0	0	0	0	0	0	0	0.0280757	0.311402	0.509856	0.596203	0.596617	0.596617	0.596617	0.596617	0.596617	0.596617	0.596617	0.596617	0.596617	0.596617	0.596617	0.596617	0.596617	0.596617	0.596617	0.596617	0.596617	0.596617	0.596617	0.596617	0.596617	0.596617	0.596617	0.596617	0.596617	0.596617	0.596617	0.596617	0.596617	0.596617	0.595936	0.0110925	0	0	0	0	0	0	0	0	0	0	0	0	0	0
0	0	0	0	0	0	0	0	0	0	0	0	0.11921	0.392479	0.559122	0.596617	0.596617	0.596617	0.596617	0.596617	0.596617	0.596617	0.596617	0.596617	0.596617	0.596617	0.596617	0.596617	0.596617	0.596617	0.596617	0.596617	0.596617	0.596617	0.596617	0.596617	0.596617	0.596617	0.596617	0.596617	0.596617	0.596617	0.596617	0.596617	0.596617	0.596617	0.596617	0.596617	0.596617	0.0713802	0	0	0	0	0	0	0	0	0	0	0	0	0	0
0	0	0	0	0	0	0	0	0	0	0.229943	0.460787	0.587227	0.596617	0.596617	0.596617	0.596617	0.596617	0.596617	0.596617	0.596617	0.596617	0.596617	0.596617	0.596617	0.596617	0.596617	0.596617	0.596617	0.596617	0.596617	0.596617	0.596617	0.596617	0.596617	0.596617	0.596617	0.596617	0.596617	0.596617	0.596617	0.596617	0.596617	0.596617	0.596617	0.596617	0.596617	0.596617	0.596617	0.595379	0	0	0	0	0	0	0	0	0	0	0	0	0	0
0	0	0	0	0	0	0	0.0420685	0.328179	0.520732	0.596617	0.596617	0.596617	0.596617	0.596617	0.596617	0.596617	0.596617	0.596617	0.596617	0.596617	0.596617	0.596617	0.596617	0.596617	0.596617	0.596617	0.596617	0.596617	0.596617	0.596617	0.596617	0.596617	0.596617	0.596617	0.596617	0.596617	0.596617	0.596617	0.596617	0.596617	0.596617	0.596617	0.596617	0.596617	0.596617	0.596617	0.596617	0.596617	0.59625	0.0175983	0	0	0	0	0	0	0	0	0	0	0	0	0
0	0	0	0	0	0.139649	0.406248	0.565985	0.596617	0.596617	0.596617	0.596617	0.596617	0.596617	0.596617	0.596617	0.596617	0.596617	0.596617	0.596617	0.596617	0.596617	0.596617	0.596617	0.596617	0.596617	0.596617	0.596617	0.596617	0.596617	0.596617	0.596617	0.596617	0.596617	0.596617	0.596617	0.596617	0.596617	0.596617	0.596617	0.596617	0.596617	0.596617	0.596617	0.596617	0.596617	0.596617	0.596617	0.596617	0.596617	0.59521	0	0	0	0	0	0	0	0	0	0	0	0	0
0	0	0.00130159	0.250842	0.472673	0.590388	0.596617	0.596617	0.596617	0.596617	0.596617	0.596617	0.596617	0.596617	0.596617	0.596617	0.596617	0.596617	0.596617	0.596617	0.596617	0.596617	0.596617	0.596617	0.596617	0.596617	0.596617	0.596617	0.596617	0.596617	0.596617	0.596617	0.596617	0.596617	0.596617	0.596617	0.596617	0.596617	0.596617	0.596617	0.596617	0.596617	0.596617	0.596617	0.596617	0.596617	0.596617	0.596617	0.596617	0.596617	0.595936	0.0138133	0	0	0	0	0	0	0	0	0	0	0	0
0	0	0.0502628	0.596617	0.596617	0.596617	0.596617	0.596617	0.596617	0.596617	0.596617	0.596617	0.596617	0.596617	0.596617	0.596617	0.596617	0.596617	0.596617	0.596617	0.596617	0.596617	0.596617	0.596617	0.596617	0.596617	0.596617	0.596617	0.596617	0.596617	0.596617	0.596617	0.596617	0.596617	0.596617	0.596617	0.596617	0.596617	0.596617	0.596617	0.596617	0.596617	0.596617	0.596617	0.596617	0.596617	0.596617	0.596617	0.596617	0.596617	0.596617	0.161762	0	0	0	0	0	0	0	0	0	0	0	0
0	0	0	0.523586	0.596617	0.596617	0.596617	0.596617	0.596617	0.596617	0.596617	0.596617	0.596617	0.596617	0.596617	0.596617	0.596617	0.596617	0.596617	0.596617	0.596617	0.596617	0.596617	0.596617	0.596617	0.596617	0.596617	0.596617	0.596617	0.596617	0.596617	0.596617	0.596617	0.596617	0.596617	0.596617	0.596617	0.596617	0.596617	0.596617	0.596617	0.596617	0.596617	0.596617	0.596617	0.596617	0.596617	0.596617	0.596617	0.596617	0.596617	0.596063	0.0194963	0	0	0	0	0	0	0	0	0	0	0
0	0	0	0.332468	0.596617	0.596617	0.596617	0.596617	0.596617	0.596617	0.596617	0.596617	0.596617	0.596617	0.596617	0.596617	0.596617	0.596617	0.596617	0.596617	0.596617	0.596617	0.596617	0.596617	0.596617	0.596617	0.596617	0.596617	0.596617	0.596617	0.596617	0.596617	0.596617	0.596617	0.596617	0.596617	0.596617	0.596617	0.596617	0.596617	0.596617	0.596617	0.596617	0.596617	0.596617	0.596617	0.596617	0.596617	0.596617	0.596617	0.596617	0.596617	0.596018	0.0234208	0	0	0	0	0	0	0	0	0	0
0	0	0	0.0461263	0.567712	0.596617	0.596617	0.596617	0.596617	0.596617	0.596617	0.596617	0.596617	0.596617	0.596617	0.596617	0.596617	0.596617	0.596617	0.596617	0.596617	0.596617	0.596617	0.596617	0.596617	0.596617	0.596617	0.596617	0.596617	0.596617	0.596617	0.596617	0.596617	0.596617	0.596617	0.596617	0.596617	0.596617	0.596617	0.596617	0.596617	0.596617	0.596617	0.596617	0.596617	0.596617	0.596617	0.596617	0.596617	0.596617	0.596617	0.596617	0.596617	0.595998	0.0230394	0	0	0	0	0	0	0	0	0
0	0	0	0	0.409868	0.596617	0.596617	0.596617	0.596617	0.596617	0.596617	0.596617	0.596617	0.596617	0.596617	0.596617	0.596617	0.596617	0.596617	0.596617	0.596617	0.596617	0.596617	0.596617	0.596617	0.596617	0.596617	0.596617	0.596617	0.596617	0.596617	0.596617	0.596617	0.596617	0.596617	0.596617	0.596617	0.596617	0.596617	0.596617	0.596617	0.596617	0.596617	0.596617	0.596617	0.596617	0.596617	0.596617	0.596617	0.596617	0.596617	0.596617	0.596617	0.596617	0.59603	0.0181377	0	0	0	0	0	0	0	0
0	0	0	0	0.14515	0.591119	0.596617	0.596617	0.596617	0.596617	0.596617	0.596617	0.596617	0.596617	0.596617	0.596617	0.596617	0.596617	0.596617	0.596617	0.596617	0.596617	0.596617	0.596617	0.596617	0.596617	0.596617	0.596617	0.596617	0.596617	0.596617	0.596617	0.596617	0.596617	0.596617	0.596617	0.596617	0.596617	0.596617	0.596617	0.596617	0.596617	0.596617	0.596617	0.596617	0.596617	0.596617	0.596617	0.596617	0.596617	0.596617	0.596617	0.596617	0.596617	0.596617	0.596039	0.00071395	0	0	0	0	0	0	0
0	0	0	0	0	0.475826	0.596617	0.596617	0.596617	0.596617	0.596617	0.596617	0.596617	0.596617	0.596617	0.596617	0.596617	0.596617	0.596617	0.596617	0.596617	0.596617	0.596617	0.596617	0.596617	0.596617	0.596617	0.596617	0.596617	0.596617	0.596617	0.596617	0.596617	0.596617	0.596617	0.596617	0.596617	0.596617	0.596617	0.596617	0.596617	0.596617	0.596617	0.596617	0.596617	0.596617	0.596617	0.596617	0.596617	0.596617	0.596617	0.596617	0.596617	0.596617	0.596617	0.596617	0.319812	0	0	0	0	0	0	0
0	0	0	0	0	0.256233	0.596617	0.596617	0.596617	0.596617	0.596617	0.596617	0.596617	0.596617	0.596617	0.596617	0.596617	0.596617	0.596617	0.596617	0.596617	0.596617	0.596617	0.596617	0.596617	0.596617	0.596617	0.596617	0.596617	0.596617	0.596617	0.596617	0.596617	0.596617	0.596617	0.596617	0.596617	0.596617	0.596617	0.596617	0.596617	0.596617	0.596617	0.596617	0.596617	0.596617	0.596617	0.596617	0.596617	0.596617	0.596617	0.596617	0.596617	0.596617	0.596617	0.596617	0.515899	0	0	0	0	0	0	0
0	0	0	0	0	0.00222187	0.533732	0.596617	0.596617	0.596617	0.596617	0.596617	0.596617	0.596617	0.596617	0.596617	0.596617	0.596617	0.596617	0.596617	0.596617	0.596617	0.596617	0.596617	0.596617	0.596617	0.596617	0.596617	0.596617	0.596617	0.596617	0.596617	0.596617	0.596617	0.596617	0.596617	0.596617	0.596617	0.596617	0.596617	0.596617	0.596617	0.596617	0.596617	0.596617	0.596617	0.596617	0.596617	0.596617	0.596617	0.596617	0.596617	0.596617	0.596617	0.596617	0.596617	0.595755	0.141261	0	0	0	0	0	0
0	0	0	0	0	0	0.348313	0.596617	0.596617	0.596617	0.596617	0.596617	0.596617	0.596617	0.596617	0.596617	0.596617	0.596617	0.596617	0.596617	0.596617	0.596617	0.596617	0.596617	0.596617	0.596617	0.596617	0.596617	0.596617	0.596617	0.596617	0.596617	0.596617	0.596617	0.596617	0.596617	0.596617	0.596617	0.596617	0.596617	0.596617	0.596617	0.596617	0.596617	0.596617	0.596617	0.596617	0.596617	0.596617	0.596617	0.596617	0.596617	0.596617	0.596617	0.596617	0.596617	0.596617	0.318815	0	0	0	0	0	0
0	0	0	0	0	0	0.0625352	0.573627	0.596617	0.596617	0.596617	0.596617	0.596617	0.596617	0.596617	0.596617	0.596617	0.596617	0.596617	0.596617	0.596617	0.596617	0.596617	0.596617	0.596617	0.596617	0.596617	0.596617	0.596617	0.596617	0.596617	0.596617	0.596617	0.596617	0.596617	0.596617	0.596617	0.596617	0.596617	0.596617	0.596617	0.596617	0.596617	0.596617	0.596617	0.596617	0.596617	0.596617	0.596617	0.596617	0.596617	0.596617	0.596617	0.596617	0.596617	0.596617	0.596617	0.402191	0	0	0	0	0	0
0	0	0	0	0	0	0	0.423068	0.596617	0.596617	0.596617	0.596617	0.596617	0.596617	0.596617	0.596617	0.596617	0.596617	0.596617	0.596617	0.596617	0.596617	0.596617	0.596617	0.596617	0.596617	0.596617	0.596617	0.596617	0.596617	0.596617	0.596617	0.596617	0.596617	0.596617	0.596617	0.596617	0.596617	0.596617	0.596617	0.596617	0.596617	0.596617	0.596617	0.596617	0.596617	0.596617	0.596617	0.596617	0.596617	0.596617	0.596617	0.596617	0.596617	0.596617	0.596617	0.596617	0.429529	0	0	0	0	0	0
0	0	0	0	0	0	0	0.166037	0.593466	0.596617	0.596617	0.596617	0.596617	0.596617	0.596617	0.596617	0.596617	0.596617	0.596617	0.596617	0.596617	0.596617	0.596617	0.596617	0.596617	0.596617	0.596617	0.596617	0.596617	0.596617	0.596617	0.596617	0.596617	0.596617	0.596617	0.596617	0.596617	0.596617	0.596617	0.596617	0.596617	0.596617	0.596617	0.596617	0.596617	0.596617	0.596617	0.596617	0.596617	0.596617	0.596617	0.596617	0.596617	0.596617	0.596617	0.596617	0.596617	0.446762	0	0	0	0	0	0
0	0	0	0	0	0	0	0	0.487417	0.596617	0.596617	0.596617	0.596617	0.596617	0.596617	0.596617	0.596617	0.596617	0.596617	0.596617	0.596617	0.596617	0.596617	0.596617	0.596617	0.596617	0.596617	0.596617	0.596617	0.596617	0.596617	0.596617	0.596617	0.596617	0.596617	0.596617	0.596617	0.596617	0.596617	0.596617	0.596617	0.596617	0.596617	0.596617	0.596617	0.596617	0.596617	0.596617	0.596617	0.596617	0.596617	0.596617	0.596617	0.596617	0.596617	0.596617	0.596617	0.402191	0	0	0	0	0	0
0	0	0	0	0	0	0	0	0.275622	0.596617	0.596617	0.596617	0.596617	0.596617	0.596617	0.596617	0.596617	0.596617	0.596617	0.596617	0.596617	0.596617	0.596617	0.596617	0.596617	0.596617	0.596617	0.596617	0.596617	0.596617	0.596617	0.596617	0.596617	0.596617	0.596617	0.596617	0.596617	0.596617	0.596617	0.596617	0.596617	0.596617	0.596617	0.596617	0.596617	0.596617	0.596617	0.596617	0.596617	0.596617	0.596617	0.596617	0.596617	0.596617	0.596617	0.596617	0.596617	0.413232	0	0	0	0	0	0
0	0	0	0	0	0	0	0	0.00782811	0.54304	0.596617	0.596617	0.596617	0.596617	0.596617	0.596617	0.596617	0.596617	0.596617	0.596617	0.596617	0.596617	0.596617	0.596617	0.596617	0.596617	0.596617	0.596617	0.596617	0.596617	0.596617	0.596617	0.596617	0.596617	0.596617	0.596617	0.596617	0.596617	0.596617	0.596617	0.596617	0.596617	0.596617	0.596617	0.596617	0.596617	0.596617	0.596617	0.596617	0.596617	0.596617	0.596617	0.596617	0.596617	0.596617	0.596617	0.596617	0.533732	0.00222187	0	0	0	0	0
0	0	0	0	0	0	0	0	0	0.363558	0.596617	0.596617	0.596617	0.596617	0.596617	0.596617	0.596617	0.596617	0.596617	0.596617	0.596617	0.596617	0.596617	0.596617	0.596617	0.596617	0.596617	0.596617	0.596617	0.596617	0.596617	0.596617	0.596617	0.596617	0.596617	0.596617	0.596617	0.596617	0.596617	0.596617	0.596617	0.596617	0.596617	0.596617	0.596617	0.596617	0.596617	0.596617	0.596617	0.596617	0.596617	0.596617	0.596617	0.596617	0.596617	0.596617	0.596617	0.596617	0.256233	0	0	0	0	0
0	0	0	0	0	0	0	0	0	0.0803738	0.578861	0.596617	0.596617	0.596617	0.596617	0.596617	0.596617	0.596617	0.596617	0.596617	0.596617	0.596617	0.596617	0.596617	0.596617	0.596617	0.596617	0.596617	0.596617	0.596617	0.596617	0.596617	0.596617	0.596617	0.596617	0.596617	0.596617	0.596617	0.596617	0.596617	0.596617	0.596617	0.596617	0.596617	0.596617	0.596617	0.596617	0.596617	0.596617	0.596617	0.596617	0.596617	0.596617	0.596617	0.596617	0.596617	0.596617	0.596617	0.475826	0	0	0	0	0
0	0	0	0	0	0	0	0	0	0	0.436011	0.596617	0.596617	0.596617	0.596617	0.596617	0.596617	0.596617	0.596617	0.596617	0.596617	0.596617	0.596617	0.596617	0.596617	0.596617	0.596617	0.596617	0.596617	0.596617	0.596617	0.596617	0.596617	0.596617	0.596617	0.596617	0.596617	0.596617	0.596617	0.596617	0.596617	0.596617	0.596617	0.596617	0.596617	0.596617	0.596617	0.596617	0.596617	0.596617	0.596617	0.596617	0.596617	0.596617	0.596617	0.596617	0.596617	0.596617	0.591119	0.14515	0	0	0	0
0	0	0	0	0	0	0	0	0	0	0.187258	0.595154	0.596617	0.596617	0.596617	0.596617	0.596617	0.596617	0.596617	0.596617	0.596617	0.596617	0.596617	0.596617	0.596617	0.596617	0.596617	0.596617	0.596617	0.596617	0.596617	0.596617	0.596617	0.596617	0.596617	0.596617	0.596617	0.596617	0.596617	0.596617	0.596617	0.596617	0.596617	0.596617	0.596617	0.596617	0.596617	0.596617	0.596617	0.596617	0.596617	0.596617	0.596617	0.596617	0.596617	0.596617	0.596617	0.596617	0.596617	0.409868	0	0	0	0
0	0	0	0	0	0	0	0	0	0	0	0.498755	0.596617	0.596617	0.596617	0.596617	0.596617	0.596617	0.596617	0.596617	0.596617	0.596617	0.596617	0.596617	0.596617	0.596617	0.596617	0.596617	0.596617	0.596617	0.596617	0.596617	0.596617	0.596617	0.596617	0.596617	0.596617	0.596617	0.596617	0.596617	0.596617	0.596617	0.596617	0.596617	0.596617	0.596617	0.596617	0.596617	0.596617	0.596617	0.596617	0.596617	0.596617	0.596617	0.596617	0.596617	0.596617	0.596617	0.596617	0.567712	0.0461263	0	0	0
0	0	0	0	0	0	0	0	0	0	0	0.293991	0.596617	0.596617	0.596617	0.596617	0.596617	0.596617	0.596617	0.596617	0.596617	0.596617	0.596617	0.596617	0.596617	0.596617	0.596617	0.596617	0.596617	0.596617	0.596617	0.596617	0.596617	0.596617	0.596617	0.596617	0.596617	0.596617	0.596617	0.596617	0.596617	0.596617	0.596617	0.596617	0.596617	0.596617	0.596617	0.596617	0.596617	0.596617	0.596617	0.596617	0.596617	0.596617	0.596617	0.596617	0.596617	0.596617	0.596617	0.596617	0.332468	0	0	0
0	0	0	0	0	0	0	0	0	0	0	0.0165442	0.551457	0.596617	0.596617	0.596617	0.596617	0.596617	0.596617	0.596617	0.596617	0.596617	0.596617	0.596617	0.596617	0.596617	0.596617	0.596617	0.596617	0.596617	0.596617	0.596617	0.596617	0.596617	0.596617	0.596617	0.596617	0.596617	0.596617	0.596617	0.596617	0.596617	0.596617	0.596617	0.596617	0.596617	0.596617	0.596617	0.596617	0.596617	0.596617	0.596617	0.596617	0.596617	0.596617	0.596617	0.596617	0.596617	0.596617	0.596617	0.523586	0	0	0
0	0	0	0	0	0	0	0	0	0	0	0	0.378264	0.596617	0.596617	0.596617	0.596617	0.596617	0.596617	0.596617	0.596617	0.596617	0.596617	0.596617	0.596617	0.596617	0.596617	0.596617	0.596617	0.596617	0.596617	0.596617	0.596617	0.596617	0.596617	0.596617	0.596617	0.596617	0.596617	0.596617	0.596617	0.596617	0.596617	0.596617	0.596617	0.596617	0.596617	0.596617	0.596617	0.596617	0.596617	0.596617	0.596617	0.596617	0.596617	0.596617	0.596617	0.596617	0.596617	0.596617	0.596617	0.0502628	0	0
0	0	0	0	0	0	0	0	0	0	0	0	0.0994163	0.583376	0.596617	0.596617	0.596617	0.596617	0.596617	0.596617	0.596617	0.596617	0.596617	0.596617	0.596617	0.596617	0.596617	0.596617	0.596617	0.596617	0.596617	0.596617	0.596617	0.596617	0.596617	0.596617	0.596617	0.596617	0.596617	0.596617	0.596617	0.596617	0.596617	0.596617	0.596617	0.596617	0.596617	0.596617	0.596617	0.596617	0.596617	0.596617	0.596617	0.596617	0.596617	0.596617	0.596617	0.596617	0.590388	0.472673	0.250842	0.00130159	0	0
0	0	0	0	0	0	0	0	0	0	0	0	0	0.448504	0.596617	0.596617	0.596617	0.596617	0.596617	0.596617	0.596617	0.596617	0.596617	0.596617	0.596617	0.596617	0.596617	0.596617	0.596617	0.596617	0.596617	0.596617	0.596617	0.596617	0.596617	0.596617	0.596617	0.596617	0.596617	0.596617	0.596617	0.596617	0.596617	0.596617	0.596617	0.596617	0.596617	0.596617	0.596617	0.596617	0.596617	0.596617	0.596617	0.596617	0.596617	0.596617	0.565985	0.406248	0.139649	0	0	0	0	0
0	0	0	0	0	0	0	0	0	0	0	0	0	0.208497	0.596203	0.596617	0.596617	0.596617	0.596617	0.596617	0.596617	0.596617	0.596617	0.596617	0.596617	0.596617	0.596617	0.596617	0.596617	0.596617	0.596617	0.596617	0.596617	0.596617	0.596617	0.596617	0.596617	0.596617	0.596617	0.596617	0.596617	0.596617	0.596617	0.596617	0.596617	0.596617	0.596617	0.596617	0.596617	0.596617	0.596617	0.596617	0.596617	0.596617	0.520732	0.328179	0.0420685	0	0	0	0	0	0	0
0	0	0	0	0	0	0	0	0	0	0	0	0	0	0.509856	0.596617	0.596617	0.596617	0.596617	0.596617	0.596617	0.596617	0.596617	0.596617	0.596617	0.596617	0.596617	0.596617	0.596617	0.596617	0.596617	0.596617	0.596617	0.596617	0.596617	0.596617	0.596617	0.596617	0.596617	0.596617	0.596617	0.596617	0.596617	0.596617	0.596617	0.596617	0.596617	0.596617	0.596617	0.596617	0.596617	0.587227	0.460787	0.229943	0	0	0	0	0	0	0	0	0	0
0	0	0	0	0	0	0	0	0	0	0	0	0	0	0.311402	0.596617	0.596617	0.596617	0.596617	0.596617	0.596617	0.596617	0.596617	0.596617	0.596617	0.596617	0.596617	0.596617	0.596617	0.596617	0.596617	0.596617	0.596617	0.596617	0.596617	0.596617	0.596617	0.596617	0.596617	0.596617	0.596617	0.596617	0.596617	0.596617	0.596617	0.596617	0.596617	0.596617	0.596617	0.559122	0.392479	0.11921	0	0	0	0	0	0	0	0	0	0	0	0
0	0	0	0	0	0	0	0	0	0	0	0	0	0	0.0280757	0.559122	0.596617	0.596617	0.596617	0.596617	0.596617	0.596617	0.596617	0.596617	0.596617	0.596617	0.596617	0.596617	0.596617	0.596617	0.596617	0.596617	0.596617	0.596617	0.596617	0.596617	0.596617	0.596617	0.596617	0.596617	0.596617	0.596617	0.596617	0.596617	0.596617	0.596617	0.596203	0.509856	0.311402	0.0280757	0	0	0	0	0	0	0	0	0	0	0	0	0	0
0	0	0	0	0	0	0	0	0	0	0	0	0	0	0	0.392479	0.596617	0.596617	0.596617	0.596617	0.596617	0.596617	0.596617	0.596617	0.596617	0.596617	0.596617	0.596617	0.596617	0.596617	0.596617	0.596617	0.596617	0.596617	0.596617	0.596617	0.596617	0.596617	0.596617	0.596617	0.596617	0.596617	0.596617	0.596617	0.583376	0.448504	0.208497	0	0	0	0	0	0	0	0	0	0	0	0	0	0	0	0	0
0	0	0	0	0	0	0	0	0	0	0	0	0	0	0	0.11921	0.587227	0.596617	0.596617	0.596617	0.596617	0.596617	0.596617	0.596617	0.596617	0.596617	0.596617	0.596617	0.596617	0.596617	0.596617	0.596617	0.596617	0.596617	0.596617	0.596617	0.596617	0.596617	0.596617	0.596617	0.596617	0.596617	0.551457	0.378264	0.0994163	0	0	0	0	0	0	0	0	0	0	0	0	0	0	0	0	0	0	0
0	0	0	0	0	0	0	0	0	0	0	0	0	0	0	0	0.460787	0.596617	0.596617	0.596617	0.596617	0.596617	0.596617	0.596617	0.596617	0.596617	0.596617	0.596617	0.596617	0.596617	0.596617	0.596617	0.596617	0.596617	0.596617	0.596617	0.596617	0.596617	0.596617	0.595154	0.498755	0.293991	0.0165442	0	0	0	0	0	0	0	0	0	0	0	0	0	0	0	0	0	0	0	0	0
0	0	0	0	0	0	0	0	0	0	0	0	0	0	0	0	0.229943	0.596617	0.596617	0.596617	0.596617	0.596617	0.596617	0.596617	0.596617	0.596617	0.596617	0.596617	0.596617	0.596617	0.596617	0.596617	0.596617	0.596617	0.596617	0.596617	0.596617	0.578861	0.436011	0.187258	0	0	0	0	0	0	0	0	0	0	0	0	0	0	0	0	0	0	0	0	0	0	0	0
0	0	0	0	0	0	0	0	0	0	0	0	0	0	0	0	0	0.520732	0.596617	0.596617	0.596617	0.596617	0.596617	0.596617	0.596617	0.596617	0.596617	0.596617	0.596617	0.596617	0.596617	0.596617	0.596617	0.596617	0.596617	0.54304	0.363558	0.0803738	0	0	0	0	0	0	0	0	0	0	0	0	0	0	0	0	0	0	0	0	0	0	0	0	0	0
0	0	0	0	0	0	0	0	0	0	0	0	0	0	0	0	0	0.328179	0.596617	0.596617	0.596617	0.596617	0.596617	0.596617	0.596617	0.596617	0.596617	0.596617	0.596617	0.596617	0.596617	0.596617	0.593466	0.487417	0.275622	0.00782811	0	0	0	0	0	0	0	0	0	0	0	0	0	0	0	0	0	0	0	0	0	0	0	0	0	0	0	0
0	0	0	0	0	0	0	0	0	0	0	0	0	0	0	0	0	0.0420685	0.565985	0.596617	0.596617	0.596617	0.596617	0.596617	0.596617	0.596617	0.596617	0.596617	0.596617	0.596617	0.573627	0.423068	0.166037	0	0	0	0	0	0	0	0	0	0	0	0	0	0	0	0	0	0	0	0	0	0	0	0	0	0	0	0	0	0	0
0	0	0	0	0	0	0	0	0	0	0	0	0	0	0	0	0	0	0.406248	0.596617	0.596617	0.596617	0.596617	0.596617	0.596617	0.596617	0.596617	0.596617	0.533732	0.348313	0.0625352	0	0	0	0	0	0	0	0	0	0	0	0	0	0	0	0	0	0	0	0	0	0	0	0	0	0	0	0	0	0	0	0	0
0	0	0	0	0	0	0	0	0	0	0	0	0	0	0	0	0	0	0.139649	0.590388	0.596617	0.596617	0.596617	0.596617	0.596617	0.591119	0.475826	0.256233	0.00222187	0	0	0	0	0	0	0	0	0	0	0	0	0	0	0	0	0	0	0	0	0	0	0	0	0	0	0	0	0	0	0	0	0	0	0
0	0	0	0	0	0	0	0	0	0	0	0	0	0	0	0	0	0	0	0.472673	0.596617	0.596617	0.596617	0.567712	0.409868	0.14515	0	0	0	0	0	0	0	0	0	0	0	0	0	0	0	0	0	0	0	0	0	0	0	0	0	0	0	0	0	0	0	0	0	0	0	0	0	0
0	0	0	0	0	0	0	0	0	0	0	0	0	0	0	0	0	0	0	0.250842	0.596617	0.523586	0.332468	0.0461263	0	0	0	0	0	0	0	0	0	0	0	0	0	0	0	0	0	0	0	0	0	0	0	0	0	0	0	0	0	0	0	0	0	0	0	0	0	0	0	0
0	0	0	0	0	0	0	0	0	0	0	0	0	0	0	0	0	0	0	0.00130159	0.0502628	0	0	0	0	0	0	0	0	0	0	0	0	0	0	0	0	0	0	0	0	0	0	0	0	0	0	0	0	0	0	0	0	0	0	0	0	0	0	0	0	0	0	0
0	0	0	0	0	0	0	0	0	0	0	0	0	0	0	0	0	0	0	0	0	0	0	0	0	0	0	0	0	0	0	0	0	0	0	0	0	0	0	0	0	0	0	0	0	0	0	0	0	0	0	0	0	0	0	0	0	0	0	0	0	0	0	0
0	0	0	0	0	0	0	0	0	0	0	0	0	0	0	0	0	0	0	0	0	0	0	0	0	0	0	0	0	0	0	0	0	0	0	0	0	0	0	0	0	0	0	0	0	0	0	0	0	0	0	0	0	0	0	0	0	0	0	0	0	0	0	0
