1	1	1	1	1	1	1	1	1	1	1	1	1	1	1	1	1	1	1	1	1	1	1	1	1	1	1	1	1	1	1	1	1	1	1	1	1	1	1	1	1	1	1	1	1	1	1	1	1	1	1	1	1	1	1	1	1	1	1	1	1	1	1	1
1	1	1	1	1	1	1	1	1	1	1	1	1	1	1	1	1	1	1	1	1	1	1	1	1	1	1	1	1	1	1	1	1	1	1	1	1	1	1	1	1	1	1	1	1	1	1	1	1	1	1	1	1	1	1	1	1	1	1	1	1	1	1	1
1	1	1	1	1	1	1	1	1	1	1	1	1	1	1	1	1	1	1	1	1	1	1	1	1	1	1	1	1	1	1	1	1	1	1	1	1	1	1	1	1	1	1	1	1	1	1	1	1	1	1	1	1	1	1	1	1	1	1	1	1	1	1	1
1	1	1	1	1	1	1	1	1	1	1	1	1	1	1	1	1	1	1	1	1	1	1	1	1	1	1	1	1	1	1	1	1	1	1	1	1	1	1	1	1	1	1	1	1	1	1	1	1	1	1	1	1	1	1	1	1	1	1	1	1	1	1	1
1	1	1	1	1	1	1	1	1	1	1	1	1	1	1	1	1	1	1	1	1	1	1	1	1	1	1	1	1	1	1	1	1	1	1	1	1	1	1	1	1	1	1	1	1	1	1	1	1	1	1	1	1	1	1	1	1	1	1	1	1	1	1	1
1	1	1	1	1	1	1	1	1	1	1	1	1	1	1	1	1	1	1	1	1	1	1	1	1	1	1	1	1	1	1	1	1	1	1	1	1	1	1	1	1	1	1	1	1	1	1	1	1	1	1	1	1	1	1	1	1	1	1	1	1	1	1	1
1	1	1	1	1	1	1	1	1	1	1	1	1	1	1	1	1	1	1	1	1	1	1	1	1	1	1	1	1	1	1	1	1	1	1	1	1	1	1	1	1	1	1	1	1	1	1	1	1	1	1	1	1	1	1	1	1	1	1	1	1	1	1	1
1	1	1	1	1	1	1	1	1	1	1	1	1	1	1	1	1	1	1	1	1	1	1	1	1	1	1	1	1	1	1	1	1	1	1	1	1	1	1	1	1	1	1	1	1	1	1	1	1	1	1	1	1	1	1	1	1	1	1	1	1	1	1	1
1	1	1	1	1	1	1	1	1	1	1	1	1	1	1	1	1	1	1	1	1	1	1	1	1	1	1	1	1	1	1	1	1	1	1	1	1	1	1	1	1	1	1	1	1	1	1	1	1	1	1	1	1	1	1	1	1	1	1	1	1	1	1	1
1	1	1	1	1	1	1	1	1	1	1	1	1	1	1	1	1	1	1	1	1	1	1	1	1	1	1	1	1	1	1	1	1	1	1	1	1	1	1	1	1	1	1	1	1	1	1	1	1	1	1	1	1	1	1	1	1	1	1	1	1	1	1	1
1	1	1	1	1	1	1	1	1	1	1	1	1	1	1	1	1	1	1	1	1	1	1	1	1	1	1	1	1	1	1	1	1	1	1	1	1	1	1	1	1	1	1	1	1	1	1	1	1	1	1	1	1	1	1	1	1	1	1	1	1	1	1	1
1	1	1	1	1	1	1	1	1	1	1	1	1	1	1	1	1	1	1	1	1	1	1	1	1	1	1	1	1	1	1	1	1	1	1	1	1	1	1	1	1	1	1	1	1	1	1	1	1	1	1	1	1	1	1	1	1	1	1	1	1	1	1	1
1	1	1	1	1	1	1	1	1	1	1	1	1	1	1	1	1	1	1	1	1	1	1	1	1	1	1	1	1	1	1	1	1	1	1	1	1	1	1	1	1	1	1	1	1	1	1	1	1	1	1	1	1	1	1	1	1	1	1	1	1	1	1	1
1	1	1	1	1	1	1	1	1	1	1	1	1	1	1	1	1	1	1	1	1	1	1	1	1	1	1	1	1	1	1	1	1	1	1	1	1	1	1	1	1	1	1	1	1	1	1	1	1	1	1	1	1	1	1	1	1	1	1	1	1	1	1	1
1	1	1	1	1	1	1	1	1	1	1	1	1	1	1	1	1	1	1	1	1	1	1	1	1	1	1	1	1	1	1	1	1	1	1	1	1	1	1	1	1	1	1	1	1	1	1	1	1	1	1	1	1	1	1	1	1	1	1	1	1	1	1	1
1	1	1	1	1	1	1	1	1	1	1	1	1	1	1	1	1	1	1	1	1	1	1	1	1	1	1	1	1	1	1	1	1	1	1	1	1	1	1	1	1	1	1	1	1	1	1	1	1	1	1	1	1	1	1	1	1	1	1	1	1	1	1	1
1	1	1	1	1	1	1	1	1	1	1	1	1	1	1	1	1	1	1	1	1	1	1	1	1	1	1	1	1	1	1	1	1	1	1	1	1	1	1	1	1	1	1	1	1	1	1	1	1	1	1	1	1	1	1	1	1	1	1	1	1	1	1	1
1	1	1	1	1	1	1	1	1	1	1	1	1	1	1	1	1	1	1	1	1	1	1	1	1	1	1	1	1	1	1	1	1	1	1	1	1	1	1	1	1	1	1	1	1	1	1	1	1	1	1	1	1	1	1	1	1	1	1	1	1	1	1	1
1	1	1	1	1	1	1	1	1	1	1	1	1	1	1	1	1	1	1	1	1	1	1	1	1	1	1	1	1	1	1	1	1	1	1	1	1	1	1	1	1	1	1	1	1	1	1	1	1	1	1	1	1	1	1	1	1	1	1	1	1	1	1	1
1	1	1	1	1	1	1	1	1	1	1	1	1	1	1	1	1	1	1	1	1	1	1	1	1	1	1	1	1	1	1	1	1	1	1	1	1	1	1	1	1	1	1	1	1	1	1	1	1	1	1	1	1	1	1	1	1	1	1	1	1	1	1	1
1	1	1	1	1	1	1	1	1	1	1	1	1	1	1	1	1	1	1	1	1	1	1	1	1	1	1	1	1	1	1	1	1	1	1	1	1	1	1	1	1	1	1	1	1	1	1	1	1	1	1	1	1	1	1	1	1	1	1	1	1	1	1	1
1	1	1	1	1	1	1	1	1	1	1	1	1	1	1	1	1	1	1	1	1	1	1	1	1	1	1	1	1	1	1	1	1	1	1	1	1	1	1	1	1	1	1	1	1	1	1	1	1	1	1	1	1	1	1	1	1	1	1	1	1	1	1	1
1	1	1	1	1	1	1	1	1	1	1	1	1	1	1	1	1	1	1	1	1	1	1	1	1	1	1	1	1	1	1	1	1	1	1	1	1	1	1	1	1	1	1	1	1	1	1	1	1	1	1	1	1	1	1	1	1	1	1	1	1	1	1	1
1	1	1	1	1	1	1	1	1	1	1	1	1	1	1	1	1	1	1	1	1	1	1	1	1	1	1	1	1	1	1	1	1	1	1	1	1	1	1	1	1	1	1	1	1	1	1	1	1	1	1	1	1	1	1	1	1	1	1	1	1	1	1	1
1	1	1	1	1	1	1	1	1	1	1	1	1	1	1	1	1	1	1	1	1	1	1	1	1	1	1	1	1	1	1	1	1	1	1	1	1	1	1	1	1	1	1	1	1	1	1	1	1	1	1	1	1	1	1	1	1	1	1	1	1	1	1	1
2.05906	2.05906	2.05906	2.05906	2.05906	2.05906	2.05906	2.05906	2.05906	2.05906	2.05906	2.05906	2.05906	2.05906	2.05906	2.05906	2.05906	2.05906	2.05906	2.05906	2.05906	2.05906	2.05906	2.05906	2.05906	2.05906	2.05906	2.05906	2.05906	2.05906	2.05906	2.05906	2.05906	2.05906	2.05906	2.05906	2.05906	2.05906	2.05906	2.05906	2.05906	2.05906	2.05906	2.05906	2.05906	2.05906	2.05906	2.05906	2.05906	2.05906	2.05906	2.05906	2.05906	2.05906	2.05906	2.05906	2.05906	2.05906	2.05906	2.05906	2.05906	2.05906	2.05906	2.05906
3.02327	3.02327	3.02327	3.02327	3.02327	3.02327	3.02327	3.02327	3.02327	3.02327	3.02327	3.02327	3.02327	3.02327	3.02327	3.02327	3.02327	3.02327	3.02327	3.02327	3.02327	3.02327	3.02327	3.02327	3.02327	3.02327	3.02327	3.02327	3.02327	3.02327	3.02327	3.02327	3.02327	3.02327	3.02327	3.02327	3.02327	3.02327	3.02327	3.02327	3.02327	3.02327	3.02327	3.02327	3.02327	3.02327	3.02327	3.02327	3.02327	3.02327	3.02327	3.02327	3.02327	3.02327	3.02327	3.02327	3.02327	3.02327	3.02327	3.02327	3.02327	3.02327	3.02327	3.02327
3.02327	3.02327	3.02327	3.02327	3.02327	3.02327	3.02327	3.02327	3.02327	3.02327	3.02327	3.02327	3.02327	3.02327	3.02327	3.02327	3.02327	3.02327	3.02327	3.02327	3.02327	3.02327	3.02327	3.02327	3.02327	3.02327	3.02327	3.02327	3.02327	3.02327	3.02327	3.02327	3.02327	3.02327	3.02327	3.02327	3.02327	3.02327	3.02327	3.02327	3.02327	3.02327	3.02327	3.02327	3.02327	3.02327	3.02327	3.02327	3.02327	3.02327	3.02327	3.02327	3.02327	3.02327	3.02327	3.02327	3.02327	3.02327	3.02327	3.02327	3.02327	3.02327	3.02327	3.02327
3.02327	3.02327	3.02327	3.02327	3.02327	3.02327	3.02327	3.02327	3.02327	3.02327	3.02327	3.02327	3.02327	3.02327	3.02327	3.02327	3.02327	3.02327	3.02327	3.02327	3.02327	3.02327	3.02327	3.02327	3.02327	3.02327	3.02327	3.02327	3.02327	3.02327	3.02327	3.02327	3.02327	3.02327	3.02327	3.02327	3.02327	3.02327	3.02327	3.02327	3.02327	3.02327	3.02327	3.02327	3.02327	3.02327	3.02327	3.02327	3.02327	3.02327	3.02327	3.02327	3.02327	3.02327	3.02327	3.02327	3.02327	3.02327	3.02327	3.02327	3.02327	3.02327	3.02327	3.02327
3.02327	3.02327	3.02327	3.02327	3.02327	3.02327	3.02327	3.02327	3.02327	3.02327	3.02327	3.02327	3.02327	3.02327	3.02327	3.02327	3.02327	3.02327	3.02327	3.02327	3.02327	3.02327	3.02327	3.02327	3.02327	3.02327	3.02327	3.02327	3.02327	3.02327	3.02327	3.02327	3.02327	3.02327	3.02327	3.02327	3.02327	3.02327	3.02327	3.02327	3.02327	3.02327	3.02327	3.02327	3.02327	3.02327	3.02327	3.02327	3.02327	3.02327	3.02327	3.02327	3.02327	3.02327	3.02327	3.02327	3.02327	3.02327	3.02327	3.02327	3.02327	3.02327	3.02327	3.02327
3.02327	3.02327	3.02327	3.02327	3.02327	3.02327	3.02327	3.02327	3.02327	3.02327	3.02327	3.02327	3.02327	3.02327	3.02327	3.02327	3.02327	3.02327	3.02327	3.02327	3.02327	3.02327	3.02327	3.02327	3.02327	3.02327	3.02327	3.02327	3.02327	3.02327	3.02327	3.02327	3.02327	3.02327	3.02327	3.02327	3.02327	3.02327	3.02327	3.02327	3.02327	3.02327	3.02327	3.02327	3.02327	3.02327	3.02327	3.02327	3.02327	3.02327	3.02327	3.02327	3.02327	3.02327	3.02327	3.02327	3.02327	3.02327	3.02327	3.02327	3.02327	3.02327	3.02327	3.02327
3.02327	3.02327	3.02327	3.02327	3.02327	3.02327	3.02327	3.02327	3.02327	3.02327	3.02327	3.02327	3.02327	3.02327	3.02327	3.02327	3.02327	3.02327	3.02327	3.02327	3.02327	3.02327	3.02327	3.02327	3.02327	3.02327	3.02327	3.02327	3.02327	3.02327	3.02327	3.02327	3.02327	3.02327	3.02327	3.02327	3.02327	3.02327	3.02327	3.02327	3.02327	3.02327	3.02327	3.02327	3.02327	3.02327	3.02327	3.02327	3.02327	3.02327	3.02327	3.02327	3.02327	3.02327	3.02327	3.02327	3.02327	3.02327	3.02327	3.02327	3.02327	3.02327	3.02327	3.02327
3.02327	3.02327	3.02327	3.02327	3.02327	3.02327	3.02327	3.02327	3.02327	3.02327	3.02327	3.02327	3.02327	3.02327	3.02327	3.02327	3.02327	3.02327	3.02327	3.02327	3.02327	3.02327	3.02327	3.02327	3.02327	3.02327	3.02327	3.02327	3.02327	3.02327	3.02327	3.02327	3.02327	3.02327	3.02327	3.02327	3.02327	3.02327	3.02327	3.02327	3.02327	3.02327	3.02327	3.02327	3.02327	3.02327	3.02327	3.02327	3.02327	3.02327	3.02327	3.02327	3.02327	3.02327	3.02327	3.02327	3.02327	3.02327	3.02327	3.02327	3.02327	3.02327	3.02327	3.02327
3.02327	3.02327	3.02327	3.02327	3.02327	3.02327	3.02327	3.02327	3.02327	3.02327	3.02327	3.02327	3.02327	3.02327	3.02327	3.02327	3.02327	3.02327	3.02327	3.02327	3.02327	3.02327	3.02327	3.02327	3.02327	3.02327	3.02327	3.02327	3.02327	3.02327	3.02327	3.02327	3.02327	3.02327	3.02327	3.02327	3.02327	3.02327	3.02327	3.02327	3.02327	3.02327	3.02327	3.02327	3.02327	3.02327	3.02327	3.02327	3.02327	3.02327	3.02327	3.02327	3.02327	3.02327	3.02327	3.02327	3.02327	3.02327	3.02327	3.02327	3.02327	3.02327	3.02327	3.02327
3.02327	3.02327	3.02327	3.02327	3.02327	3.02327	3.02327	3.02327	3.02327	3.02327	3.02327	3.02327	3.02327	3.02327	3.02327	3.02327	3.02327	3.02327	3.02327	3.02327	3.02327	3.02327	3.02327	3.02327	3.02327	3.02327	3.02327	3.02327	3.02327	3.02327	3.02327	3.02327	3.02327	3.02327	3.02327	3.02327	3.02327	3.02327	3.02327	3.02327	3.02327	3.02327	3.02327	3.02327	3.02327	3.02327	3.02327	3.02327	3.02327	3.02327	3.02327	3.02327	3.02327	3.02327	3.02327	3.02327	3.02327	3.02327	3.02327	3.02327	3.02327	3.02327	3.02327	3.02327
3.02327	3.02327	3.02327	3.02327	3.02327	3.02327	3.02327	3.02327	3.02327	3.02327	3.02327	3.02327	3.02327	3.02327	3.02327	3.02327	3.02327	3.02327	3.02327	3.02327	3.02327	3.02327	3.02327	3.02327	3.02327	3.02327	3.02327	3.02327	3.02327	3.02327	3.02327	3.02327	3.02327	3.02327	3.02327	3.02327	3.02327	3.02327	3.02327	3.02327	3.02327	3.02327	3.02327	3.02327	3.02327	3.02327	3.02327	3.02327	3.02327	3.02327	3.02327	3.02327	3.02327	3.02327	3.02327	3.02327	3.02327	3.02327	3.02327	3.02327	3.02327	3.02327	3.02327	3.02327
3.02327	3.02327	3.02327	3.02327	3.02327	3.02327	3.02327	3.02327	3.02327	3.02327	3.02327	3.02327	3.02327	3.02327	3.02327	3.02327	3.02327	3.02327	3.02327	3.02327	3.02327	3.02327	3.02327	3.02327	3.02327	3.02327	3.02327	3.02327	3.02327	3.02327	3.02327	3.02327	3.02327	3.02327	3.02327	3.02327	3.02327	3.02327	3.02327	3.02327	3.02327	3.02327	3.02327	3.02327	3.02327	3.02327	3.02327	3.02327	3.02327	3.02327	3.02327	3.02327	3.02327	3.02327	3.02327	3.02327	3.02327	3.02327	3.02327	3.02327	3.02327	3.02327	3.02327	3.02327
3.02327	3.02327	3.02327	3.02327	3.02327	3.02327	3.02327	3.02327	3.02327	3.02327	3.02327	3.02327	3.02327	3.02327	3.02327	3.02327	3.02327	3.02327	3.02327	3.02327	3.02327	3.02327	3.02327	3.02327	3.02327	3.02327	3.02327	3.02327	3.02327	3.02327	3.02327	3.02327	3.02327	3.02327	3.02327	3.02327	3.02327	3.02327	3.02327	3.02327	3.02327	3.02327	3.02327	3.02327	3.02327	3.02327	3.02327	3.02327	3.02327	3.02327	3.02327	3.02327	3.02327	3.02327	3.02327	3.02327	3.02327	3.02327	3.02327	3.02327	3.02327	3.02327	3.02327	3.02327
3.02327	3.02327	3.02327	3.02327	3.02327	3.02327	3.02327	3.02327	3.02327	3.02327	3.02327	3.02327	3.02327	3.02327	3.02327	3.02327	3.02327	3.02327	3.02327	3.02327	3.02327	3.02327	3.02327	3.02327	3.02327	3.02327	3.02327	3.02327	3.02327	3.02327	3.02327	3.02327	3.02327	3.02327	3.02327	3.02327	3.02327	3.02327	3.02327	3.02327	3.02327	3.02327	3.02327	3.02327	3.02327	3.02327	3.02327	3.02327	3.02327	3.02327	3.02327	3.02327	3.02327	3.02327	3.02327	3.02327	3.02327	3.02327	3.02327	3.02327	3.02327	3.02327	3.02327	3.02327
3.02327	3.02327	3.02327	3.02327	3.02327	3.02327	3.02327	3.02327	3.02327	3.02327	3.02327	3.02327	3.02327	3.02327	3.02327	3.02327	3.02327	3.02327	3.02327	3.02327	3.02327	3.02327	3.02327	3.02327	3.02327	3.02327	3.02327	3.02327	3.02327	3.02327	3.02327	3.02327	3.02327	3.02327	3.02327	3.02327	3.02327	3.02327	3.02327	3.02327	3.02327	3.02327	3.02327	3.02327	3.02327	3.02327	3.02327	3.02327	3.02327	3.02327	3.02327	3.02327	3.02327	3.02327	3.02327	3.02327	3.02327	3.02327	3.02327	3.02327	3.02327	3.02327	3.02327	3.02327
3.02327	3.02327	3.02327	3.02327	3.02327	3.02327	3.02327	3.02327	3.02327	3.02327	3.02327	3.02327	3.02327	3.02327	3.02327	3.02327	3.02327	3.02327	3.02327	3.02327	3.02327	3.02327	3.02327	3.02327	3.02327	3.02327	3.02327	3.02327	3.02327	3.02327	3.02327	3.02327	3.02327	3.02327	3.02327	3.02327	3.02327	3.02327	3.02327	3.02327	3.02327	3.02327	3.02327	3.02327	3.02327	3.02327	3.02327	3.02327	3.02327	3.02327	3.02327	3.02327	3.02327	3.02327	3.02327	3.02327	3.02327	3.02327	3.02327	3.02327	3.02327	3.02327	3.02327	3.02327
3.02327	3.02327	3.02327	3.02327	3.02327	3.02327	3.02327	3.02327	3.02327	3.02327	3.02327	3.02327	3.02327	3.02327	3.02327	3.02327	3.02327	3.02327	3.02327	3.02327	3.02327	3.02327	3.02327	3.02327	3.02327	3.02327	3.02327	3.02327	3.02327	3.02327	3.02327	3.02327	3.02327	3.02327	3.02327	3.02327	3.02327	3.02327	3.02327	3.02327	3.02327	3.02327	3.02327	3.02327	3.02327	3.02327	3.02327	3.02327	3.02327	3.02327	3.02327	3.02327	3.02327	3.02327	3.02327	3.02327	3.02327	3.02327	3.02327	3.02327	3.02327	3.02327	3.02327	3.02327
3.02327	3.02327	3.02327	3.02327	3.02327	3.02327	3.02327	3.02327	3.02327	3.02327	3.02327	3.02327	3.02327	3.02327	3.02327	3.02327	3.02327	3.02327	3.02327	3.02327	3.02327	3.02327	3.02327	3.02327	3.02327	3.02327	3.02327	3.02327	3.02327	3.02327	3.02327	3.02327	3.02327	3.02327	3.02327	3.02327	3.02327	3.02327	3.02327	3.02327	3.02327	3.02327	3.02327	3.02327	3.02327	3.02327	3.02327	3.02327	3.02327	3.02327	3.02327	3.02327	3.02327	3.02327	3.02327	3.02327	3.02327	3.02327	3.02327	3.02327	3.02327	3.02327	3.02327	3.02327
3.02327	3.02327	3.02327	3.02327	3.02327	3.02327	3.02327	3.02327	3.02327	3.02327	3.02327	3.02327	3.02327	3.02327	3.02327	3.02327	3.02327	3.02327	3.02327	3.02327	3.02327	3.02327	3.02327	3.02327	3.02327	3.02327	3.02327	3.02327	3.02327	3.02327	3.02327	3.02327	3.02327	3.02327	3.02327	3.02327	3.02327	3.02327	3.02327	3.02327	3.02327	3.02327	3.02327	3.02327	3.02327	3.02327	3.02327	3.02327	3.02327	3.02327	3.02327	3.02327	3.02327	3.02327	3.02327	3.02327	3.02327	3.02327	3.02327	3.02327	3.02327	3.02327	3.02327	3.02327
3.02327	3.02327	3.02327	3.02327	3.02327	3.02327	3.02327	3.02327	3.02327	3.02327	3.02327	3.02327	3.02327	3.02327	3.02327	3.02327	3.02327	3.02327	3.02327	3.02327	3.02327	3.02327	3.02327	3.02327	3.02327	3.02327	3.02327	3.02327	3.02327	3.02327	3.02327	3.02327	3.02327	3.02327	3.02327	3.02327	3.02327	3.02327	3.02327	3.02327	3.02327	3.02327	3.02327	3.02327	3.02327	3.02327	3.02327	3.02327	3.02327	3.02327	3.02327	3.02327	3.02327	3.02327	3.02327	3.02327	3.02327	3.02327	3.02327	3.02327	3.02327	3.02327	3.02327	3.02327
3.02327	3.02327	3.02327	3.02327	3.02327	3.02327	3.02327	3.02327	3.02327	3.02327	3.02327	3.02327	3.02327	3.02327	3.02327	3.02327	3.02327	3.02327	3.02327	3.02327	3.02327	3.02327	3.02327	3.02327	3.02327	3.02327	3.02327	3.02327	3.02327	3.02327	3.02327	3.02327	3.02327	3.02327	3.02327	3.02327	3.02327	3.02327	3.02327	3.02327	3.02327	3.02327	3.02327	3.02327	3.02327	3.02327	3.02327	3.02327	3.02327	3.02327	3.02327	3.02327	3.02327	3.02327	3.02327	3.02327	3.02327	3.02327	3.02327	3.02327	3.02327	3.02327	3.02327	3.02327
3.02327	3.02327	3.02327	3.02327	3.02327	3.02327	3.02327	3.02327	3.02327	3.02327	3.02327	3.02327	3.02327	3.02327	3.02327	3.02327	3.02327	3.02327	3.02327	3.02327	3.02327	3.02327	3.02327	3.02327	3.02327	3.02327	3.02327	3.02327	3.02327	3.02327	3.02327	3.02327	3.02327	3.02327	3.02327	3.02327	3.02327	3.02327	3.02327	3.02327	3.02327	3.02327	3.02327	3.02327	3.02327	3.02327	3.02327	3.02327	3.02327	3.02327	3.02327	3.02327	3.02327	3.02327	3.02327	3.02327	3.02327	3.02327	3.02327	3.02327	3.02327	3.02327	3.02327	3.02327
3.02327	3.02327	3.02327	3.02327	3.02327	3.02327	3.02327	3.02327	3.02327	3.02327	3.02327	3.02327	3.02327	3.02327	3.02327	3.02327	3.02327	3.02327	3.02327	3.02327	3.02327	3.02327	3.02327	3.02327	3.02327	3.02327	3.02327	3.02327	3.02327	3.02327	3.02327	3.02327	3.02327	3.02327	3.02327	3.02327	3.02327	3.02327	3.02327	3.02327	3.02327	3.02327	3.02327	3.02327	3.02327	3.02327	3.02327	3.02327	3.02327	3.02327	3.02327	3.02327	3.02327	3.02327	3.02327	3.02327	3.02327	3.02327	3.02327	3.02327	3.02327	3.02327	3.02327	3.02327
3.02327	3.02327	3.02327	3.02327	3.02327	3.02327	3.02327	3.02327	3.02327	3.02327	3.02327	3.02327	3.02327	3.02327	3.02327	3.02327	3.02327	3.02327	3.02327	3.02327	3.02327	3.02327	3.02327	3.02327	3.02327	3.02327	3.02327	3.02327	3.02327	3.02327	3.02327	3.02327	3.02327	3.02327	3.02327	3.02327	3.02327	3.02327	3.02327	3.02327	3.02327	3.02327	3.02327	3.02327	3.02327	3.02327	3.02327	3.02327	3.02327	3.02327	3.02327	3.02327	3.02327	3.02327	3.02327	3.02327	3.02327	3.02327	3.02327	3.02327	3.02327	3.02327	3.02327	3.02327
3.02327	3.02327	3.02327	3.02327	3.02327	3.02327	3.02327	3.02327	3.02327	3.02327	3.02327	3.02327	3.02327	3.02327	3.02327	3.02327	3.02327	3.02327	3.02327	3.02327	3.02327	3.02327	3.02327	3.02327	3.02327	3.02327	3.02327	3.02327	3.02327	3.02327	3.02327	3.02327	3.02327	3.02327	3.02327	3.02327	3.02327	3.02327	3.02327	3.02327	3.02327	3.02327	3.02327	3.02327	3.02327	3.02327	3.02327	3.02327	3.02327	3.02327	3.02327	3.02327	3.02327	3.02327	3.02327	3.02327	3.02327	3.02327	3.02327	3.02327	3.02327	3.02327	3.02327	3.02327
3.02327	3.02327	3.02327	3.02327	3.02327	3.02327	3.02327	3.02327	3.02327	3.02327	3.02327	3.02327	3.02327	3.02327	3.02327	3.02327	3.02327	3.02327	3.02327	3.02327	3.02327	3.02327	3.02327	3.02327	3.02327	3.02327	3.02327	3.02327	3.02327	3.02327	3.02327	3.02327	3.02327	3.02327	3.02327	3.02327	3.02327	3.02327	3.02327	3.02327	3.02327	3.02327	3.02327	3.02327	3.02327	3.02327	3.02327	3.02327	3.02327	3.02327	3.02327	3.02327	3.02327	3.02327	3.02327	3.02327	3.02327	3.02327	3.02327	3.02327	3.02327	3.02327	3.02327	3.02327
1.61575	1.61575	1.61575	1.61575	1.61575	1.61575	1.61575	1.61575	1.61575	1.61575	1.61575	1.61575	1.61575	1.61575	1.61575	1.61575	1.61575	1.61575	1.61575	1.61575	1.61575	1.61575	1.61575	1.61575	1.61575	1.61575	1.61575	1.61575	1.61575	1.61575	1.61575	1.61575	1.61575	1.61575	1.61575	1.61575	1.61575	1.61575	1.61575	1.61575	1.61575	1.61575	1.61575	1.61575	1.61575	1.61575	1.61575	1.61575	1.61575	1.61575	1.61575	1.61575	1.61575	1.61575	1.61575	1.61575	1.61575	1.61575	1.61575	1.61575	1.61575	1.61575	1.61575	1.61575
1	1	1	1	1	1	1	1	1	1	1	1	1	1	1	1	1	1	1	1	1	1	1	1	1	1	1	1	1	1	1	1	1	1	1	1	1	1	1	1	1	1	1	1	1	1	1	1	1	1	1	1	1	1	1	1	1	1	1	1	1	1	1	1
1	1	1	1	1	1	1	1	1	1	1	1	1	1	1	1	1	1	1	1	1	1	1	1	1	1	1	1	1	1	1	1	1	1	1	1	1	1	1	1	1	1	1	1	1	1	1	1	1	1	1	1	1	1	1	1	1	1	1	1	1	1	1	1
1	1	1	1	1	1	1	1	1	1	1	1	1	1	1	1	1	1	1	1	1	1	1	1	1	1	1	1	1	1	1	1	1	1	1	1	1	1	1	1	1	1	1	1	1	1	1	1	1	1	1	1	1	1	1	1	1	1	1	1	1	1	1	1
1	1	1	1	1	1	1	1	1	1	1	1	1	1	1	1	1	1	1	1	1	1	1	1	1	1	1	1	1	1	1	1	1	1	1	1	1	1	1	1	1	1	1	1	1	1	1	1	1	1	1	1	1	1	1	1	1	1	1	1	1	1	1	1
1	1	1	1	1	1	1	1	1	1	1	1	1	1	1	1	1	1	1	1	1	1	1	1	1	1	1	1	1	1	1	1	1	1	1	1	1	1	1	1	1	1	1	1	1	1	1	1	1	1	1	1	1	1	1	1	1	1	1	1	1	1	1	1
1	1	1	1	1	1	1	1	1	1	1	1	1	1	1	1	1	1	1	1	1	1	1	1	1	1	1	1	1	1	1	1	1	1	1	1	1	1	1	1	1	1	1	1	1	1	1	1	1	1	1	1	1	1	1	1	1	1	1	1	1	1	1	1
1	1	1	1	1	1	1	1	1	1	1	1	1	1	1	1	1	1	1	1	1	1	1	1	1	1	1	1	1	1	1	1	1	1	1	1	1	1	1	1	1	1	1	1	1	1	1	1	1	1	1	1	1	1	1	1	1	1	1	1	1	1	1	1
1	1	1	1	1	1	1	1	1	1	1	1	1	1	1	1	1	1	1	1	1	1	1	1	1	1	1	1	1	1	1	1	1	1	1	1	1	1	1	1	1	1	1	1	1	1	1	1	1	1	1	1	1	1	1	1	1	1	1	1	1	1	1	1
1	1	1	1	1	1	1	1	1	1	1	1	1	1	1	1	1	1	1	1	1	1	1	1	1	1	1	1	1	1	1	1	1	1	1	1	1	1	1	1	1	1	1	1	1	1	1	1	1	1	1	1	1	1	1	1	1	1	1	1	1	1	1	1
1	1	1	1	1	1	1	1	1	1	1	1	1	1	1	1	1	1	1	1	1	1	1	1	1	1	1	1	1	1	1	1	1	1	1	1	1	1	1	1	1	1	1	1	1	1	1	1	1	1	1	1	1	1	1	1	1	1	1	1	1	1	1	1
1	1	1	1	1	1	1	1	1	1	1	1	1	1	1	1	1	1	1	1	1	1	1	1	1	1	1	1	1	1	1	1	1	1	1	1	1	1	1	1	1	1	1	1	1	1	1	1	1	1	1	1	1	1	1	1	1	1	1	1	1	1	1	1
1	1	1	1	1	1	1	1	1	1	1	1	1	1	1	1	1	1	1	1	1	1	1	1	1	1	1	1	1	1	1	1	1	1	1	1	1	1	1	1	1	1	1	1	1	1	1	1	1	1	1	1	1	1	1	1	1	1	1	1	1	1	1	1
