1	1	1	1	1	1	1	1	1	1	1	1	1	1	1	1	1	1	1	1	1	1	1	1	1	1	1	1	1	1	1	1	1	1	1	1	1	1	1	1	1	1	1	1	1	1	1	1	1	1	1	1	1	1	1	1	1	1	1	1	1	1	1	1
1	1	1	1	1	1	1	1	1	1	1	1	1	1	1	1	1	1	1	1	1	1	1	1	1	1	1	1	1	1	1	1	1	1	1	1	1	1	1	1	1	1	1	1	1	1	1	1	1	1	1	1	1	1	1	1	1	1	1	1	1	1	1	1
1	1	1	1	1	1	1	1	1	1	1	1	1	1	1	1	1	1	1	1	1	1	1	1	1	1	1	1	1	1	1	1	1	1	1	1	1	1	1	1	1	1	1	1	1	1	1	1	1	1	1	1	1	1	1	1	1	1	1	1	1	1	1	1
1	1	1	1	1	1	1	1	1	1	1	1	1	1	1	1	1	1	1	1	1	1.21555	1.11255	1	1	1	1	1	1	1	1	1	1	1	1	1	1	1	1	1	1	1	1	1	1	1	1	1	1	1	1	1	1	1	1	1	1	1	1	1	1	1	1	1
1	1	1	1	1	1	1	1	1	1	1	1	1	1	1	1	1	1	1	1	1.1813	2.97855	2.91913	1.60685	1	1	1	1	1	1	1	1	1	1	1	1	1	1	1	1	1	1	1	1	1	1	1	1	1	1	1	1	1	1	1	1	1	1	1	1	1	1	1	1
1	1	1	1	1	1	1	1	1	1	1	1	1	1	1	1	1	1	1	1	2.5488	3.2	3.2	3.15397	2.24932	1.02596	1	1	1	1	1	1	1	1	1	1	1	1	1	1	1	1	1	1	1	1	1	1	1	1	1	1	1	1	1	1	1	1	1	1	1	1	1	1
1	1	1	1	1	1	1	1	1	1	1	1	1	1	1	1	1	1	1	1.93588	3.19688	3.2	3.2	3.2	3.2	2.7888	1.41369	1	1	1	1	1	1	1	1	1	1	1	1	1	1	1	1	1	1	1	1	1	1	1	1	1	1	1	1	1	1	1	1	1	1	1	1	1
1	1	1	1	1	1	1	1	1	1	1	1	1	1	1	1	1	1	1.337	3.06755	3.2	3.2	3.2	3.2	3.2	3.2	3.09856	2.03243	1	1	1	1	1	1	1	1	1	1	1	1	1	1	1	1	1	1	1	1	1	1	1	1	1	1	1	1	1	1	1	1	1	1	1	1
1	1	1	1	1	1	1	1	1	1	1	1	1	1	1	1	1	1	2.45848	3.2	3.2	3.2	3.2	3.2	3.2	3.2	3.2	3.2	2.62682	1.2446	1	1	1	1	1	1	1	1	1	1	1	1	1	1	1	1	1	1	1	1	1	1	1	1	1	1	1	1	1	1	1	1	1	1
1	1	1	1	1	1	1	1	1	1	1	1	1	1	1	1	1	1	1.67355	2.9555	3.2	3.2	3.2	3.2	3.2	3.2	3.2	3.2	3.2	3.02017	1.81185	1	1	1	1	1	1	1	1	1	1	1	1	1	1	1	1	1	1	1	1	1	1	1	1	1	1	1	1	1	1	1	1	1
1	1	1	1	1	1	1	1	1	1	1	1	1	1	1	1	1	1	1	1.15208	2.50866	3.19386	3.2	3.2	3.2	3.2	3.2	3.2	3.2	3.2	3.18704	2.44352	1.1103	1	1	1	1	1	1	1	1	1	1	1	1	1	1	1	1	1	1	1	1	1	1	1	1	1	1	1	1	1	1	1
1	1	1	1	1	1	1	1	1	1	1	1	1	1	1	1	1	1	1	1	1	1.88724	3.05008	3.2	3.2	3.2	3.2	3.2	3.2	3.2	3.2	3.2	2.91682	1.60282	1	1	1	1	1	1	1	1	1	1	1	1	1	1	1	1	1	1	1	1	1	1	1	1	1	1	1	1	1	1
1	1	1	1	1	1	1	1	1	1	1	1	1	1	1	1	1	1	1	1	1	1	1.29996	2.6868	3.2	3.2	3.2	3.2	3.2	3.2	3.2	3.2	3.2	3.15308	2.2453	1.02482	1	1	1	1	1	1	1	1	1	1	1	1	1	1	1	1	1	1	1	1	1	1	1	1	1	1	1	1
1	1	1	1	1	1	1	1	1	1	1	1	1	1	1	1	1	1	1	1	1	1	1	1.00183	2.11012	3.12031	3.2	3.2	3.2	3.2	3.2	3.2	3.2	3.2	3.2	2.7859	1.41005	1	1	1	1	1	1	1	1	1	1	1	1	1	1	1	1	1	1	1	1	1	1	1	1	1	1	1
1	1	1	1	1	1	1	1	1	1	1	1	1	1	1	1	1	1	1	1	1	1	1	1	1	1.4784	2.83737	3.2	3.2	3.2	3.2	3.2	3.2	3.2	3.2	3.2	3.09723	2.02796	1	1	1	1	1	1	1	1	1	1	1	1	1	1	1	1	1	1	1	1	1	1	1	1	1	1
1	1	1	1	1	1	1	1	1	1	1	1	1	1	1	1	1	1	1	1	1	1	1	1	1	1	1.04963	2.31992	3.16803	3.2	3.2	3.2	3.2	3.2	3.2	3.2	3.2	3.2	2.62296	1.24136	1	1	1	1	1	1	1	1	1	1	1	1	1	1	1	1	1	1	1	1	1	1	1	1
1	1	1	1	1	1	1	1	1	1	1	1	1	1	1	1	1	1	1	1	1	1	1	1	1	1	1	1	1.67793	2.95775	3.2	3.2	3.2	3.2	3.2	3.2	3.2	3.2	3.2	3.01826	1.80731	1	1	1	1	1	1	1	1	1	1	1	1	1	1	1	1	1	1	1	1	1	1	1
1	1	1	1	1	1	1	1	1	1	1	1	1	1	1	1	1	1	1	1	1	1	1	1	1	1	1	1	1	1.15464	2.51225	3.19418	3.2	3.2	3.2	3.2	3.2	3.2	3.2	3.2	3.18654	2.43936	1.10794	1	1	1	1	1	1	1	1	1	1	1	1	1	1	1	1	1	1	1	1	1
1	1	1	1	1	1	1	1	1	1	1	1	1	1	1	1	1	1	1	1	1	1	1	1	1	1	1	1	1	1	1	1.89161	3.05171	3.2	3.2	3.2	3.2	3.2	3.2	3.2	3.2	3.2	2.07073	1	1	1	1	1	1	1	1	1	1	1	1	1	1	1	1	1	1	1	1	1
1	1	1	1	1	1	1	1	1	1	1	1	1	1	1	1	1	1	1	1	1	1	1	1	1	1	1	1	1	1	1	1	1.30325	2.69012	3.2	3.2	3.2	3.2	3.2	3.2	3.2	3.13295	1.52166	1	1	1	1	1	1	1	1	1	1	1	1	1	1	1	1	1	1	1	1	1
1	1	1	1	1	1	1	1	1	1	1	1	1	1	1	1	1	1	1	1	1	1	1	1	1	1	1	1	1	1	1	1	1	1.00215	2.11439	3.12147	3.2	3.2	3.2	3.2	3.2	2.15873	1	1	1	1	1	1	1	1	1	1	1	1	1	1	1	1	1	1	1	1	1	1
1	1	1	1	1	1	1	1	1	1	1	1	1	1	1	1	1	1	1	1	1	1	1	1	1	1	1	1	1	1	1	1	1	1	1	1.48219	2.84005	3.2	3.2	3.2	2.72334	1.00697	1	1	1	1	1	1	1	1	1	1	1	1	1	1	1	1	1	1	1	1	1	1
1	1	1	1	1	1	1	1	1	1	1	1	1	1	1	1	1	1	1	1	1	1	1	1	1	1	1	1	1	1	1	1	1	1	1	1	1.05121	2.3238	3.16876	3.06784	1.33765	1	1	1	1	1	1	1	1	1	1	1	1	1	1	1	1	1	1	1	1	1	1	1
1	1	1	1	1	1	1	1	1	1	1	1	1	1	1	1	1	1	1	1	1	1	1	1	1	1	1	1	1	1	1	1	1	1	1	1	1	1	1.68206	1.60325	1	1	1	1	1	1	1	1	1	1	1	1	1	1	1	1	1	1	1	1	1	1	1	1
1	1	1	1	1	1	1	1	1	1	1	1	1	1	1	1	1	1	1	1	1	1	1	1	1	1	1	1	1	1	1	1	1	1	1	1	1	1	1	1	1	1	1	1	1	1	1	1	1	1	1	1	1	1	1	1	1	1	1	1	1	1	1	1
1	1	1	1	1	1	1	1	1	1	1	1	1	1	1	1	1	1	1	1	1	1	1	1	1	1	1	1	1	1	1	1	1	1	1	1	1	1	1	1	1	1.06429	1.56497	1.89672	2.00235	1.99446	1.79343	1.34633	1	1	1	1	1	1	1	1	1	1	1	1	1	1	1	1
1	1	1	1	1	1	1	1	1	1	1	1	1	1	1	1	1	1	1	1	1	1	1	1	1	1	1	1	1	1	1	1	1	1	1	1	1	1	1	1.70509	2.48735	2.93495	3.01024	3.01024	3.01024	3.01024	3.01024	3.01024	2.79059	2.22928	1.31556	1	1	1	1	1	1	1	1	1	1	1	1	1
1	1	1	1	1	1	1	1	1	1	1	1	1	1	1	1	1	1	1	1	1	1	1	1	1	1	1	1	1	1	1	1	1	1	1	1	1	1.47423	2.61959	3.01024	3.01024	3.01024	3.01024	3.01024	3.01024	3.01024	3.01024	3.01024	3.01024	3.01024	2.9584	2.22352	1.09031	1	1	1	1	1	1	1	1	1	1	1
1	1	1	1	1	1	1	1	1	1	1	1	1	1	1	1	1	1	1	1	1	1	1	1	1	1	1	1	1	1	1	1	1	1	1	1	1.91491	2.9527	3.01024	3.01024	3.01024	3.01024	3.01024	3.01024	3.01024	3.01024	3.01024	3.01024	3.01024	3.01024	3.01024	3.01024	2.71229	1.35341	1	1	1	1	1	1	1	1	1	1
1	1	1	1	1	1	1	1	1	1	1	1	1	1	1	1	1	1	1	1	1	1	1	1	1	1	1	1	1	1	1	1	1	1	1	2.02094	3.00233	3.01024	3.01024	3.01024	3.01024	3.01024	3.01024	3.01024	3.01024	3.01024	3.01024	3.01024	3.01024	3.01024	3.01024	3.01024	3.01024	2.83288	1.38224	1	1	1	1	1	1	1	1	1
1	1	1	1	1	1	1	1	1	1	1	1	1	1	1	1	1	1	1	1	1	1	1	1	1	1	1	1	1	1	1	1	1	1	1.77544	2.99441	3.01024	3.01024	3.01024	3.01024	3.01024	3.01024	3.01024	3.01024	3.01024	3.01024	3.01024	3.01024	3.01024	3.01024	3.01024	3.01024	3.01024	3.01024	2.75695	1.14942	1	1	1	1	1	1	1	1
1	1	1	1	1	1	1	1	1	1	1	1	1	1	1	1	1	1	1	1	1	1	1	1	1	1	1	1	1	1	1	1	1	1.2375	2.88091	3.01024	3.01024	3.01024	3.01024	3.01024	3.01024	3.01024	3.01024	3.01024	3.01024	3.01024	3.01024	3.01024	3.01024	3.01024	3.01024	3.01024	3.01024	3.01024	3.01024	2.35409	1	1	1	1	1	1	1	1
1	1	1	1	1	1	1	1	1	1	1	1	1	1	1	1	1	1	1	1	1	1	1	1	1	1	1	1	1	1	1	1	1	2.32033	3.01024	3.01024	3.01024	3.01024	3.01024	3.01024	3.01024	3.01024	3.01024	3.01024	3.01024	3.01024	3.01024	3.01024	3.01024	3.01024	3.01024	3.01024	3.01024	3.01024	3.01024	2.99452	1.5127	1	1	1	1	1	1	1
1	1	1	1	1	1	1	1	1	1	1	1	1	1	1	1	1	1	1	1	1	1	1	1	1	1	1	1	1	1	1	1	1.21992	2.95207	3.01024	3.01024	3.01024	3.01024	3.01024	3.01024	3.01024	3.01024	3.01024	3.01024	3.01024	3.01024	3.01024	3.01024	3.01024	3.01024	3.01024	3.01024	3.01024	3.01024	3.01024	3.01024	2.43504	1	1	1	1	1	1	1
1	1	1	1	1	1	1	1	1	1	1	1	1	1	1	1	1	1	1	1	1	1	1	1	1	1	1	1	1	1	1	1	2.01291	3.01024	3.01024	3.01024	3.01024	3.01024	3.01024	3.01024	3.01024	3.01024	3.01024	3.01024	3.01024	3.01024	3.01024	3.01024	3.01024	3.01024	3.01024	3.01024	3.01024	3.01024	3.01024	3.01024	2.94584	1.12331	1	1	1	1	1	1
1	1	1	1	1	1	1	1	1	1	1	1	1	1	1	1	1	1	1	1	1	1	1	1	1	1	1	1	1	1	1	1	2.5071	3.01024	3.01024	3.01024	3.01024	3.01024	3.01024	3.01024	3.01024	3.01024	3.01024	3.01024	3.01024	3.01024	3.01024	3.01024	3.01024	3.01024	3.01024	3.01024	3.01024	3.01024	3.01024	3.01024	3.01024	1.74784	1	1	1	1	1	1
1	1	1	1	1	1	1	1	1	1	1	1	1	1	1	1	1	1	1	1	1	1	1	1	1	1	1	1	1	1	1	1	2.79889	3.01024	3.01024	3.01024	3.01024	3.01024	3.01024	3.01024	3.01024	3.01024	3.01024	3.01024	3.01024	3.01024	3.01024	3.01024	3.01024	3.01024	3.01024	3.01024	3.01024	3.01024	3.01024	3.01024	3.01024	2.14497	1	1	1	1	1	1
1	1	1	1	1	1	1	1	1	1	1	1	1	1	1	1	1	1	1	1	1	1	1	1	1	1	1	1	1	1	1	1	2.95398	3.01024	3.01024	3.01024	3.01024	3.01024	3.01024	3.01024	3.01024	3.01024	3.01024	3.01024	3.01024	3.01024	3.01024	3.01024	3.01024	3.01024	3.01024	3.01024	3.01024	3.01024	3.01024	3.01024	3.01024	2.34359	1	1	1	1	1	1
1	1	1	1	1	1	1	1	1	1	1	1	1	1	1	1	1	1	1	1	1	1	1	1	1	1	1	1	1	1	1	1	3.00187	3.01024	3.01024	3.01024	3.01024	3.01024	3.01024	3.01024	3.01024	3.01024	3.01024	3.01024	3.01024	3.01024	3.01024	3.01024	3.01024	3.01024	3.01024	3.01024	3.01024	3.01024	3.01024	3.01024	3.01024	2.40344	1	1	1	1	1	1
1	1	1	1	1	1	1	1	1	1	1	1	1	1	1	1	1	1	1	1	1	1	1	1	1	1	1	1	1	1	1	1	2.93235	3.01024	3.01024	3.01024	3.01024	3.01024	3.01024	3.01024	3.01024	3.01024	3.01024	3.01024	3.01024	3.01024	3.01024	3.01024	3.01024	3.01024	3.01024	3.01024	3.01024	3.01024	3.01024	3.01024	3.01024	2.31628	1	1	1	1	1	1
1	1	1	1	1	1	1	1	1	1	1	1	1	1	1	1	1	1	1	1	1	1	1	1	1	1	1	1	1	1	1	1	2.75267	3.01024	3.01024	3.01024	3.01024	3.01024	3.01024	3.01024	3.01024	3.01024	3.01024	3.01024	3.01024	3.01024	3.01024	3.01024	3.01024	3.01024	3.01024	3.01024	3.01024	3.01024	3.01024	3.01024	3.01024	2.08436	1	1	1	1	1	1
1	1	1	1	1	1	1	1	1	1	1	1	1	1	1	1	1	1	1	1	1	1	1	1	1	1	1	1	1	1	1	1	2.42794	3.01024	3.01024	3.01024	3.01024	3.01024	3.01024	3.01024	3.01024	3.01024	3.01024	3.01024	3.01024	3.01024	3.01024	3.01024	3.01024	3.01024	3.01024	3.01024	3.01024	3.01024	3.01024	3.01024	3.01024	1.63259	1	1	1	1	1	1
1	1	1	1	1	1	1	1	1	1	1	1	1	1	1	1	1	1	1	1	1	1	1	1	1	1	1	1	1	1	1	1	1.87583	3.01024	3.01024	3.01024	3.01024	3.01024	3.01024	3.01024	3.01024	3.01024	3.01024	3.01024	3.01024	3.01024	3.01024	3.01024	3.01024	3.01024	3.01024	3.01024	3.01024	3.01024	3.01024	3.01024	2.88308	1.04378	1	1	1	1	1	1
1	1	1	1	1	1	1	1	1	1	1	1	1	1	1	1	1	1	1	1	1	1	1	1	1	1	1	1	1	1	1	1	1.09794	2.88291	3.01024	3.01024	3.01024	3.01024	3.01024	3.01024	3.01024	3.01024	3.01024	3.01024	3.01024	3.01024	3.01024	3.01024	3.01024	3.01024	3.01024	3.01024	3.01024	3.01024	3.01024	3.01024	2.28952	1	1	1	1	1	1	1
1	1	1	1	1	1	1	1	1	1	1	1	1	1	1	1	1	1	1	1	1	1	1	1	1	1	1	1	1	1	1	1	1	2.12696	3.01024	3.01024	3.01024	3.01024	3.01024	3.01024	3.01024	3.01024	3.01024	3.01024	3.01024	3.01024	3.01024	3.01024	3.01024	3.01024	3.01024	3.01024	3.01024	3.01024	3.01024	2.94654	1.31719	1	1	1	1	1	1	1
1	1	1	1	1	1	1	1	1	1	1	1	1	1	1	1	1	1	1	1	1	1	1	1	1	1	1	1	1	1	1	1	1	1.08528	2.75414	3.01024	3.01024	3.01024	3.01024	3.01024	3.01024	3.01024	3.01024	3.01024	3.01024	3.01024	3.01024	3.01024	3.01024	3.01024	3.01024	3.01024	3.01024	3.01024	3.01024	2.11697	1	1	1	1	1	1	1	1
1	1	1	1	1	1	1	1	1	1	1	1	1	1	1	1	1	1	1	1	1	1	1	1	1	1	1	1	1	1	1	1	1	1	1.50475	2.93071	3.01024	3.01024	3.01024	3.01024	3.01024	3.01024	3.01024	3.01024	3.01024	3.01024	3.01024	3.01024	3.01024	3.01024	3.01024	3.01024	3.01024	3.01024	2.55724	1.02563	1	1	1	1	1	1	1	1
1	1	1	1	1	1	1	1	1	1	1	1	1	1	1	1	1	1	1	1	1	1	1	1	1	1	1	1	1	1	1	1	1	1	1	1.701	2.94116	3.01024	3.01024	3.01024	3.01024	3.01024	3.01024	3.01024	3.01024	3.01024	3.01024	3.01024	3.01024	3.01024	3.01024	3.01024	3.01024	2.64278	1.15403	1	1	1	1	1	1	1	1	1
1	1	1	1	1	1	1	1	1	1	1	1	1	1	1	1	1	1	1	1	1	1	1	1	1	1	1	1	1	1	1	1	1	1	1	1	1.56884	2.81455	3.01024	3.01024	3.01024	3.01024	3.01024	3.01024	3.01024	3.01024	3.01024	3.01024	3.01024	3.01024	3.01024	3.01024	2.42387	1.1137	1	1	1	1	1	1	1	1	1	1
1	1	1	1	1	1	1	1	1	1	1	1	1	1	1	1	1	1	1	1	1	1	1	1	1	1	1	1	1	1	1	1	1	1	1	1	1	1.16706	2.2893	2.96033	3.01024	3.01024	3.01024	3.01024	3.01024	3.01024	3.01024	3.01024	3.01024	3.01024	2.78932	1.82693	1	1	1	1	1	1	1	1	1	1	1	1
1	1	1	1	1	1	1	1	1	1	1	1	1	1	1	1	1	1	1	1	1	1	1	1	1	1	1	1	1	1	1	1	1	1	1	1	1	1	1	1.28272	2.13806	2.66321	2.96964	3.01024	3.01024	3.01024	3.01024	2.87611	2.48418	1.83146	1.03907	1	1	1	1	1	1	1	1	1	1	1	1	1
1	1	1	1	1	1	1	1	1	1	1	1	1	1	1	1	1	1	1	1	1	1	1	1	1	1	1	1	1	1	1	1	1	1	1	1	1	1	1	1	1	1	1.0631	1.40957	1.54824	1.53806	1.26782	1.00099	1	1	1	1	1	1	1	1	1	1	1	1	1	1	1	1
1	1	1	1	1	1	1	1	1	1	1	1	1	1	1	1	1	1	1	1	1	1	1	1	1	1	1	1	1	1	1	1	1	1	1	1	1	1	1	1	1	1	1	1	1	1	1	1	1	1	1	1	1	1	1	1	1	1	1	1	1	1	1	1
1	1	1	1	1	1	1	1	1	1	1	1	1	1	1	1	1	1	1	1	1	1	1	1	1	1	1	1	1	1	1	1	1	1	1	1	1	1	1	1	1	1	1	1	1	1	1	1	1	1	1	1	1	1	1	1	1	1	1	1	1	1	1	1
1	1	1	1	1	1	1	1	1	1	1	1	1	1	1	1	1	1	1	1	1	1	1	1	1	1	1	1	1	1	1	1	1	1	1	1	1	1	1	1	1	1	1	1	1	1	1	1	1	1	1	1	1	1	1	1	1	1	1	1	1	1	1	1
1	1	1	1	1	1	1	1	1	1	1	1	1	1	1	1	1	1	1	1	1	1	1	1	1	1	1	1	1	1	1	1	1	1	1	1	1	1	1	1	1	1	1	1	1	1	1	1	1	1	1	1	1	1	1	1	1	1	1	1	1	1	1	1
1	1	1	1	1	1	1	1	1	1	1	1	1	1	1	1	1	1	1	1	1	1	1	1	1	1	1	1	1	1	1	1	1	1	1	1	1	1	1	1	1	1	1	1	1	1	1	1	1	1	1	1	1	1	1	1	1	1	1	1	1	1	1	1
1	1	1	1	1	1	1	1	1	1	1	1	1	1	1	1	1	1	1	1	1	1	1	1	1	1	1	1	1	1	1	1	1	1	1	1	1	1	1	1	1	1	1	1	1	1	1	1	1	1	1	1	1	1	1	1	1	1	1	1	1	1	1	1
1	1	1	1	1	1	1	1	1	1	1	1	1	1	1	1	1	1	1	1	1	1	1	1	1	1	1	1	1	1	1	1	1	1	1	1	1	1	1	1	1	1	1	1	1	1	1	1	1	1	1	1	1	1	1	1	1	1	1	1	1	1	1	1
1	1	1	1	1	1	1	1	1	1	1	1	1	1	1	1	1	1	1	1	1	1	1	1	1	1	1	1	1	1	1	1	1	1	1	1	1	1	1	1	1	1	1	1	1	1	1	1	1	1	1	1	1	1	1	1	1	1	1	1	1	1	1	1
1	1	1	1	1	1	1	1	1	1	1	1	1	1	1	1	1	1	1	1	1	1	1	1	1	1	1	1	1	1	1	1	1	1	1	1	1	1	1	1	1	1	1	1	1	1	1	1	1	1	1	1	1	1	1	1	1	1	1	1	1	1	1	1
1	1	1	1	1	1	1	1	1	1	1	1	1	1	1	1	1	1	1	1	1	1	1	1	1	1	1	1	1	1	1	1	1	1	1	1	1	1	1	1	1	1	1	1	1	1	1	1	1	1	1	1	1	1	1	1	1	1	1	1	1	1	1	1
1	1	1	1	1	1	1	1	1	1	1	1	1	1	1	1	1	1	1	1	1	1	1	1	1	1	1	1	1	1	1	1	1	1	1	1	1	1	1	1	1	1	1	1	1	1	1	1	1	1	1	1	1	1	1	1	1	1	1	1	1	1	1	1
1	1	1	1	1	1	1	1	1	1	1	1	1	1	1	1	1	1	1	1	1	1	1	1	1	1	1	1	1	1	1	1	1	1	1	1	1	1	1	1	1	1	1	1	1	1	1	1	1	1	1	1	1	1	1	1	1	1	1	1	1	1	1	1
