1	1	1	1	1	1	1	1	1	1	1	1	1	1	1	1	1	1	1	1	1	1	1	1	1	1	1	1	1	1	1	1	1	1	1	1	1	1	1	1	1	1	1	1	1	1	1	1	1	1	1	1	1	1	1	1	1	1	1	1	1	1	1	1
1	1	1	1	1	1	1	1	1	1	1	1	1	1	1	1	1	1	1	1	1	1	1	1	1	1	1	1	1	1	1	1	1	1	1	1	1	1	1	1	1	1	1	1	1	1	1	1	1	1	1	1	1	1	1	1	1	1	1	1	1	1	1	1
1	1	1	1	1	1	1	1	1	1	1	1	1	1	1	1	1	1	1	1	1	1	1	1	1	1	1	1	1	1	1	1	1	1	1	1	1	1	1	1	1	1	1	1.11607	1.00282	1	1	1	1	1	1	1	1	1	1	1	1	1	1	1	1	1	1	1
1	1	1	1	1	1	1	1	1	1	1	1	1	1	1	1	1	1	1	1	1	1	1	1	1	1	1	1	1	1	1	1	1	1	1	1	1	1	1	1	1.10598	1.99684	2.73478	3.03248	1.70895	1	1	1	1	1	1	1	1	1	1	1	1	1	1	1	1	1	1	1
1	1	1	1	1	1	1	1	1	1	1	1	1	1	1	1	1	1	1	1	1	1	1	1	1	1	1	1	1	1	1	1	1	1	1	1	1	1	1.37278	2.28684	2.91388	3.03248	3.03248	3.03248	2.53152	1	1	1	1	1	1	1	1	1	1	1	1	1	1	1	1	1	1	1
1	1	1	1	1	1	1	1	1	1	1	1	1	1	1	1	1	1	1	1	1	1	1	1	1	1	1	1	1	1	1	1	1	1	1	1.00483	1.72729	2.54399	3.00985	3.03248	3.03248	3.03248	3.03248	3.03248	3.00684	1.35664	1	1	1	1	1	1	1	1	1	1	1	1	1	1	1	1	1	1
1	1	1	1	1	1	1	1	1	1	1	1	1	1	1	1	1	1	1	1	1	1	1	1	1	1	1	1	1	1	1	1	1	1.14657	2.05501	2.77573	3.03248	3.03248	3.03248	3.03248	3.03248	3.03248	3.03248	3.03248	3.03248	1.60758	1	1	1	1	1	1	1	1	1	1	1	1	1	1	1	1	1	1
1	1	1	1	1	1	1	1	1	1	1	1	1	1	1	1	1	1	1	1	1	1	1	1	1	1	1	1	1	1	1	1.43538	2.33764	2.93807	3.03248	3.03248	3.03248	3.03248	3.03248	3.03248	3.03248	3.03248	3.03248	3.03248	3.03248	3.0297	1.19927	1	1	1	1	1	1	1	1	1	1	1	1	1	1	1	1	1
1	1	1	1	1	1	1	1	1	1	1	1	1	1	1	1	1	1	1	1	1	1	1	1	1	1	1	1	1.01714	1.79409	2.58997	3.01951	3.03248	3.03248	3.03248	3.03248	3.03248	3.03248	3.03248	3.03248	3.03248	3.03248	3.03248	3.03248	3.03248	3.03248	1.76625	1	1	1	1	1	1	1	1	1	1	1	1	1	1	1	1	1
1	1	1	1	1	1	1	1	1	1	1	1	1	1	1	1	1	1	1	1	1	1	1	1	1	1	1.19237	2.11159	2.81343	3.03248	3.03248	3.03248	3.03248	3.03248	3.03248	3.03248	3.03248	3.03248	3.03248	3.03248	3.03248	3.03248	3.03248	3.03248	3.03248	3.03248	3.02785	1	1	1	1	1	1	1	1	1	1	1	1	1	1	1	1	1
1	1	1	1	1	1	1	1	1	1	1	1	1	1	1	1	1	1	1	1	1	1	1	1	1.50102	2.38779	2.95951	3.03248	3.03248	3.03248	3.03248	3.03248	3.03248	3.03248	3.03248	3.03248	3.03248	3.03248	3.03248	3.03248	3.03248	3.03248	3.03248	3.03248	3.03248	3.03248	3.03247	1.28224	1	1	1	1	1	1	1	1	1	1	1	1	1	1	1	1
1	1	1	1	1	1	1	1	1	1	1	1	1	1	1	1	1	1	1	1	1	1.03662	1.85853	2.63516	3.02646	3.03248	3.03248	3.03248	3.03248	3.03248	3.03248	3.03248	3.03248	3.03248	3.03248	3.03248	3.03248	3.03248	3.03248	3.03248	3.03248	3.03248	3.03248	3.03248	3.03248	3.03248	3.03248	3.02694	1	1	1	1	1	1	1	1	1	1	1	1	1	1	1	1
1	1	1	1	1	1	1	1	1	1	1	1	1	1	1	1	1	1	1	1.24316	2.16671	2.84761	3.03248	3.03248	3.03248	3.03248	3.03248	3.03248	3.03248	3.03248	3.03248	3.03248	3.03248	3.03248	3.03248	3.03248	3.03248	3.03248	3.03248	3.03248	3.03248	3.03248	3.03248	3.03248	3.03248	3.03248	3.03248	3.0297	1.23662	1	1	1	1	1	1	1	1	1	1	1	1	1	1	1
1	1	1	1	1	1	1	1	1	1	1	1	1	1	1	1	1	1.56868	2.4365	2.97803	3.03248	3.03248	3.03248	3.03248	3.03248	3.03248	3.03248	3.03248	3.03248	3.03248	3.03248	3.03248	3.03248	3.03248	3.03248	3.03248	3.03248	3.03248	3.03248	3.03248	3.03248	3.03248	3.03248	3.03248	3.03248	3.03248	3.03248	3.03248	2.27768	1	1	1	1	1	1	1	1	1	1	1	1	1	1	1
1	1	1	1	1	1	1	1	1	1	1	1	1	1	1.06307	1.92058	2.67958	3.03078	3.03248	3.03248	3.03248	3.03248	3.03248	3.03248	3.03248	3.03248	3.03248	3.03248	3.03248	3.03248	3.03248	3.03248	3.03248	3.03248	3.03248	3.03248	3.03248	3.03248	3.03248	3.03248	3.03248	3.03248	3.03248	3.03248	3.03248	3.03248	3.03248	3.03248	3.0297	1.19117	1	1	1	1	1	1	1	1	1	1	1	1	1	1
1	1	1	1	1	1	1	1	1	1	1	1	1.29796	2.22047	2.87882	3.03248	3.03248	3.03248	3.03248	3.03248	3.03248	3.03248	3.03248	3.03248	3.03248	3.03248	3.03248	3.03248	3.03248	3.03248	3.03248	3.03248	3.03248	3.03248	3.03248	3.03248	3.03248	3.03248	3.03248	3.03248	3.03248	3.03248	3.03248	3.03248	3.03248	3.03248	3.03248	3.03248	3.03248	1.70038	1	1	1	1	1	1	1	1	1	1	1	1	1	1
1	1	1	1	1	1	1	1	1	1	1.63886	2.48467	2.99385	3.03248	3.03248	3.03248	3.03248	3.03248	3.03248	3.03248	3.03248	3.03248	3.03248	3.03248	3.03248	3.03248	3.03248	3.03248	3.03248	3.03248	3.03248	3.03248	3.03248	3.03248	3.03248	3.03248	3.03248	3.03248	3.03248	3.03248	3.03248	3.03248	3.03248	3.03248	3.03248	3.03248	3.03248	3.03248	3.03248	3.02751	1	1	1	1	1	1	1	1	1	1	1	1	1	1
1	1	1	1	1	1	1	1.09617	1.98121	2.72328	3.03248	3.03248	3.03248	3.03248	3.03248	3.03248	3.03248	3.03248	3.03248	3.03248	3.03248	3.03248	3.03248	3.03248	3.03248	3.03248	3.03248	3.03248	3.03248	3.03248	3.03248	3.03248	3.03248	3.03248	3.03248	3.03248	3.03248	3.03248	3.03248	3.03248	3.03248	3.03248	3.03248	3.03248	3.03248	3.03248	3.03248	3.03248	3.03248	3.03097	1.27425	1	1	1	1	1	1	1	1	1	1	1	1	1
1	1	1	1	1	1.35664	2.27297	2.90682	3.03248	3.03248	3.03248	3.03248	3.03248	3.03248	3.03248	3.03248	3.03248	3.03248	3.03248	3.03248	3.03248	3.03248	3.03248	3.03248	3.03248	3.03248	3.03248	3.03248	3.03248	3.03248	3.03248	3.03248	3.03248	3.03248	3.03248	3.03248	3.03248	3.03248	3.03248	3.03248	3.03248	3.03248	3.03248	3.03248	3.03248	3.03248	3.03248	3.03248	3.03248	3.03248	3.02692	1	1	1	1	1	1	1	1	1	1	1	1	1
1	1	1.00282	1.70895	2.53152	3.00684	3.03248	3.03248	3.03248	3.03248	3.03248	3.03248	3.03248	3.03248	3.03248	3.03248	3.03248	3.03248	3.03248	3.03248	3.03248	3.03248	3.03248	3.03248	3.03248	3.03248	3.03248	3.03248	3.03248	3.03248	3.03248	3.03248	3.03248	3.03248	3.03248	3.03248	3.03248	3.03248	3.03248	3.03248	3.03248	3.03248	3.03248	3.03248	3.03248	3.03248	3.03248	3.03248	3.03248	3.03248	3.02968	1.2276	1	1	1	1	1	1	1	1	1	1	1	1
1	1	1.11607	3.03248	3.03248	3.03248	3.03248	3.03248	3.03248	3.03248	3.03248	3.03248	3.03248	3.03248	3.03248	3.03248	3.03248	3.03248	3.03248	3.03248	3.03248	3.03248	3.03248	3.03248	3.03248	3.03248	3.03248	3.03248	3.03248	3.03248	3.03248	3.03248	3.03248	3.03248	3.03248	3.03248	3.03248	3.03248	3.03248	3.03248	3.03248	3.03248	3.03248	3.03248	3.03248	3.03248	3.03248	3.03248	3.03248	3.03248	3.03248	2.10439	1	1	1	1	1	1	1	1	1	1	1	1
1	1	1	2.73478	3.03248	3.03248	3.03248	3.03248	3.03248	3.03248	3.03248	3.03248	3.03248	3.03248	3.03248	3.03248	3.03248	3.03248	3.03248	3.03248	3.03248	3.03248	3.03248	3.03248	3.03248	3.03248	3.03248	3.03248	3.03248	3.03248	3.03248	3.03248	3.03248	3.03248	3.03248	3.03248	3.03248	3.03248	3.03248	3.03248	3.03248	3.03248	3.03248	3.03248	3.03248	3.03248	3.03248	3.03248	3.03248	3.03248	3.03248	3.03021	1.29593	1	1	1	1	1	1	1	1	1	1	1
1	1	1	1.99684	3.03248	3.03248	3.03248	3.03248	3.03248	3.03248	3.03248	3.03248	3.03248	3.03248	3.03248	3.03248	3.03248	3.03248	3.03248	3.03248	3.03248	3.03248	3.03248	3.03248	3.03248	3.03248	3.03248	3.03248	3.03248	3.03248	3.03248	3.03248	3.03248	3.03248	3.03248	3.03248	3.03248	3.03248	3.03248	3.03248	3.03248	3.03248	3.03248	3.03248	3.03248	3.03248	3.03248	3.03248	3.03248	3.03248	3.03248	3.03248	3.03002	1.33854	1	1	1	1	1	1	1	1	1	1
1	1	1	1.10598	2.91388	3.03248	3.03248	3.03248	3.03248	3.03248	3.03248	3.03248	3.03248	3.03248	3.03248	3.03248	3.03248	3.03248	3.03248	3.03248	3.03248	3.03248	3.03248	3.03248	3.03248	3.03248	3.03248	3.03248	3.03248	3.03248	3.03248	3.03248	3.03248	3.03248	3.03248	3.03248	3.03248	3.03248	3.03248	3.03248	3.03248	3.03248	3.03248	3.03248	3.03248	3.03248	3.03248	3.03248	3.03248	3.03248	3.03248	3.03248	3.03248	3.02993	1.33453	1	1	1	1	1	1	1	1	1
1	1	1	1	2.28684	3.03248	3.03248	3.03248	3.03248	3.03248	3.03248	3.03248	3.03248	3.03248	3.03248	3.03248	3.03248	3.03248	3.03248	3.03248	3.03248	3.03248	3.03248	3.03248	3.03248	3.03248	3.03248	3.03248	3.03248	3.03248	3.03248	3.03248	3.03248	3.03248	3.03248	3.03248	3.03248	3.03248	3.03248	3.03248	3.03248	3.03248	3.03248	3.03248	3.03248	3.03248	3.03248	3.03248	3.03248	3.03248	3.03248	3.03248	3.03248	3.03248	3.03007	1.28038	1	1	1	1	1	1	1	1
1	1	1	1	1.37278	3.00985	3.03248	3.03248	3.03248	3.03248	3.03248	3.03248	3.03248	3.03248	3.03248	3.03248	3.03248	3.03248	3.03248	3.03248	3.03248	3.03248	3.03248	3.03248	3.03248	3.03248	3.03248	3.03248	3.03248	3.03248	3.03248	3.03248	3.03248	3.03248	3.03248	3.03248	3.03248	3.03248	3.03248	3.03248	3.03248	3.03248	3.03248	3.03248	3.03248	3.03248	3.03248	3.03248	3.03248	3.03248	3.03248	3.03248	3.03248	3.03248	3.03248	3.03013	1.0028	1	1	1	1	1	1	1
1	1	1	1	1	2.54399	3.03248	3.03248	3.03248	3.03248	3.03248	3.03248	3.03248	3.03248	3.03248	3.03248	3.03248	3.03248	3.03248	3.03248	3.03248	3.03248	3.03248	3.03248	3.03248	3.03248	3.03248	3.03248	3.03248	3.03248	3.03248	3.03248	3.03248	3.03248	3.03248	3.03248	3.03248	3.03248	3.03248	3.03248	3.03248	3.03248	3.03248	3.03248	3.03248	3.03248	3.03248	3.03248	3.03248	3.03248	3.03248	3.03248	3.03248	3.03248	3.03248	3.03248	1.95087	1	1	1	1	1	1	1
1	1	1	1	1	1.72729	3.03248	3.03248	3.03248	3.03248	3.03248	3.03248	3.03248	3.03248	3.03248	3.03248	3.03248	3.03248	3.03248	3.03248	3.03248	3.03248	3.03248	3.03248	3.03248	3.03248	3.03248	3.03248	3.03248	3.03248	3.03248	3.03248	3.03248	3.03248	3.03248	3.03248	3.03248	3.03248	3.03248	3.03248	3.03248	3.03248	3.03248	3.03248	3.03248	3.03248	3.03248	3.03248	3.03248	3.03248	3.03248	3.03248	3.03248	3.03248	3.03248	3.03248	2.70384	1	1	1	1	1	1	1
1	1	1	1	1	1.00483	2.77573	3.03248	3.03248	3.03248	3.03248	3.03248	3.03248	3.03248	3.03248	3.03248	3.03248	3.03248	3.03248	3.03248	3.03248	3.03248	3.03248	3.03248	3.03248	3.03248	3.03248	3.03248	3.03248	3.03248	3.03248	3.03248	3.03248	3.03248	3.03248	3.03248	3.03248	3.03248	3.03248	3.03248	3.03248	3.03248	3.03248	3.03248	3.03248	3.03248	3.03248	3.03248	3.03248	3.03248	3.03248	3.03248	3.03248	3.03248	3.03248	3.03248	3.02893	1.36135	1	1	1	1	1	1
1	1	1	1	1	1	2.05501	3.03248	3.03248	3.03248	3.03248	3.03248	3.03248	3.03248	3.03248	3.03248	3.03248	3.03248	3.03248	3.03248	3.03248	3.03248	3.03248	3.03248	3.03248	3.03248	3.03248	3.03248	3.03248	3.03248	3.03248	3.03248	3.03248	3.03248	3.03248	3.03248	3.03248	3.03248	3.03248	3.03248	3.03248	3.03248	3.03248	3.03248	3.03248	3.03248	3.03248	3.03248	3.03248	3.03248	3.03248	3.03248	3.03248	3.03248	3.03248	3.03248	3.03248	1.94727	1	1	1	1	1	1
1	1	1	1	1	1	1.14657	2.93807	3.03248	3.03248	3.03248	3.03248	3.03248	3.03248	3.03248	3.03248	3.03248	3.03248	3.03248	3.03248	3.03248	3.03248	3.03248	3.03248	3.03248	3.03248	3.03248	3.03248	3.03248	3.03248	3.03248	3.03248	3.03248	3.03248	3.03248	3.03248	3.03248	3.03248	3.03248	3.03248	3.03248	3.03248	3.03248	3.03248	3.03248	3.03248	3.03248	3.03248	3.03248	3.03248	3.03248	3.03248	3.03248	3.03248	3.03248	3.03248	3.03248	2.25746	1	1	1	1	1	1
1	1	1	1	1	1	1	2.33764	3.03248	3.03248	3.03248	3.03248	3.03248	3.03248	3.03248	3.03248	3.03248	3.03248	3.03248	3.03248	3.03248	3.03248	3.03248	3.03248	3.03248	3.03248	3.03248	3.03248	3.03248	3.03248	3.03248	3.03248	3.03248	3.03248	3.03248	3.03248	3.03248	3.03248	3.03248	3.03248	3.03248	3.03248	3.03248	3.03248	3.03248	3.03248	3.03248	3.03248	3.03248	3.03248	3.03248	3.03248	3.03248	3.03248	3.03248	3.03248	3.03248	2.36264	1	1	1	1	1	1
1	1	1	1	1	1	1	1.43538	3.01951	3.03248	3.03248	3.03248	3.03248	3.03248	3.03248	3.03248	3.03248	3.03248	3.03248	3.03248	3.03248	3.03248	3.03248	3.03248	3.03248	3.03248	3.03248	3.03248	3.03248	3.03248	3.03248	3.03248	3.03248	3.03248	3.03248	3.03248	3.03248	3.03248	3.03248	3.03248	3.03248	3.03248	3.03248	3.03248	3.03248	3.03248	3.03248	3.03248	3.03248	3.03248	3.03248	3.03248	3.03248	3.03248	3.03248	3.03248	3.03248	2.42969	1	1	1	1	1	1
1	1	1	1	1	1	1	1	2.58997	3.03248	3.03248	3.03248	3.03248	3.03248	3.03248	3.03248	3.03248	3.03248	3.03248	3.03248	3.03248	3.03248	3.03248	3.03248	3.03248	3.03248	3.03248	3.03248	3.03248	3.03248	3.03248	3.03248	3.03248	3.03248	3.03248	3.03248	3.03248	3.03248	3.03248	3.03248	3.03248	3.03248	3.03248	3.03248	3.03248	3.03248	3.03248	3.03248	3.03248	3.03248	3.03248	3.03248	3.03248	3.03248	3.03248	3.03248	3.03248	2.25746	1	1	1	1	1	1
1	1	1	1	1	1	1	1	1.79409	3.03248	3.03248	3.03248	3.03248	3.03248	3.03248	3.03248	3.03248	3.03248	3.03248	3.03248	3.03248	3.03248	3.03248	3.03248	3.03248	3.03248	3.03248	3.03248	3.03248	3.03248	3.03248	3.03248	3.03248	3.03248	3.03248	3.03248	3.03248	3.03248	3.03248	3.03248	3.03248	3.03248	3.03248	3.03248	3.03248	3.03248	3.03248	3.03248	3.03248	3.03248	3.03248	3.03248	3.03248	3.03248	3.03248	3.03248	3.03248	2.29975	1	1	1	1	1	1
1	1	1	1	1	1	1	1	1.01714	2.81343	3.03248	3.03248	3.03248	3.03248	3.03248	3.03248	3.03248	3.03248	3.03248	3.03248	3.03248	3.03248	3.03248	3.03248	3.03248	3.03248	3.03248	3.03248	3.03248	3.03248	3.03248	3.03248	3.03248	3.03248	3.03248	3.03248	3.03248	3.03248	3.03248	3.03248	3.03248	3.03248	3.03248	3.03248	3.03248	3.03248	3.03248	3.03248	3.03248	3.03248	3.03248	3.03248	3.03248	3.03248	3.03248	3.03248	3.03248	2.77573	1.00483	1	1	1	1	1
1	1	1	1	1	1	1	1	1	2.11159	3.03248	3.03248	3.03248	3.03248	3.03248	3.03248	3.03248	3.03248	3.03248	3.03248	3.03248	3.03248	3.03248	3.03248	3.03248	3.03248	3.03248	3.03248	3.03248	3.03248	3.03248	3.03248	3.03248	3.03248	3.03248	3.03248	3.03248	3.03248	3.03248	3.03248	3.03248	3.03248	3.03248	3.03248	3.03248	3.03248	3.03248	3.03248	3.03248	3.03248	3.03248	3.03248	3.03248	3.03248	3.03248	3.03248	3.03248	3.03248	1.72729	1	1	1	1	1
1	1	1	1	1	1	1	1	1	1.19237	2.95951	3.03248	3.03248	3.03248	3.03248	3.03248	3.03248	3.03248	3.03248	3.03248	3.03248	3.03248	3.03248	3.03248	3.03248	3.03248	3.03248	3.03248	3.03248	3.03248	3.03248	3.03248	3.03248	3.03248	3.03248	3.03248	3.03248	3.03248	3.03248	3.03248	3.03248	3.03248	3.03248	3.03248	3.03248	3.03248	3.03248	3.03248	3.03248	3.03248	3.03248	3.03248	3.03248	3.03248	3.03248	3.03248	3.03248	3.03248	2.54399	1	1	1	1	1
1	1	1	1	1	1	1	1	1	1	2.38779	3.03248	3.03248	3.03248	3.03248	3.03248	3.03248	3.03248	3.03248	3.03248	3.03248	3.03248	3.03248	3.03248	3.03248	3.03248	3.03248	3.03248	3.03248	3.03248	3.03248	3.03248	3.03248	3.03248	3.03248	3.03248	3.03248	3.03248	3.03248	3.03248	3.03248	3.03248	3.03248	3.03248	3.03248	3.03248	3.03248	3.03248	3.03248	3.03248	3.03248	3.03248	3.03248	3.03248	3.03248	3.03248	3.03248	3.03248	3.00985	1.37278	1	1	1	1
1	1	1	1	1	1	1	1	1	1	1.50102	3.02646	3.03248	3.03248	3.03248	3.03248	3.03248	3.03248	3.03248	3.03248	3.03248	3.03248	3.03248	3.03248	3.03248	3.03248	3.03248	3.03248	3.03248	3.03248	3.03248	3.03248	3.03248	3.03248	3.03248	3.03248	3.03248	3.03248	3.03248	3.03248	3.03248	3.03248	3.03248	3.03248	3.03248	3.03248	3.03248	3.03248	3.03248	3.03248	3.03248	3.03248	3.03248	3.03248	3.03248	3.03248	3.03248	3.03248	3.03248	2.28684	1	1	1	1
1	1	1	1	1	1	1	1	1	1	1	2.63516	3.03248	3.03248	3.03248	3.03248	3.03248	3.03248	3.03248	3.03248	3.03248	3.03248	3.03248	3.03248	3.03248	3.03248	3.03248	3.03248	3.03248	3.03248	3.03248	3.03248	3.03248	3.03248	3.03248	3.03248	3.03248	3.03248	3.03248	3.03248	3.03248	3.03248	3.03248	3.03248	3.03248	3.03248	3.03248	3.03248	3.03248	3.03248	3.03248	3.03248	3.03248	3.03248	3.03248	3.03248	3.03248	3.03248	3.03248	2.91388	1.10598	1	1	1
1	1	1	1	1	1	1	1	1	1	1	1.85853	3.03248	3.03248	3.03248	3.03248	3.03248	3.03248	3.03248	3.03248	3.03248	3.03248	3.03248	3.03248	3.03248	3.03248	3.03248	3.03248	3.03248	3.03248	3.03248	3.03248	3.03248	3.03248	3.03248	3.03248	3.03248	3.03248	3.03248	3.03248	3.03248	3.03248	3.03248	3.03248	3.03248	3.03248	3.03248	3.03248	3.03248	3.03248	3.03248	3.03248	3.03248	3.03248	3.03248	3.03248	3.03248	3.03248	3.03248	3.03248	1.99684	1	1	1
1	1	1	1	1	1	1	1	1	1	1	1.03662	2.84761	3.03248	3.03248	3.03248	3.03248	3.03248	3.03248	3.03248	3.03248	3.03248	3.03248	3.03248	3.03248	3.03248	3.03248	3.03248	3.03248	3.03248	3.03248	3.03248	3.03248	3.03248	3.03248	3.03248	3.03248	3.03248	3.03248	3.03248	3.03248	3.03248	3.03248	3.03248	3.03248	3.03248	3.03248	3.03248	3.03248	3.03248	3.03248	3.03248	3.03248	3.03248	3.03248	3.03248	3.03248	3.03248	3.03248	3.03248	2.73478	1	1	1
1	1	1	1	1	1	1	1	1	1	1	1	2.16671	3.03248	3.03248	3.03248	3.03248	3.03248	3.03248	3.03248	3.03248	3.03248	3.03248	3.03248	3.03248	3.03248	3.03248	3.03248	3.03248	3.03248	3.03248	3.03248	3.03248	3.03248	3.03248	3.03248	3.03248	3.03248	3.03248	3.03248	3.03248	3.03248	3.03248	3.03248	3.03248	3.03248	3.03248	3.03248	3.03248	3.03248	3.03248	3.03248	3.03248	3.03248	3.03248	3.03248	3.03248	3.03248	3.03248	3.03248	3.03248	1.11607	1	1
1	1	1	1	1	1	1	1	1	1	1	1	1.24316	2.97803	3.03248	3.03248	3.03248	3.03248	3.03248	3.03248	3.03248	3.03248	3.03248	3.03248	3.03248	3.03248	3.03248	3.03248	3.03248	3.03248	3.03248	3.03248	3.03248	3.03248	3.03248	3.03248	3.03248	3.03248	3.03248	3.03248	3.03248	3.03248	3.03248	3.03248	3.03248	3.03248	3.03248	3.03248	3.03248	3.03248	3.03248	3.03248	3.03248	3.03248	3.03248	3.03248	3.03248	3.03248	3.00684	2.53152	1.70895	1.00282	1	1
1	1	1	1	1	1	1	1	1	1	1	1	1	2.4365	3.03248	3.03248	3.03248	3.03248	3.03248	3.03248	3.03248	3.03248	3.03248	3.03248	3.03248	3.03248	3.03248	3.03248	3.03248	3.03248	3.03248	3.03248	3.03248	3.03248	3.03248	3.03248	3.03248	3.03248	3.03248	3.03248	3.03248	3.03248	3.03248	3.03248	3.03248	3.03248	3.03248	3.03248	3.03248	3.03248	3.03248	3.03248	3.03248	3.03248	3.03248	3.03248	2.90682	2.27297	1.35664	1	1	1	1	1
1	1	1	1	1	1	1	1	1	1	1	1	1	1.56868	3.03078	3.03248	3.03248	3.03248	3.03248	3.03248	3.03248	3.03248	3.03248	3.03248	3.03248	3.03248	3.03248	3.03248	3.03248	3.03248	3.03248	3.03248	3.03248	3.03248	3.03248	3.03248	3.03248	3.03248	3.03248	3.03248	3.03248	3.03248	3.03248	3.03248	3.03248	3.03248	3.03248	3.03248	3.03248	3.03248	3.03248	3.03248	3.03248	3.03248	2.72328	1.98121	1.09617	1	1	1	1	1	1	1
1	1	1	1	1	1	1	1	1	1	1	1	1	1	2.67958	3.03248	3.03248	3.03248	3.03248	3.03248	3.03248	3.03248	3.03248	3.03248	3.03248	3.03248	3.03248	3.03248	3.03248	3.03248	3.03248	3.03248	3.03248	3.03248	3.03248	3.03248	3.03248	3.03248	3.03248	3.03248	3.03248	3.03248	3.03248	3.03248	3.03248	3.03248	3.03248	3.03248	3.03248	3.03248	3.03248	2.99385	2.48467	1.63886	1	1	1	1	1	1	1	1	1	1
1	1	1	1	1	1	1	1	1	1	1	1	1	1	1.92058	3.03248	3.03248	3.03248	3.03248	3.03248	3.03248	3.03248	3.03248	3.03248	3.03248	3.03248	3.03248	3.03248	3.03248	3.03248	3.03248	3.03248	3.03248	3.03248	3.03248	3.03248	3.03248	3.03248	3.03248	3.03248	3.03248	3.03248	3.03248	3.03248	3.03248	3.03248	3.03248	3.03248	3.03248	2.87882	2.22047	1.29796	1	1	1	1	1	1	1	1	1	1	1	1
1	1	1	1	1	1	1	1	1	1	1	1	1	1	1.06307	2.87882	3.03248	3.03248	3.03248	3.03248	3.03248	3.03248	3.03248	3.03248	3.03248	3.03248	3.03248	3.03248	3.03248	3.03248	3.03248	3.03248	3.03248	3.03248	3.03248	3.03248	3.03248	3.03248	3.03248	3.03248	3.03248	3.03248	3.03248	3.03248	3.03248	3.03248	3.03078	2.67958	1.92058	1.06307	1	1	1	1	1	1	1	1	1	1	1	1	1	1
1	1	1	1	1	1	1	1	1	1	1	1	1	1	1	2.22047	3.03248	3.03248	3.03248	3.03248	3.03248	3.03248	3.03248	3.03248	3.03248	3.03248	3.03248	3.03248	3.03248	3.03248	3.03248	3.03248	3.03248	3.03248	3.03248	3.03248	3.03248	3.03248	3.03248	3.03248	3.03248	3.03248	3.03248	3.03248	2.97803	2.4365	1.56868	1	1	1	1	1	1	1	1	1	1	1	1	1	1	1	1	1
1	1	1	1	1	1	1	1	1	1	1	1	1	1	1	1.29796	2.99385	3.03248	3.03248	3.03248	3.03248	3.03248	3.03248	3.03248	3.03248	3.03248	3.03248	3.03248	3.03248	3.03248	3.03248	3.03248	3.03248	3.03248	3.03248	3.03248	3.03248	3.03248	3.03248	3.03248	3.03248	3.03248	2.84761	2.16671	1.24316	1	1	1	1	1	1	1	1	1	1	1	1	1	1	1	1	1	1	1
1	1	1	1	1	1	1	1	1	1	1	1	1	1	1	1	2.48467	3.03248	3.03248	3.03248	3.03248	3.03248	3.03248	3.03248	3.03248	3.03248	3.03248	3.03248	3.03248	3.03248	3.03248	3.03248	3.03248	3.03248	3.03248	3.03248	3.03248	3.03248	3.03248	3.02646	2.63516	1.85853	1.03662	1	1	1	1	1	1	1	1	1	1	1	1	1	1	1	1	1	1	1	1	1
1	1	1	1	1	1	1	1	1	1	1	1	1	1	1	1	1.63886	3.03248	3.03248	3.03248	3.03248	3.03248	3.03248	3.03248	3.03248	3.03248	3.03248	3.03248	3.03248	3.03248	3.03248	3.03248	3.03248	3.03248	3.03248	3.03248	3.03248	2.95951	2.38779	1.50102	1	1	1	1	1	1	1	1	1	1	1	1	1	1	1	1	1	1	1	1	1	1	1	1
1	1	1	1	1	1	1	1	1	1	1	1	1	1	1	1	1	2.72328	3.03248	3.03248	3.03248	3.03248	3.03248	3.03248	3.03248	3.03248	3.03248	3.03248	3.03248	3.03248	3.03248	3.03248	3.03248	3.03248	3.03248	2.81343	2.11159	1.19237	1	1	1	1	1	1	1	1	1	1	1	1	1	1	1	1	1	1	1	1	1	1	1	1	1	1
1	1	1	1	1	1	1	1	1	1	1	1	1	1	1	1	1	1.98121	3.03248	3.03248	3.03248	3.03248	3.03248	3.03248	3.03248	3.03248	3.03248	3.03248	3.03248	3.03248	3.03248	3.03248	3.01951	2.58997	1.79409	1.01714	1	1	1	1	1	1	1	1	1	1	1	1	1	1	1	1	1	1	1	1	1	1	1	1	1	1	1	1
1	1	1	1	1	1	1	1	1	1	1	1	1	1	1	1	1	1.09617	2.90682	3.03248	3.03248	3.03248	3.03248	3.03248	3.03248	3.03248	3.03248	3.03248	3.03248	3.03248	2.93807	2.33764	1.43538	1	1	1	1	1	1	1	1	1	1	1	1	1	1	1	1	1	1	1	1	1	1	1	1	1	1	1	1	1	1	1
1	1	1	1	1	1	1	1	1	1	1	1	1	1	1	1	1	1	2.27297	3.03248	3.03248	3.03248	3.03248	3.03248	3.03248	3.03248	3.03248	3.03248	2.77573	2.05501	1.14657	1	1	1	1	1	1	1	1	1	1	1	1	1	1	1	1	1	1	1	1	1	1	1	1	1	1	1	1	1	1	1	1	1
1	1	1	1	1	1	1	1	1	1	1	1	1	1	1	1	1	1	1.35664	3.00684	3.03248	3.03248	3.03248	3.03248	3.03248	3.00985	2.54399	1.72729	1.00483	1	1	1	1	1	1	1	1	1	1	1	1	1	1	1	1	1	1	1	1	1	1	1	1	1	1	1	1	1	1	1	1	1	1	1
1	1	1	1	1	1	1	1	1	1	1	1	1	1	1	1	1	1	1	2.53152	3.03248	3.03248	3.03248	2.91388	2.28684	1.37278	1	1	1	1	1	1	1	1	1	1	1	1	1	1	1	1	1	1	1	1	1	1	1	1	1	1	1	1	1	1	1	1	1	1	1	1	1	1
1	1	1	1	1	1	1	1	1	1	1	1	1	1	1	1	1	1	1	1.70895	3.03248	2.73478	1.99684	1.10598	1	1	1	1	1	1	1	1	1	1	1	1	1	1	1	1	1	1	1	1	1	1	1	1	1	1	1	1	1	1	1	1	1	1	1	1	1	1	1	1
1	1	1	1	1	1	1	1	1	1	1	1	1	1	1	1	1	1	1	1.00282	1.11607	1	1	1	1	1	1	1	1	1	1	1	1	1	1	1	1	1	1	1	1	1	1	1	1	1	1	1	1	1	1	1	1	1	1	1	1	1	1	1	1	1	1	1
1	1	1	1	1	1	1	1	1	1	1	1	1	1	1	1	1	1	1	1	1	1	1	1	1	1	1	1	1	1	1	1	1	1	1	1	1	1	1	1	1	1	1	1	1	1	1	1	1	1	1	1	1	1	1	1	1	1	1	1	1	1	1	1
1	1	1	1	1	1	1	1	1	1	1	1	1	1	1	1	1	1	1	1	1	1	1	1	1	1	1	1	1	1	1	1	1	1	1	1	1	1	1	1	1	1	1	1	1	1	1	1	1	1	1	1	1	1	1	1	1	1	1	1	1	1	1	1
