1	1	1	1	1	1	1	1	1	1	1	1	1	1	1	1	1	1	1	1	1	1	1	1	1	1	1	1	1	1	1	1	1	1	1	1	1	1	1	1	1	1	1	1	1	1	1	1	1	1	1	1	1	1	1	1	1	1	1	1	1	1	1	1
1	1	1	1	1	1	1	1	1	1	1	1	1	1	1	1	1	1	1	1	1	1	1	1	1	1	1	1	1	1	1	1	1	1	1	1	1	1	1	1	1	1	1	1	1	1	1	1	1	1	1	1	1	1	1	1	1	1	1	1	1	1	1	1
1	1	1	1	1	1	1	1	1	1	1	1	1	1	1	1	1	1	1	1	1	1	1	1	1	1	1	1	1	1	1	1	1	1	1	1	1	1	1	1	1	1	1	1	1	1	1	1	1	1	1	1	1	1	1	1	1	1	1	1	1	1	1	1
1	1	1	1	1	1	1	1	1	1	1	1	1	1	1	1	1	1	1	1	1	1	1	1	1	1	1	1	1	1	1	1	1	1	1	1	1	1	1	1	1	1	1	1	1	1	1	1	1	1	1	1	1	1	1	1	1	1	1	1	1	1	1	1
1	1	1	1	1	1	1	1	1	1	1	1	1	1	1	1	1	1	1	1	1	1	1	1	1	1	1	1	1	1	1	1	1	1	1	1	1	1	1	1	1	1	1	1	1	1	1	1	1	1	1	1	1	1	1	1	1	1	1	1	1	1	1	1
1	1	1	1	1	1	1	1	1	1	1	1	1	1	1	1	1	1	1	1	1	1	1	1	1	1	1	1	1	1	1	1	1	1	1	1	1	1	1	1	1	1	1	1	1	1	1	1	1	1	1	1	1	1	1	1	1	1	1	1	1	1	1	1
1	1	1	1	1	1	1.11855	1.0178	1	1	1	1	1	1	1	1	1	1	1	1	1	1	1	1	1	1	1	1	1	1	1	1	1	1	1	1	1	1	1	1	1.00326	1.49451	2.00374	2.26819	2.35585	2.34906	2.18389	1.83917	1.22978	1	1	1	1	1	1	1	1.20956	1.23066	1	1	1	1	1	1
1	1	1	1	1	1	2.77327	2.84157	1.1203	1	1	1	1	1	1	1	1	1	1	1	1	1	1	1	1	1	1	1	1	1	1	1	1	1	1	1	1	1	1.1526	2.11321	2.77315	2.9863	2.9863	2.9863	2.9863	2.9863	2.9863	2.9863	2.96261	2.54762	1.71848	1	1	1	1.04477	2.04944	2.88246	2.08182	1	1	1	1	1	1
1	1	1	1	1	1	2.77327	3.486	3.04125	1.29357	1	1	1	1	1	1	1	1	1	1	1	1	1	1	1	1	1	1	1	1	1	1	1	1	1	1	1	1.83723	2.84042	2.9863	2.9863	2.9863	2.9863	2.9863	2.9863	2.9863	2.9863	2.9863	2.9863	2.9863	2.9863	2.54268	1.34321	1.75014	2.7454	3	3	1.73205	1	1	1	1	1	1
1	1	1	1	1	1	2.77327	3.486	3.486	3.19763	1.5135	1	1	1	1	1	1	1	1	1	1	1	1	1	1	1	1	1	1	1	1	1	1	1	1	1.01838	2.26478	2.98403	2.9863	2.9863	2.9863	2.9863	2.9863	2.9863	2.9863	2.9863	2.9863	2.9863	2.9863	2.9863	2.9863	2.9863	2.9774	3	3	3	3	1.29112	1	1	1	1	1	1
1	1	1	1	1	1	2.77327	3.486	3.486	3.486	3.31682	1.7627	1	1	1	1	1	1	1	1	1	1	1	1	1	1	1	1	1	1	1	1	1	1	1.0019	2.33898	2.9863	2.9863	2.9863	2.9863	2.9863	2.9863	2.9863	2.9863	2.9863	2.9863	2.9863	2.9863	2.9863	2.9863	2.9863	2.9863	2.9863	2.98636	2.99476	3	2.88679	1	1	1	1	1	1	1
1	1	1	1	1	1	2.77327	3.486	3.486	3.486	3.486	3.40275	2.03043	1	1	1	1	1	1	1	1	1	1	1	1	1	1	1	1	1	1	1	1	1	2.05144	2.9863	2.9863	2.9863	2.9863	2.9863	2.9863	2.9863	2.9863	2.9863	2.9863	2.9863	2.9863	2.9863	2.9863	2.9863	2.9863	2.9863	2.9863	2.9863	2.98646	2.99741	2.64575	1	1	1	1	1	1	1
1	1	1	1	1	1	2.77327	3.486	3.486	3.486	3.486	3.486	3.4579	2.31026	1	1	1	1	1	1	1	1	1	1	1	1	1	1	1	1	1	1	1	1.4327	2.93846	2.9863	2.9863	2.9863	2.9863	2.9863	2.9863	2.9863	2.9863	2.9863	2.9863	2.9863	2.9863	2.9863	2.9863	2.9863	2.9863	2.9863	2.9863	2.9863	2.9863	2.98775	2.38054	1	1	1	1	1	1	1
1	1	1	1	1	1	2.77327	3.486	3.486	3.486	3.486	3.486	3.486	3.48371	2.59159	1.0178	1	1	1	1	1	1	1	1	1	1	1	1	1	1	1	1	1	2.47422	2.9863	2.9863	2.9863	2.9863	2.9863	2.9863	2.9863	2.9863	2.9863	2.9863	2.9863	2.9863	2.9863	2.9863	2.9863	2.9863	2.9863	2.9863	2.9863	2.9863	2.9863	2.9863	1	1	1	1	1	1	1	1
1	1	1	1	1	1	2.77327	3.486	3.486	3.486	3.486	3.486	3.486	3.486	3.486	2.84157	1.1203	1	1	1	1	1	1	1	1	1	1	1	1	1	1	1	1.3684	2.9697	2.9863	2.9863	2.9863	2.9863	2.9863	2.9863	2.9863	2.9863	2.9863	2.9863	2.9863	2.9863	2.9863	2.9863	2.9863	2.9863	2.9863	2.9863	2.9863	2.9863	2.9863	2.9863	2.54762	1	1	1	1	1	1	1
1	1	1	1	1	1	2.77327	3.486	3.486	3.486	3.486	3.486	3.486	3.486	3.486	3.486	3.04125	1.29357	1	1	1	1	1	1	1	1	1	1	1	1	1	1	2.12121	2.9863	2.9863	2.9863	2.9863	2.9863	2.9863	2.9863	2.9863	2.9863	2.9863	2.9863	2.9863	2.9863	2.9863	2.9863	2.9863	2.9863	2.9863	2.9863	2.9863	2.9863	2.9863	2.9863	2.96261	1.22978	1	1	1	1	1	1
1	1	1	1	1	1	2.77327	3.486	3.486	3.486	3.486	3.486	3.486	3.486	3.486	3.486	3.486	3.19763	1.5135	1	1	1	1	1	1	1	1	1	1	1	1	1	2.55975	2.9863	2.9863	2.9863	2.9863	2.9863	2.9863	2.9863	2.9863	2.9863	2.9863	2.9863	2.9863	2.9863	2.9863	2.9863	2.9863	2.9863	2.9863	2.9863	2.9863	2.9863	2.9863	2.9863	2.9863	1.83917	1	1	1	1	1	1
1	1	1	1	1	1	2.77327	3.486	3.486	3.486	3.486	3.486	3.486	3.486	3.486	3.486	3.486	3.486	3.31682	1.7627	1	1	1	1	1	1	1	1	1	1	1	1	2.81776	2.9863	2.9863	2.9863	2.9863	2.9863	2.9863	2.9863	2.9863	2.9863	2.9863	2.9863	2.9863	2.9863	2.9863	2.9863	2.9863	2.9863	2.9863	2.9863	2.9863	2.9863	2.9863	2.9863	2.9863	2.18389	1	1	1	1	1	1
1	1	1	1	1	1	2.77327	3.486	3.486	3.486	3.486	3.486	3.486	3.486	3.486	3.486	3.486	3.486	3.486	3.40275	2.03043	1	1	1	1	1	1	1	1	1	1	1	2.94766	2.9863	2.9863	2.9863	2.9863	2.9863	2.9863	2.9863	2.9863	2.9863	2.9863	2.9863	2.9863	2.9863	2.9863	2.9863	2.9863	2.9863	2.9863	2.9863	2.9863	2.9863	2.9863	2.9863	2.9863	2.34906	1	1	1	1	1	1
1	1	1	1	1	1	2.77327	3.486	3.486	3.486	3.486	3.486	3.486	3.486	3.486	3.486	3.486	3.486	3.486	3.486	3.4579	2.31026	1	1	1	1	1	1	1	1	1	1	2.9842	2.9863	2.9863	2.9863	2.9863	2.9863	2.9863	2.9863	2.9863	2.9863	2.9863	2.9863	2.9863	2.9863	2.9863	2.9863	2.9863	2.9863	2.9863	2.9863	2.9863	2.9863	2.9863	2.9863	2.9863	2.39495	1	1	1	1	1	1
1	1	1	1	1	1	2.77327	3.486	3.486	3.486	3.486	3.486	3.486	3.486	3.486	3.486	3.486	3.486	3.486	3.486	3.486	3.48371	2.59159	1.0178	1	1	1	1	1	1	1	1	2.9529	2.9863	2.9863	2.9863	2.9863	2.9863	2.9863	2.9863	2.9863	2.9863	2.9863	2.9863	2.9863	2.9863	2.9863	2.9863	2.9863	2.9863	2.9863	2.9863	2.9863	2.9863	2.9863	2.9863	2.9863	2.26819	1	1	1	1	1	1
1	1	1	1	1	1	2.77327	3.486	3.486	3.486	3.486	3.486	3.486	3.486	3.486	3.486	3.486	3.486	3.486	3.486	3.486	3.486	3.486	2.84157	1.1203	1	1	1	1	1	1.45609	2.54664	2.9863	2.9863	2.9863	2.9863	2.9863	2.9863	2.9863	2.9863	2.9863	2.9863	2.9863	2.9863	2.9863	2.9863	2.9863	2.9863	2.9863	2.9863	2.9863	2.9863	2.9863	2.9863	2.9863	2.9863	2.9863	2.00374	1	1	1	1	1	1
1	1	1	1	1	1	2.77327	3.486	3.486	3.486	3.486	3.486	3.486	3.486	3.486	3.486	3.486	3.486	3.486	3.486	3.486	3.486	3.486	3.486	3.04125	1.29357	1	1	1.20956	2.31144	2.96551	3	2.98916	2.9863	2.9863	2.9863	2.9863	2.9863	2.9863	2.9863	2.9863	2.9863	2.9863	2.9863	2.9863	2.9863	2.9863	2.9863	2.9863	2.9863	2.9863	2.9863	2.9863	2.9863	2.9863	2.9863	2.9863	1.49451	1	1	1	1	1	1
1	1	1	1	1	1	2.77327	3.486	3.486	3.486	3.486	3.486	3.486	3.486	3.486	3.486	3.486	3.486	3.486	3.486	3.486	3.486	3.486	3.486	3.486	3.19763	1	2.04944	2.88246	3	3	3	2.99425	2.9863	2.9863	2.9863	2.9863	2.9863	2.9863	2.9863	2.9863	2.9863	2.9863	2.9863	2.9863	2.9863	2.9863	2.9863	2.9863	2.9863	2.9863	2.9863	2.9863	2.9863	2.9863	2.9863	2.77315	1.00326	1	1	1	1	1	1
1	1	1	1	1	1	2.77327	3.486	3.486	3.486	3.486	3.486	3.486	3.486	3.486	3.486	3.486	3.486	3.486	3.486	3.486	3.486	3.486	3.486	3.486	3.486	3.43903	3.09767	3	3	3	3	2.99986	2.98676	2.9863	2.9863	2.9863	2.9863	2.9863	2.9863	2.9863	2.9863	2.9863	2.9863	2.9863	2.9863	2.9863	2.9863	2.9863	2.9863	2.9863	2.9863	2.9863	2.9863	2.9863	2.9863	2.11321	1	1	1	1	1	1	1
1	1	1	1	1	1	2.77327	3.486	3.486	3.486	3.486	3.486	3.486	3.486	3.486	3.486	3.486	3.486	3.486	3.486	3.486	3.486	3.486	3.486	3.486	3.486	3.486	3.46267	3.14366	3	3	3	3	2.99265	2.9863	2.9863	2.9863	2.9863	2.9863	2.9863	2.9863	2.9863	2.9863	2.9863	2.9863	2.9863	2.9863	2.9863	2.9863	2.9863	2.9863	2.9863	2.9863	2.9863	2.9863	2.84042	1.1526	1	1	1	1	1	1	1
1	1	1	1	1	1	2.77327	3.486	3.486	3.486	3.486	3.486	3.486	3.486	3.486	3.486	3.486	3.486	3.486	3.486	3.486	3.486	3.486	3.486	3.486	3.486	3.486	3.486	3.47808	3.1978	3	3	3	2.99996	2.98769	2.9863	2.9863	2.9863	2.9863	2.9863	2.9863	2.9863	2.9863	2.9863	2.9863	2.9863	2.9863	2.9863	2.9863	2.9863	2.9863	2.9863	2.9863	2.9863	2.98403	1.83723	1	1	1	1	1	1	1	1
1	1	1	1	1	1	2.77327	3.486	3.486	3.486	3.486	3.486	3.486	3.486	3.486	3.486	3.486	3.486	3.486	3.486	3.486	3.486	3.486	3.486	3.486	3.486	3.486	3.486	3.486	3.48535	3.25818	3.00169	3	3	2.99805	2.98666	2.9863	2.9863	2.9863	2.9863	2.9863	2.9863	2.9863	2.9863	2.9863	2.9863	2.9863	2.9863	2.9863	2.9863	2.9863	2.9863	2.9863	2.9863	2.26478	1	1	1	1	1	1	1	1	1
1	1	1	1	1	1	2.77327	3.486	3.486	3.486	3.486	3.486	3.486	3.486	3.486	3.486	3.486	3.486	3.486	3.486	3.486	3.486	3.486	3.486	3.486	3.486	3.486	3.486	3.486	3.486	3.486	3.31657	3.01199	3	3	2.99692	2.98632	2.9863	2.9863	2.9863	2.9863	2.9863	2.9863	2.9863	2.9863	2.9863	2.9863	2.9863	2.9863	2.9863	2.9863	2.9863	2.9863	2.20016	1.01838	1	1	1	1	1	1	1	1	1
1	1	1	1	1	1	2.77327	3.486	3.486	3.486	3.486	3.486	3.486	3.486	3.486	3.486	3.486	3.486	3.486	3.486	3.486	3.486	3.486	3.486	3.486	3.486	3.486	3.486	3.486	3.486	3.486	3.486	3.36625	3.03155	3	3	3.0041	2.98631	2.9863	2.9863	2.9863	2.9863	2.9863	2.9863	2.9863	2.9863	2.9863	2.9863	2.9863	2.9863	2.9863	2.9863	2.99717	3	1	1	1	1	1	1	1	1	1	1
1	1	1	1	1	1	2.77327	3.486	3.486	3.486	3.486	3.486	3.486	3.486	3.486	3.486	3.486	3.486	3.486	3.486	3.486	3.486	3.486	3.486	3.486	3.486	3.486	3.486	3.486	3.486	3.486	3.486	3.486	3.40697	3	3	3	3.00408	2.99833	2.98631	2.9863	2.9863	2.9863	2.9863	2.9863	2.9863	2.9863	2.9863	2.9863	2.9863	2.98633	3.00384	3	3	1	1	1	1	1	1	1	1	1	1
1	1	1	1	1	1	2.77327	3.486	3.486	3.486	3.486	3.486	3.486	3.486	3.486	3.486	3.486	3.486	3.486	3.486	3.486	3.486	3.486	3.486	3.486	3.486	3.486	3.486	3.486	3.486	3.486	3.486	3.486	3.486	3.486	3	3	3	3	3.0041	2.99983	2.98635	2.98634	2.98633	2.98631	2.98631	2.98634	2.98635	2.99243	3.0039	3	3	3	1	1	1	1	1	1	1	1	1	1	1
1	1	1	1	1	1	2.77327	3.486	3.486	3.486	3.486	3.486	3.486	3.486	3.486	3.486	3.486	3.486	3.486	3.486	3.486	3.486	3.486	3.486	3.486	3.486	3.486	3.486	3.486	3.486	3.486	3.486	3.486	3.486	3.486	3.486	3	3	3	3	3	3	3	3	3	3	3	3	3	3	3	3	3	1	1	1	1	1	1	1	1	1	1	1
1	1	1	1	1	1	2.77327	3.486	3.486	3.486	3.486	3.486	3.486	3.486	3.486	3.486	3.486	3.486	3.486	3.486	3.486	3.486	3.486	3.486	3.486	3.486	3.486	3.486	3.486	3.486	3.486	3.486	3.486	3.486	3.486	3.486	3.486	3	3	3	3	3	3	3	3	3	3	3	3	3	3	3	3	1	1	1	1	1	1	1	1	1	1	1
1	1	1	1	1	1	2.77327	3.486	3.486	3.486	3.486	3.486	3.486	3.486	3.486	3.486	3.486	3.486	3.486	3.486	3.486	3.486	3.486	3.486	3.486	3.486	3.486	3.486	3.486	3.486	3.486	3.486	3.486	3.486	3.486	3.486	3.486	3.486	3.486	3	3	3	3	3	3	3	3	3	3	3	3	3	3	1	1	1	1	1	1	1	1	1	1	1
1	1	1	1	1	1	2.77327	3.486	3.486	3.486	3.486	3.486	3.486	3.486	3.486	3.486	3.486	3.486	3.486	3.486	3.486	3.486	3.486	3.486	3.486	3.486	3.486	3.486	3.486	3.486	3.486	3.486	3.486	3.486	3.486	3.486	3.486	3.486	3.486	3.486	3	3	3	3	3	3	3	3	3	3	3	3	3	1	1	1	1	1	1	1	1	1	1	1
1	1	1	1	1	1	2.77327	3.486	3.486	3.486	3.486	3.486	3.486	3.486	3.486	3.486	3.486	3.486	3.486	3.486	3.486	3.486	3.486	3.486	3.486	3.486	3.486	3.486	3.486	3.486	3.486	3.486	3.486	3.486	3.486	3.486	3.486	3.486	3.486	3.486	3.486	3	3	3	3	3	3	3	3	3	3	3	3	1	1	1	1	1	1	1	1	1	1	1
1	1	1	1	1	1	2.77327	3.486	3.486	3.486	3.486	3.486	3.486	3.486	3.486	3.486	3.486	3.486	3.486	3.486	3.486	3.486	3.486	3.486	3.486	3.486	3.486	3.486	3.486	3.486	3.486	3.486	3.486	3.486	3.486	3.486	3.486	3.486	3.486	3.486	3.486	3.486	3	3	3	3	3	3	3	3	3	3	1	1	1	1	1	1	1	1	1	1	1	1
1	1	1	1	1	1	2.77327	3.486	3.486	3.486	3.486	3.486	3.486	3.486	3.486	3.486	3.486	3.486	3.486	3.486	3.486	3.486	3.486	3.486	3.486	3.486	3.486	3.486	3.486	3.486	3.486	3.486	3.486	3.486	3.486	3.486	3.486	3.486	3.486	3.486	3.486	3.486	3.486	3	3	3	3	3	3	3	3	3	1	1	1	1	1	1	1	1	1	1	1	1
1	1	1	1	1	1	2.77327	3.486	3.486	3.486	3.486	3.486	3.486	3.486	3.486	3.486	3.486	3.486	3.486	3.486	3.486	3.486	3.486	3.486	3.486	3.486	3.486	3.486	3.486	3.486	3.486	3.486	3.486	3.486	3.486	3.486	3.486	3.486	3.486	3.486	3.486	3.486	3.486	3.486	3	3	3	3	3	3	3	3	1	1	1	1	1	1	1	1	1	1	1	1
1	1	1	1	1	1	2.77327	3.486	3.486	3.486	3.486	3.486	3.486	3.486	3.486	3.486	3.486	3.486	3.486	3.486	3.486	3.486	3.486	3.486	3.486	3.486	3.486	3.486	3.486	3.486	3.486	3.486	3.486	3.486	3.486	3.486	3.486	3.486	3.486	3.486	3.486	3.486	3.486	3.486	3.486	3	3	3	3	3	3	3	1	1	1	1	1	1	1	1	1	1	1	1
1	1	1	1	1	1	2.77327	3.486	3.486	3.486	3.486	3.486	3.486	3.486	3.486	3.486	3.486	3.486	3.486	3.486	3.486	3.486	3.486	3.486	3.486	3.486	3.486	3.486	3.486	3.486	3.486	3.486	3.486	3.486	3.486	3.486	3.486	3.486	3.486	3.486	3.486	3.486	3.486	3.486	3.486	3.486	3.486	3	3	3	3	3	1	1	1	1	1	1	1	1	1	1	1	1
1	1	1	1	1	1	2.77327	3.486	3.486	3.486	3.486	3.486	3.486	3.486	3.486	3.486	3.486	3.486	3.486	3.486	3.486	3.486	3.486	3.486	3.486	3.486	3.486	3.486	3.486	3.486	3.486	3.486	3.486	3.486	3.486	3.486	3.486	3.486	3.486	3.486	3.486	3.486	3.486	3.486	3.486	3.486	3.486	3.486	3	3	3	3	1	1	1	1	1	1	1	1	1	1	1	1
1	1	1	1	1	1	2.77327	3.486	3.486	3.486	3.486	3.486	3.486	3.486	3.486	3.486	3.486	3.486	3.486	3.486	3.486	3.486	3.486	3.486	3.486	3.486	3.486	3.486	3.486	3.486	3.486	3.486	3.486	3.486	3.486	3.486	3.486	3.486	3.486	3.486	3.486	3.486	3.486	3.486	3.486	3.486	3.486	3.486	3.486	3	3	1	1	1	1	1	1	1	1	1	1	1	1	1
1	1	1	1	1	1	2.77327	3.486	3.486	3.486	3.486	3.486	3.486	3.486	3.486	3.486	3.486	3.486	3.486	3.486	3.486	3.486	3.486	3.486	3.486	3.486	3.486	3.486	3.486	3.486	3.486	3.486	3.486	3.486	3.486	3.486	3.486	3.486	3.486	3.486	3.486	3.486	3.486	3.486	3.486	3.486	3.486	3.486	3.486	3.486	3	1	1	1	1	1	1	1	1	1	1	1	1	1
1	1	1	1	1	1	2.77327	3.486	3.486	3.486	3.486	3.486	3.486	3.486	3.486	3.486	3.486	3.486	3.486	3.486	3.486	3.486	3.486	3.486	3.486	3.486	3.486	3.486	3.486	3.486	3.486	3.486	3.486	3.486	3.486	3.486	3.486	3.486	3.486	3.486	3.486	3.486	3.486	3.486	3.486	3.486	3.486	3.486	3.486	3.486	3.486	1	1	1	1	1	1	1	1	1	1	1	1	1
1	1	1	1	1	1	2.77327	3.486	3.486	3.486	3.486	3.486	3.486	3.486	3.486	3.486	3.486	3.486	3.486	3.486	3.486	3.486	3.486	3.486	3.486	3.486	3.486	3.486	3.486	3.486	3.486	3.486	3.486	3.486	3.486	3.486	3.486	3.486	3.486	3.486	3.486	3.486	3.486	3.486	3.486	3.486	3.486	3.486	3.486	3.486	3.486	3.486	1	1	1	1	1	1	1	1	1	1	1	1
1	1	1	1	1	1	2.77327	3.486	3.486	3.486	3.486	3.486	3.486	3.486	3.486	3.486	3.486	3.486	3.486	3.486	3.486	3.486	3.486	3.486	3.486	3.486	3.486	3.486	3.486	3.486	3.486	3.486	3.486	3.486	3.486	3.486	3.486	3.486	3.486	3.486	3.486	3.486	3.486	3.486	3.486	3.486	3.486	3.486	3.486	3.486	3.486	3.486	3.486	1	1	1	1	1	1	1	1	1	1	1
1	1	1	1	1	1	2.77327	3.486	3.486	3.486	3.486	3.486	3.486	3.486	3.486	3.486	3.486	3.486	3.486	3.486	3.486	3.486	3.486	3.486	3.486	3.486	3.486	3.486	3.486	3.486	3.486	3.486	3.486	3.486	3.486	3.486	3.486	3.486	3.486	3.486	3.486	3.486	3.486	3.486	3.486	3.486	3.486	3.486	3.486	3.486	3.486	3.486	3.486	3.486	2.59159	1.0178	1	1	1	1	1	1	1	1
1	1	1	1	1	1	2.77327	3.486	3.486	3.486	3.486	3.486	3.486	3.486	3.486	3.486	3.486	3.486	3.486	3.486	3.486	3.486	3.486	3.486	3.486	3.486	3.486	3.486	3.486	3.486	3.486	3.486	3.486	3.486	3.486	3.486	3.486	3.486	3.486	3.486	3.486	3.486	3.486	3.486	3.486	3.486	3.486	3.486	3.486	3.486	3.486	3.486	3.486	3.486	3.486	2.84157	1.1203	1	1	1	1	1	1	1
1	1	1	1	1	1	2.77327	3.486	3.486	3.486	3.486	3.486	3.486	3.486	3.486	3.486	3.486	3.486	3.486	3.486	3.486	3.486	3.486	3.486	3.486	3.486	3.486	3.486	3.486	3.486	3.486	3.486	3.486	3.486	3.486	3.486	3.486	3.486	3.486	3.486	3.486	3.486	3.486	3.486	3.486	3.486	3.486	3.486	3.486	3.486	3.486	3.486	3.486	3.486	3.486	3.486	3.04125	1.29357	1	1	1	1	1	1
1	1	1	1	1	1	2.77327	3.486	3.486	3.486	3.486	3.486	3.486	3.486	3.486	3.486	3.486	3.486	3.486	3.486	3.486	3.486	3.486	3.486	3.486	3.486	3.486	3.486	3.486	3.486	3.486	3.486	3.486	3.486	3.486	3.486	3.486	3.486	3.486	3.486	3.486	3.486	3.486	3.486	3.486	3.486	3.486	3.486	3.486	3.486	3.486	3.42144	3.21562	2.99102	2.74812	2.48156	2.18269	1.25286	1	1	1	1	1	1
1	1	1	1	1	1	2.77327	3.486	3.486	3.486	3.486	3.486	3.486	3.486	3.486	3.486	3.486	3.486	3.486	3.486	3.486	3.486	3.486	3.486	3.486	3.486	3.486	3.486	3.486	3.486	3.486	3.486	3.486	3.486	3.486	3.486	3.486	3.486	3.486	3.486	3.486	3.486	3.486	3.42144	3.21562	2.99102	2.74812	2.48156	2.18269	1.83579	1.40573	1.01386	1	1	1	1	1	1	1	1	1	1	1	1
1	1	1	1	1	1	2.77327	3.486	3.486	3.486	3.486	3.486	3.486	3.486	3.486	3.486	3.486	3.486	3.486	3.486	3.486	3.486	3.486	3.486	3.486	3.486	3.486	3.486	3.486	3.486	3.486	3.486	3.486	3.486	3.486	3.42144	3.21562	2.99102	2.74812	2.48156	2.18269	1.83579	1.40573	1.01386	1	1	1	1	1	1	1	1	1	1	1	1	1	1	1	1	1	1	1	1
1	1	1	1	1	1	2.77327	3.486	3.486	3.486	3.486	3.486	3.486	3.486	3.486	3.486	3.486	3.486	3.486	3.486	3.486	3.486	3.486	3.486	3.486	3.486	3.486	3.42144	3.21562	2.99102	2.74812	2.48156	2.18269	1.83579	1.40573	1.01386	1	1	1	1	1	1	1	1	1	1	1	1	1	1	1	1	1	1	1	1	1	1	1	1	1	1	1	1
1	1	1	1	1	1	2.77327	3.486	3.486	3.486	3.486	3.486	3.486	3.486	3.486	3.486	3.486	3.486	3.486	3.42578	3.23433	3.02649	2.80329	2.5607	2.29259	1.32	1.40573	1.01386	1	1	1	1	1	1	1	1	1	1	1	1	1	1	1	1	1	1	1	1	1	1	1	1	1	1	1	1	1	1	1	1	1	1	1	1
1	1	1	1	1	1	2.77327	3.486	3.486	3.486	3.486	3.42144	3.21562	2.99102	2.74812	1.32	2.29259	1.98865	1.62896	1.32983	1.32	1.32	1.32	1.2757	1.15124	1.01539	1	1	1	1	1	1	1	1	1	1	1	1	1	1	1	1	1	1	1	1	1	1	1	1	1	1	1	1	1	1	1	1	1	1	1	1	1	1
1	1	1	1	1	1	1.66027	2.48156	2.18269	1.83579	1.40573	1.01386	1	1	1	1.02388	1.10627	1.16353	1.19329	1.2018	1.17854	1.13275	1.05645	1.00031	1	1	1	1	1	1	1	1	1	1	1	1	1	1	1	1	1	1	1	1	1	1	1	1	1	1	1	1	1	1	1	1	1	1	1	1	1	1	1	1
1	1	1	1	1	1	1	1	1	1	1	1	1	1	1	1	1	1	1	1	1	1	1	1	1	1	1	1	1	1	1	1	1	1	1	1	1	1	1	1	1	1	1	1	1	1	1	1	1	1	1	1	1	1	1	1	1	1	1	1	1	1	1	1
1	1	1	1	1	1	1	1	1	1	1	1	1	1	1	1	1	1	1	1	1	1	1	1	1	1	1	1	1	1	1	1	1	1	1	1	1	1	1	1	1	1	1	1	1	1	1	1	1	1	1	1	1	1	1	1	1	1	1	1	1	1	1	1
1	1	1	1	1	1	1	1	1	1	1	1	1	1	1	1	1	1	1	1	1	1	1	1	1	1	1	1	1	1	1	1	1	1	1	1	1	1	1	1	1	1	1	1	1	1	1	1	1	1	1	1	1	1	1	1	1	1	1	1	1	1	1	1
1	1	1	1	1	1	1	1	1	1	1	1	1	1	1	1	1	1	1	1	1	1	1	1	1	1	1	1	1	1	1	1	1	1	1	1	1	1	1	1	1	1	1	1	1	1	1	1	1	1	1	1	1	1	1	1	1	1	1	1	1	1	1	1
1	1	1	1	1	1	1	1	1	1	1	1	1	1	1	1	1	1	1	1	1	1	1	1	1	1	1	1	1	1	1	1	1	1	1	1	1	1	1	1	1	1	1	1	1	1	1	1	1	1	1	1	1	1	1	1	1	1	1	1	1	1	1	1
1	1	1	1	1	1	1	1	1	1	1	1	1	1	1	1	1	1	1	1	1	1	1	1	1	1	1	1	1	1	1	1	1	1	1	1	1	1	1	1	1	1	1	1	1	1	1	1	1	1	1	1	1	1	1	1	1	1	1	1	1	1	1	1
