1	1	1	1	1	1	1	1	1	1	1	1	1	1	1	1	1	1	1	1	1	1	1	1	1	1	1	1	1	1	1	1	1	1	1	1	1	1	1	1	1	1	1	1	1	1	1	1	1	1	1	1	1	1	1	1	1	1	1	1	1	1	1	1
1	1	1	1	1	1	1	1	1	1	1	1	1	1	1	1	1	1	1	1	1	1	1	1	1	1	1	1	1	1	1	1	1	1	1	1	1	1	1	1	1	1	1	1	1	1	1	1	1	1	1	1	1	1	1	1	1	1	1	1	1	1	1	1
1	1	1	1	1	1	1	1	1	1	1	1	1	1	1	1	1	1	1	1	1	1	1	1	1	1	1	1	1	1	1	1	1	1	1	1	1	1	1	1	1	1	1	1	1	1	1	1	1	1	1	1	1	1	1	1	1	1	1	1	1	1	1	1
1	1	1	1	1	1	1	1	1	1	1	1	1	1	1	1	1	1	1	1	1	1	1	1	1	1	1	1	1	1	1	1	1	1	1	1	1	1	1	1	1	1	1	1	1	1	1	1	1	1	1	1	1	1	1	1	1	1	1	1	1	1	1	1
1	1	1	1	1	1	1	1	1	1	1	1	1	1	1	1	1	1	1	1	1	1	1	1	1	1	1	1	1	1	1	1	1	1	1	1	1	1	1	1	1	1	1	1	1	1	1	1	1	1	1	1	1	1	1	1	1	1	1	1	1	1	1	1
1	1	1	1	1	1	1	1	1	1	1	1	1	1	1	1	1	1	1	1	1	1	1	1	1	1	1	1	1	1	1	1	1	1	1	1	1	1	1	1	1	1	1	1	1	1	1	1	1	1	1	1	1	1	1	1	1	1	1	1	1	1	1	1
1	1	1	1	1	1	1	1	1	1	1	1	1	1	1	1	1	1	1	1	1	1	1	1	1	1	1	1	1	1	1	1	1	1	1	1	1	1	1	1	1	1	1	1	1	1	1	1	1	1	1	1	1	1	1	1	1	1	1	1	1	1	1	1
1	1	1	1	1	1	1	1	1	1	1	1	1	1	1	1	1	1	1	1	1	1	1	1	1	1	1	1	1	1	1	1	1	1	1	1	1	1	1	1	1	1	1	1	1	1	1	1	1	1	1	1	1	1	1	1	1	1	1	1	1	1	1	1
1	1	1	1	1	1	1	1	1	1	1	1	1	1	1	1	1	1	1	1	1	1	1	1	1	1	1	1	1	1	1	1	1	1	1	1	1	1	1	1	1	1	1	1	1	1	1	1	1	1	1	1	1	1	1	1	1	1	1	1	1	1	1	1
1	1	1	1	1	1	1	1	1	1	1	1	1	1	1	1	1	1	1	1	1	1	1	1	1	1	1	1	1	1	1	1	1	1	1	1	1	1	1	1	1	1	1	1	1	1	1	1	1	1	1	1	1	1	1	1	1	1	1	1	1	1	1	1
1	1	1	1	1	1	1	1	1	1	1	1	1	1	1	1	1	1	1	1	1	1	1	1	1	1	1	1	1	1	1	1	1	1	1	1	1	1	1	1	1	1	1	1	1	1	1	1	1	1	1	1	1	1	1	1	1	1	1	1	1	1	1	1
1	1	1	1	1	1	1	1	1	1	1	1	1	1	1	1	1	1	1	1	1	1	1	1	1	1	1	1	1	1	1	1	1	1	1	1	1	1	1	1	1	1	1	1	1	1	1	1	1	1	1	1	1	1	1	1	1	1	1	1	1	1	1	1
1	1	1	1	1	1	1	1	1	1	1	1	1	1	1	1	1	1	1	1	1	1	1	1	1	1	1	1	1	1	1	1	1	1	1	1	1	1	1	1	1	1	1	1	1	1	1	1	1	1	1	1	1	1	1	1	1	1	1	1	1	1	1	1
1	1	1	1	1	1	1	1	1	1	1	1	1	1	1	1	1	1	1	1	1	1	1	1	1	1	1	1	1	1	1	1	1	1	1	1	1	1	1	1	1	1	1	1	1	1	1	1	1	1	1	1	1	1	1	1	1	1	1	1	1	1	1	1
1	1	1	1	1	1	1	1	1	1	1	1	1	1	1	1	1	1	1	1	1	1	1	1	1	1	1	1	1	1	1	1	1	1	1	1	1	1	1	1	1	1	1	1	1	1	1	1	1	1	1	1	1	1	1	1	1	1	1	1	1	1	1	1
1	1	1	1	1	1	1	1	1	1	1	1	1	1	1	1	1	1	1	1	1	1	1	1	1	1	1	1	1	1	1	1	1	1	1	1	1	1	1	1	1	1	1	1	1	1	1	1	1	1	1	1	1	1	1	1	1	1	1	1	1	1	1	1
1	1	1	1	1	1	1	1	1	1	1	1	1	1	1	1	1	1	1	1	1	1	1	1	1	1	1	1	1	1	1	1	1	1	1	1	1	1	1	1	1	1	1	1	1	1	1	1	1	1	1	1	1	1	1	1	1	1	1	1	1	1	1	1
1	1	1	1	1	1	1	1	1	1	1	1	1	1	1	1	1	1	1	1	1	1	1	1	1	1	1	1	1	1	1	1	1	1	1	1	1	1	1	1	1	1	1	1	1	1	1	1	1	1	1	1	1	1	1	1	1	1	1	1	1	1	1	1
1	1	1	1	1	1	1	1	1	1	1	1	1	1	1	1	1	1	1	1	1	1	1	1	1	1	1	1	1	1	1	1	1	1	1	1	1	1	1	1	1	1	1	1	1	1	1	1	1	1	1	1	1	1	1	1	1	1	1	1	1	1	1	1
1	1	1	1	1	1	1	1	1	1	1	1	1	1	1	1	1	1	1	1	1	1	1	1	1	1	1	1	1	1	1	1	1	1	1	1	1	1	1	1	1	1	1	1	1	1	1	1	1	1	1	1	1	1	1	1	1	1	1	1	1	1	1	1
1	1	1	1	1	1	1	1	1	1	1	1	1	1	1	1	1	1	1	1	1	1	1	1	1	1	1	1	1	1	1	1	1	1	1	1	1	1	1	1	1	1	1	1	1	1	1	1	1	1	1	1	1	1	1	1	1	1	1	1	1	1	1	1
1	1	1	1	1	1	1	1	1	1	1	1	1	1	1	1	1	1	1	1	1	1	1	1	1	1	1	1	1	1	1	1	1	1	1	1	1	1	1	1	1	1	1	1	1	1	1	1	1	1	1	1	1	1	1	1	1	1	1	1	1	1	1	1
1	1	1	1	1	1	1	1	1	1	1	1	1	1	1	1	1	1	1	1	1	1	1	1	1	1	1	1	1	1	1	1	1	1	1	1	1	1	1	1	1	1	1	1	1	1	1	1	1	1	1	1	1	1	1	1	1	1	1	1	1	1	1	1
1	1	1	1	1	1	1	1	1	1	1	1	1	1	1	1	1	1	1	1	1	1	1	1	1	1	1	1	1	1	1	1	1	1	1	1	1	1	1	1	1	1	1	1	1	1	1	1	1	1	1	1	1	1	1	1	1	1	1	1	1	1	1	1
1	1	1	1	1	1	1	1	1	1	1	1	1	1	1	1	1	1	1	1	1	1	1	1	1	1	1	1	1	1	1	1	1	1	1	1	1	1	1	1	1	1	1	1	1	1	1	1	1	1	1	1	1	1	1	1	1	1	1	1	1	1	1	1
2.05004	2.05004	2.05004	2.05004	2.05004	2.05004	2.05004	2.05004	2.05004	2.05004	2.05004	2.05004	2.05004	2.05004	2.05004	2.05004	2.05004	2.05004	2.05004	2.05004	2.05004	2.05004	2.05004	2.05004	2.05004	2.05004	2.05004	2.05004	2.05004	2.05004	2.05004	2.05004	2.05004	2.05004	2.05004	2.05004	2.05004	2.05004	2.05004	2.05004	2.05004	2.05004	2.05004	2.05004	2.05004	2.05004	2.05004	2.05004	2.05004	2.05004	2.05004	2.05004	2.05004	2.05004	2.05004	2.05004	2.05004	2.05004	2.05004	2.05004	2.05004	2.05004	2.05004	2.05004
3.00554	3.00554	3.00554	3.00554	3.00554	3.00554	3.00554	3.00554	3.00554	3.00554	3.00554	3.00554	3.00554	3.00554	3.00554	3.00554	3.00554	3.00554	3.00554	3.00554	3.00554	3.00554	3.00554	3.00554	3.00554	3.00554	3.00554	3.00554	3.00554	3.00554	3.00554	3.00554	3.00554	3.00554	3.00554	3.00554	3.00554	3.00554	3.00554	3.00554	3.00554	3.00554	3.00554	3.00554	3.00554	3.00554	3.00554	3.00554	3.00554	3.00554	3.00554	3.00554	3.00554	3.00554	3.00554	3.00554	3.00554	3.00554	3.00554	3.00554	3.00554	3.00554	3.00554	3.00554
3.00554	3.00554	3.00554	3.00554	3.00554	3.00554	3.00554	3.00554	3.00554	3.00554	3.00554	3.00554	3.00554	3.00554	3.00554	3.00554	3.00554	3.00554	3.00554	3.00554	3.00554	3.00554	3.00554	3.00554	3.00554	3.00554	3.00554	3.00554	3.00554	3.00554	3.00554	3.00554	3.00554	3.00554	3.00554	3.00554	3.00554	3.00554	3.00554	3.00554	3.00554	3.00554	3.00554	3.00554	3.00554	3.00554	3.00554	3.00554	3.00554	3.00554	3.00554	3.00554	3.00554	3.00554	3.00554	3.00554	3.00554	3.00554	3.00554	3.00554	3.00554	3.00554	3.00554	3.00554
3.00554	3.00554	3.00554	3.00554	3.00554	3.00554	3.00554	3.00554	3.00554	3.00554	3.00554	3.00554	3.00554	3.00554	3.00554	3.00554	3.00554	3.00554	3.00554	3.00554	3.00554	3.00554	3.00554	3.00554	3.00554	3.00554	3.00554	3.00554	3.00554	3.00554	3.00554	3.00554	3.00554	3.00554	3.00554	3.00554	3.00554	3.00554	3.00554	3.00554	3.00554	3.00554	3.00554	3.00554	3.00554	3.00554	3.00554	3.00554	3.00554	3.00554	3.00554	3.00554	3.00554	3.00554	3.00554	3.00554	3.00554	3.00554	3.00554	3.00554	3.00554	3.00554	3.00554	3.00554
3.00554	3.00554	3.00554	3.00554	3.00554	3.00554	3.00554	3.00554	3.00554	3.00554	3.00554	3.00554	3.00554	3.00554	3.00554	3.00554	3.00554	3.00554	3.00554	3.00554	3.00554	3.00554	3.00554	3.00554	3.00554	3.00554	3.00554	3.00554	3.00554	3.00554	3.00554	3.00554	3.00554	3.00554	3.00554	3.00554	3.00554	3.00554	3.00554	3.00554	3.00554	3.00554	3.00554	3.00554	3.00554	3.00554	3.00554	3.00554	3.00554	3.00554	3.00554	3.00554	3.00554	3.00554	3.00554	3.00554	3.00554	3.00554	3.00554	3.00554	3.00554	3.00554	3.00554	3.00554
3.00554	3.00554	3.00554	3.00554	3.00554	3.00554	3.00554	3.00554	3.00554	3.00554	3.00554	3.00554	3.00554	3.00554	3.00554	3.00554	3.00554	3.00554	3.00554	3.00554	3.00554	3.00554	3.00554	3.00554	3.00554	3.00554	3.00554	3.00554	3.00554	3.00554	3.00554	3.00554	3.00554	3.00554	3.00554	3.00554	3.00554	3.00554	3.00554	3.00554	3.00554	3.00554	3.00554	3.00554	3.00554	3.00554	3.00554	3.00554	3.00554	3.00554	3.00554	3.00554	3.00554	3.00554	3.00554	3.00554	3.00554	3.00554	3.00554	3.00554	3.00554	3.00554	3.00554	3.00554
3.00554	3.00554	3.00554	3.00554	3.00554	3.00554	3.00554	3.00554	3.00554	3.00554	3.00554	3.00554	3.00554	3.00554	3.00554	3.00554	3.00554	3.00554	3.00554	3.00554	3.00554	3.00554	3.00554	3.00554	3.00554	3.00554	3.00554	3.00554	3.00554	3.00554	3.00554	3.00554	3.00554	3.00554	3.00554	3.00554	3.00554	3.00554	3.00554	3.00554	3.00554	3.00554	3.00554	3.00554	3.00554	3.00554	3.00554	3.00554	3.00554	3.00554	3.00554	3.00554	3.00554	3.00554	3.00554	3.00554	3.00554	3.00554	3.00554	3.00554	3.00554	3.00554	3.00554	3.00554
3.00554	3.00554	3.00554	3.00554	3.00554	3.00554	3.00554	3.00554	3.00554	3.00554	3.00554	3.00554	3.00554	3.00554	3.00554	3.00554	3.00554	3.00554	3.00554	3.00554	3.00554	3.00554	3.00554	3.00554	3.00554	3.00554	3.00554	3.00554	3.00554	3.00554	3.00554	3.00554	3.00554	3.00554	3.00554	3.00554	3.00554	3.00554	3.00554	3.00554	3.00554	3.00554	3.00554	3.00554	3.00554	3.00554	3.00554	3.00554	3.00554	3.00554	3.00554	3.00554	3.00554	3.00554	3.00554	3.00554	3.00554	3.00554	3.00554	3.00554	3.00554	3.00554	3.00554	3.00554
3.00554	3.00554	3.00554	3.00554	3.00554	3.00554	3.00554	3.00554	3.00554	3.00554	3.00554	3.00554	3.00554	3.00554	3.00554	3.00554	3.00554	3.00554	3.00554	3.00554	3.00554	3.00554	3.00554	3.00554	3.00554	3.00554	3.00554	3.00554	3.00554	3.00554	3.00554	3.00554	3.00554	3.00554	3.00554	3.00554	3.00554	3.00554	3.00554	3.00554	3.00554	3.00554	3.00554	3.00554	3.00554	3.00554	3.00554	3.00554	3.00554	3.00554	3.00554	3.00554	3.00554	3.00554	3.00554	3.00554	3.00554	3.00554	3.00554	3.00554	3.00554	3.00554	3.00554	3.00554
3.00554	3.00554	3.00554	3.00554	3.00554	3.00554	3.00554	3.00554	3.00554	3.00554	3.00554	3.00554	3.00554	3.00554	3.00554	3.00554	3.00554	3.00554	3.00554	3.00554	3.00554	3.00554	3.00554	3.00554	3.00554	3.00554	3.00554	3.00554	3.00554	3.00554	3.00554	3.00554	3.00554	3.00554	3.00554	3.00554	3.00554	3.00554	3.00554	3.00554	3.00554	3.00554	3.00554	3.00554	3.00554	3.00554	3.00554	3.00554	3.00554	3.00554	3.00554	3.00554	3.00554	3.00554	3.00554	3.00554	3.00554	3.00554	3.00554	3.00554	3.00554	3.00554	3.00554	3.00554
3.00554	3.00554	3.00554	3.00554	3.00554	3.00554	3.00554	3.00554	3.00554	3.00554	3.00554	3.00554	3.00554	3.00554	3.00554	3.00554	3.00554	3.00554	3.00554	3.00554	3.00554	3.00554	3.00554	3.00554	3.00554	3.00554	3.00554	3.00554	3.00554	3.00554	3.00554	3.00554	3.00554	3.00554	3.00554	3.00554	3.00554	3.00554	3.00554	3.00554	3.00554	3.00554	3.00554	3.00554	3.00554	3.00554	3.00554	3.00554	3.00554	3.00554	3.00554	3.00554	3.00554	3.00554	3.00554	3.00554	3.00554	3.00554	3.00554	3.00554	3.00554	3.00554	3.00554	3.00554
3.00554	3.00554	3.00554	3.00554	3.00554	3.00554	3.00554	3.00554	3.00554	3.00554	3.00554	3.00554	3.00554	3.00554	3.00554	3.00554	3.00554	3.00554	3.00554	3.00554	3.00554	3.00554	3.00554	3.00554	3.00554	3.00554	3.00554	3.00554	3.00554	3.00554	3.00554	3.00554	3.00554	3.00554	3.00554	3.00554	3.00554	3.00554	3.00554	3.00554	3.00554	3.00554	3.00554	3.00554	3.00554	3.00554	3.00554	3.00554	3.00554	3.00554	3.00554	3.00554	3.00554	3.00554	3.00554	3.00554	3.00554	3.00554	3.00554	3.00554	3.00554	3.00554	3.00554	3.00554
3.00554	3.00554	3.00554	3.00554	3.00554	3.00554	3.00554	3.00554	3.00554	3.00554	3.00554	3.00554	3.00554	3.00554	3.00554	3.00554	3.00554	3.00554	3.00554	3.00554	3.00554	3.00554	3.00554	3.00554	3.00554	3.00554	3.00554	3.00554	3.00554	3.00554	3.00554	3.00554	3.00554	3.00554	3.00554	3.00554	3.00554	3.00554	3.00554	3.00554	3.00554	3.00554	3.00554	3.00554	3.00554	3.00554	3.00554	3.00554	3.00554	3.00554	3.00554	3.00554	3.00554	3.00554	3.00554	3.00554	3.00554	3.00554	3.00554	3.00554	3.00554	3.00554	3.00554	3.00554
3.00554	3.00554	3.00554	3.00554	3.00554	3.00554	3.00554	3.00554	3.00554	3.00554	3.00554	3.00554	3.00554	3.00554	3.00554	3.00554	3.00554	3.00554	3.00554	3.00554	3.00554	3.00554	3.00554	3.00554	3.00554	3.00554	3.00554	3.00554	3.00554	3.00554	3.00554	3.00554	3.00554	3.00554	3.00554	3.00554	3.00554	3.00554	3.00554	3.00554	3.00554	3.00554	3.00554	3.00554	3.00554	3.00554	3.00554	3.00554	3.00554	3.00554	3.00554	3.00554	3.00554	3.00554	3.00554	3.00554	3.00554	3.00554	3.00554	3.00554	3.00554	3.00554	3.00554	3.00554
3.00554	3.00554	3.00554	3.00554	3.00554	3.00554	3.00554	3.00554	3.00554	3.00554	3.00554	3.00554	3.00554	3.00554	3.00554	3.00554	3.00554	3.00554	3.00554	3.00554	3.00554	3.00554	3.00554	3.00554	3.00554	3.00554	3.00554	3.00554	3.00554	3.00554	3.00554	3.00554	3.00554	3.00554	3.00554	3.00554	3.00554	3.00554	3.00554	3.00554	3.00554	3.00554	3.00554	3.00554	3.00554	3.00554	3.00554	3.00554	3.00554	3.00554	3.00554	3.00554	3.00554	3.00554	3.00554	3.00554	3.00554	3.00554	3.00554	3.00554	3.00554	3.00554	3.00554	3.00554
3.00554	3.00554	3.00554	3.00554	3.00554	3.00554	3.00554	3.00554	3.00554	3.00554	3.00554	3.00554	3.00554	3.00554	3.00554	3.00554	3.00554	3.00554	3.00554	3.00554	3.00554	3.00554	3.00554	3.00554	3.00554	3.00554	3.00554	3.00554	3.00554	3.00554	3.00554	3.00554	3.00554	3.00554	3.00554	3.00554	3.00554	3.00554	3.00554	3.00554	3.00554	3.00554	3.00554	3.00554	3.00554	3.00554	3.00554	3.00554	3.00554	3.00554	3.00554	3.00554	3.00554	3.00554	3.00554	3.00554	3.00554	3.00554	3.00554	3.00554	3.00554	3.00554	3.00554	3.00554
3.00554	3.00554	3.00554	3.00554	3.00554	3.00554	3.00554	3.00554	3.00554	3.00554	3.00554	3.00554	3.00554	3.00554	3.00554	3.00554	3.00554	3.00554	3.00554	3.00554	3.00554	3.00554	3.00554	3.00554	3.00554	3.00554	3.00554	3.00554	3.00554	3.00554	3.00554	3.00554	3.00554	3.00554	3.00554	3.00554	3.00554	3.00554	3.00554	3.00554	3.00554	3.00554	3.00554	3.00554	3.00554	3.00554	3.00554	3.00554	3.00554	3.00554	3.00554	3.00554	3.00554	3.00554	3.00554	3.00554	3.00554	3.00554	3.00554	3.00554	3.00554	3.00554	3.00554	3.00554
3.00554	3.00554	3.00554	3.00554	3.00554	3.00554	3.00554	3.00554	3.00554	3.00554	3.00554	3.00554	3.00554	3.00554	3.00554	3.00554	3.00554	3.00554	3.00554	3.00554	3.00554	3.00554	3.00554	3.00554	3.00554	3.00554	3.00554	3.00554	3.00554	3.00554	3.00554	3.00554	3.00554	3.00554	3.00554	3.00554	3.00554	3.00554	3.00554	3.00554	3.00554	3.00554	3.00554	3.00554	3.00554	3.00554	3.00554	3.00554	3.00554	3.00554	3.00554	3.00554	3.00554	3.00554	3.00554	3.00554	3.00554	3.00554	3.00554	3.00554	3.00554	3.00554	3.00554	3.00554
3.00554	3.00554	3.00554	3.00554	3.00554	3.00554	3.00554	3.00554	3.00554	3.00554	3.00554	3.00554	3.00554	3.00554	3.00554	3.00554	3.00554	3.00554	3.00554	3.00554	3.00554	3.00554	3.00554	3.00554	3.00554	3.00554	3.00554	3.00554	3.00554	3.00554	3.00554	3.00554	3.00554	3.00554	3.00554	3.00554	3.00554	3.00554	3.00554	3.00554	3.00554	3.00554	3.00554	3.00554	3.00554	3.00554	3.00554	3.00554	3.00554	3.00554	3.00554	3.00554	3.00554	3.00554	3.00554	3.00554	3.00554	3.00554	3.00554	3.00554	3.00554	3.00554	3.00554	3.00554
3.00554	3.00554	3.00554	3.00554	3.00554	3.00554	3.00554	3.00554	3.00554	3.00554	3.00554	3.00554	3.00554	3.00554	3.00554	3.00554	3.00554	3.00554	3.00554	3.00554	3.00554	3.00554	3.00554	3.00554	3.00554	3.00554	3.00554	3.00554	3.00554	3.00554	3.00554	3.00554	3.00554	3.00554	3.00554	3.00554	3.00554	3.00554	3.00554	3.00554	3.00554	3.00554	3.00554	3.00554	3.00554	3.00554	3.00554	3.00554	3.00554	3.00554	3.00554	3.00554	3.00554	3.00554	3.00554	3.00554	3.00554	3.00554	3.00554	3.00554	3.00554	3.00554	3.00554	3.00554
3.00554	3.00554	3.00554	3.00554	3.00554	3.00554	3.00554	3.00554	3.00554	3.00554	3.00554	3.00554	3.00554	3.00554	3.00554	3.00554	3.00554	3.00554	3.00554	3.00554	3.00554	3.00554	3.00554	3.00554	3.00554	3.00554	3.00554	3.00554	3.00554	3.00554	3.00554	3.00554	3.00554	3.00554	3.00554	3.00554	3.00554	3.00554	3.00554	3.00554	3.00554	3.00554	3.00554	3.00554	3.00554	3.00554	3.00554	3.00554	3.00554	3.00554	3.00554	3.00554	3.00554	3.00554	3.00554	3.00554	3.00554	3.00554	3.00554	3.00554	3.00554	3.00554	3.00554	3.00554
3.00554	3.00554	3.00554	3.00554	3.00554	3.00554	3.00554	3.00554	3.00554	3.00554	3.00554	3.00554	3.00554	3.00554	3.00554	3.00554	3.00554	3.00554	3.00554	3.00554	3.00554	3.00554	3.00554	3.00554	3.00554	3.00554	3.00554	3.00554	3.00554	3.00554	3.00554	3.00554	3.00554	3.00554	3.00554	3.00554	3.00554	3.00554	3.00554	3.00554	3.00554	3.00554	3.00554	3.00554	3.00554	3.00554	3.00554	3.00554	3.00554	3.00554	3.00554	3.00554	3.00554	3.00554	3.00554	3.00554	3.00554	3.00554	3.00554	3.00554	3.00554	3.00554	3.00554	3.00554
3.00554	3.00554	3.00554	3.00554	3.00554	3.00554	3.00554	3.00554	3.00554	3.00554	3.00554	3.00554	3.00554	3.00554	3.00554	3.00554	3.00554	3.00554	3.00554	3.00554	3.00554	3.00554	3.00554	3.00554	3.00554	3.00554	3.00554	3.00554	3.00554	3.00554	3.00554	3.00554	3.00554	3.00554	3.00554	3.00554	3.00554	3.00554	3.00554	3.00554	3.00554	3.00554	3.00554	3.00554	3.00554	3.00554	3.00554	3.00554	3.00554	3.00554	3.00554	3.00554	3.00554	3.00554	3.00554	3.00554	3.00554	3.00554	3.00554	3.00554	3.00554	3.00554	3.00554	3.00554
3.00554	3.00554	3.00554	3.00554	3.00554	3.00554	3.00554	3.00554	3.00554	3.00554	3.00554	3.00554	3.00554	3.00554	3.00554	3.00554	3.00554	3.00554	3.00554	3.00554	3.00554	3.00554	3.00554	3.00554	3.00554	3.00554	3.00554	3.00554	3.00554	3.00554	3.00554	3.00554	3.00554	3.00554	3.00554	3.00554	3.00554	3.00554	3.00554	3.00554	3.00554	3.00554	3.00554	3.00554	3.00554	3.00554	3.00554	3.00554	3.00554	3.00554	3.00554	3.00554	3.00554	3.00554	3.00554	3.00554	3.00554	3.00554	3.00554	3.00554	3.00554	3.00554	3.00554	3.00554
3.00554	3.00554	3.00554	3.00554	3.00554	3.00554	3.00554	3.00554	3.00554	3.00554	3.00554	3.00554	3.00554	3.00554	3.00554	3.00554	3.00554	3.00554	3.00554	3.00554	3.00554	3.00554	3.00554	3.00554	3.00554	3.00554	3.00554	3.00554	3.00554	3.00554	3.00554	3.00554	3.00554	3.00554	3.00554	3.00554	3.00554	3.00554	3.00554	3.00554	3.00554	3.00554	3.00554	3.00554	3.00554	3.00554	3.00554	3.00554	3.00554	3.00554	3.00554	3.00554	3.00554	3.00554	3.00554	3.00554	3.00554	3.00554	3.00554	3.00554	3.00554	3.00554	3.00554	3.00554
3.00554	3.00554	3.00554	3.00554	3.00554	3.00554	3.00554	3.00554	3.00554	3.00554	3.00554	3.00554	3.00554	3.00554	3.00554	3.00554	3.00554	3.00554	3.00554	3.00554	3.00554	3.00554	3.00554	3.00554	3.00554	3.00554	3.00554	3.00554	3.00554	3.00554	3.00554	3.00554	3.00554	3.00554	3.00554	3.00554	3.00554	3.00554	3.00554	3.00554	3.00554	3.00554	3.00554	3.00554	3.00554	3.00554	3.00554	3.00554	3.00554	3.00554	3.00554	3.00554	3.00554	3.00554	3.00554	3.00554	3.00554	3.00554	3.00554	3.00554	3.00554	3.00554	3.00554	3.00554
1.61106	1.61106	1.61106	1.61106	1.61106	1.61106	1.61106	1.61106	1.61106	1.61106	1.61106	1.61106	1.61106	1.61106	1.61106	1.61106	1.61106	1.61106	1.61106	1.61106	1.61106	1.61106	1.61106	1.61106	1.61106	1.61106	1.61106	1.61106	1.61106	1.61106	1.61106	1.61106	1.61106	1.61106	1.61106	1.61106	1.61106	1.61106	1.61106	1.61106	1.61106	1.61106	1.61106	1.61106	1.61106	1.61106	1.61106	1.61106	1.61106	1.61106	1.61106	1.61106	1.61106	1.61106	1.61106	1.61106	1.61106	1.61106	1.61106	1.61106	1.61106	1.61106	1.61106	1.61106
1	1	1	1	1	1	1	1	1	1	1	1	1	1	1	1	1	1	1	1	1	1	1	1	1	1	1	1	1	1	1	1	1	1	1	1	1	1	1	1	1	1	1	1	1	1	1	1	1	1	1	1	1	1	1	1	1	1	1	1	1	1	1	1
1	1	1	1	1	1	1	1	1	1	1	1	1	1	1	1	1	1	1	1	1	1	1	1	1	1	1	1	1	1	1	1	1	1	1	1	1	1	1	1	1	1	1	1	1	1	1	1	1	1	1	1	1	1	1	1	1	1	1	1	1	1	1	1
1	1	1	1	1	1	1	1	1	1	1	1	1	1	1	1	1	1	1	1	1	1	1	1	1	1	1	1	1	1	1	1	1	1	1	1	1	1	1	1	1	1	1	1	1	1	1	1	1	1	1	1	1	1	1	1	1	1	1	1	1	1	1	1
1	1	1	1	1	1	1	1	1	1	1	1	1	1	1	1	1	1	1	1	1	1	1	1	1	1	1	1	1	1	1	1	1	1	1	1	1	1	1	1	1	1	1	1	1	1	1	1	1	1	1	1	1	1	1	1	1	1	1	1	1	1	1	1
1	1	1	1	1	1	1	1	1	1	1	1	1	1	1	1	1	1	1	1	1	1	1	1	1	1	1	1	1	1	1	1	1	1	1	1	1	1	1	1	1	1	1	1	1	1	1	1	1	1	1	1	1	1	1	1	1	1	1	1	1	1	1	1
1	1	1	1	1	1	1	1	1	1	1	1	1	1	1	1	1	1	1	1	1	1	1	1	1	1	1	1	1	1	1	1	1	1	1	1	1	1	1	1	1	1	1	1	1	1	1	1	1	1	1	1	1	1	1	1	1	1	1	1	1	1	1	1
1	1	1	1	1	1	1	1	1	1	1	1	1	1	1	1	1	1	1	1	1	1	1	1	1	1	1	1	1	1	1	1	1	1	1	1	1	1	1	1	1	1	1	1	1	1	1	1	1	1	1	1	1	1	1	1	1	1	1	1	1	1	1	1
1	1	1	1	1	1	1	1	1	1	1	1	1	1	1	1	1	1	1	1	1	1	1	1	1	1	1	1	1	1	1	1	1	1	1	1	1	1	1	1	1	1	1	1	1	1	1	1	1	1	1	1	1	1	1	1	1	1	1	1	1	1	1	1
1	1	1	1	1	1	1	1	1	1	1	1	1	1	1	1	1	1	1	1	1	1	1	1	1	1	1	1	1	1	1	1	1	1	1	1	1	1	1	1	1	1	1	1	1	1	1	1	1	1	1	1	1	1	1	1	1	1	1	1	1	1	1	1
1	1	1	1	1	1	1	1	1	1	1	1	1	1	1	1	1	1	1	1	1	1	1	1	1	1	1	1	1	1	1	1	1	1	1	1	1	1	1	1	1	1	1	1	1	1	1	1	1	1	1	1	1	1	1	1	1	1	1	1	1	1	1	1
1	1	1	1	1	1	1	1	1	1	1	1	1	1	1	1	1	1	1	1	1	1	1	1	1	1	1	1	1	1	1	1	1	1	1	1	1	1	1	1	1	1	1	1	1	1	1	1	1	1	1	1	1	1	1	1	1	1	1	1	1	1	1	1
1	1	1	1	1	1	1	1	1	1	1	1	1	1	1	1	1	1	1	1	1	1	1	1	1	1	1	1	1	1	1	1	1	1	1	1	1	1	1	1	1	1	1	1	1	1	1	1	1	1	1	1	1	1	1	1	1	1	1	1	1	1	1	1
