0	0	0	0	0	0	0	0	0	0	0	0	0	0	0	0	0	0	0	0	0	0	0	0	0	0	0	0	0	0	0	0	0	0	0	0	0	0	0	0	0	0	0	0	0	0	0	0	0	0	0	0	0	0	0	0	0	0	0	0	0	0	0	0
0	0	0	0	0	0	0	0	0	0	0	0	0	0	0	0	0	0	0	0	0	0	0	0	0	0	0	0	0	0	0	0	0	0	0	0	0	0	0	0	0	0	0	0	0	0	0	0	0	0	0	0	0	0	0	0	0	0	0	0	0	0	0	0
0	0	0	0	0	0	0	0	0	0	0	0	0	0	0	0	0	0	0	0	0	0	0	0	0	0	0	0	0	0	0	0	0	0	0	0	0	0	0	0	0	0	0	0	0	0	0	0	0	0	0	0	0	0	0	0	0	0	0	0	0	0	0	0
0	0	0	0	0	0	0	0	0	0	0	0	0	0	0	0	0	0	0	0	0	0	0	0	0	0	0	0	0	0	0	0	0	0	0	0	0	0	0	0	0	0	0	0	0	0	0	0	0	0	0	0	0	0	0	0	0	0	0	0	0	0	0	0
0	0	0	0	0	0	0	0	0	0	0	0	0	0	0	0	0	0	0	0	0	0	0	0	0	0	0	0	0	0	0	0	0	0	0	0	0	0	0	0	0	0	0	0	0	0	0	0	0	0	0	0	0	0	0	0	0	0	0	0	0	0	0	0
0	0	0	0	0	0	0	0	0	0	0	0	0	0	0	0	0	0	0	0	0	0	0	0	0	0	0	0	0	0	0	0	0	0	0	0	0	0	0	0	0	0	0	0	0	0	0	0	0	0	0	0	0	0	0	0	0	0	0	0	0	0	0	0
0	0	0	0	0	0	0	0	0	0	0	0	0	0	0	0	0	0	0	0	0	0	0	0	0	0	0	0	0	0	0	0	0	0	0	0	0	0	0	0	0	0	0	0	0	0	0	0	0	0	0	0	0	0	0	0	0	0	0	0	0	0	0	0
0	0	0	0	0	0	0	0	0	0	0	0	0	0	0	0	0	0	0	0	0	0	0	0	0	0	0	0	0	0	0	0	0	0	0	0	0	0	0	0	0	0	0	0	0	0	0	0	0	0	0	0	0	0	0	0	0	0	0	0	0	0	0	0
0	0	0	0	0	0	0	0	0	0	0	0	0	0	0	0	0	0	0	0	0	0	0	0	0	0	0	0	0	0	0	0	0	0	0	0	0	0	0	0	0	0	0	0	0	0	0	0	0	0	0	0	0	0	0	0	0	0	0	0	0	0	0	0
0	0	0	0	0	0	0	0	0	0	0	0	0	0	0	0	0	0	0	0	0	0	0	0	0	0	0	0	0	0	0	0	0	0	0	0	0	0	0	0	0	0	0	0	0	0	0	0	0	0	0	0	0	0	0	0	0	0	0	0	0	0	0	0
0	0	0	0	0	0	0	0	0	0	0	0	0	0	0	0	0	0	0	0	0	0	0	0	0	0	0	0	0	0	0	0	0	0	0	0	0	0	0	0	0	0	0	0	0	0	0	0	0	0	0	0	0	0	0	0	0	0	0	0	0	0	0	0
0	0	0	0	0	0	0	0	0	0	0	0	0	0	0	0	0	0	0	0	0	0	0	0	0	0	0	0	0	0	0	0	0	0	0	0	0	0	0	0	0	0	0	0	0	0	0	0	0	0	0	0	0	0	0	0	0	0	0	0	0	0	0	0
0	0	0	0	0	0	0	0	0	0	0	0	0	0	0	0	0	0	0	0	0	0	0	0	0	0	0	0	0	0	0	0	0	0	0	0	0	0	0	0	0	0	0	0	0	0	0	0	0	0	0	0	0	0	0	0	0	0	0	0	0	0	0	0
0	0	0	0	0	0	0	0	0	0	0	0	0	0	0	0	0	0	0	0	0	0	0	0	0	0	0	0	0	0	0	0	0	0	0	0	0	0	0	0	0	0	0	0	0	0	0	0	0	0	0	0	0	0	0	0	0	0	0	0	0	0	0	0
0	0	0	0	0	0	0	0	0	0	0	0	0	0	0	0	0	0	0	0	0	0	0	0	0	0	0	0	0	0	0	0	0	0	0	0	0	0	0	0	0	0	0	0	0	0	0	0	0	0	0	0	0	0	0	0	0	0	0	0	0	0	0	0
0	0	0	0	0	0	0	0	0	0	0	0	0	0	0	0	0	0	0	0	0	0	0	0	0	0	0	0	0	0	0	0	0	0	0	0	0	0	0	0	0	0	0	0	0	0	0	0	0	0	0	0	0	0	0	0	0	0	0	0	0	0	0	0
0	0	0	0	0	0	0	0	0	0	0	0	0	0	0	0	0	0	0	0	0	0	0	0	0	0	0	0	0	0	0	0	0	0	0	0	0	0	0	0	0	0	0	0	0	0	0	0	0	0	0	0	0	0	0	0	0	0	0	0	0	0	0	0
0	0	0	0	0	0	0	0	0	0	0	0	0	0	0	0	0	0	0	0	0	0	0	0	0	0	0	0	0	0	0	0	0	0	0	0	0	0	0	0	0	0	0	0	0	0	0	0	0	0	0	0	0	0	0	0	0	0	0	0	0	0	0	0
0	0	0	0	0	0	0	0	0	0	0	0	0	0	0	0	0	0	0	0	0	0	0	0	0	0	0	0	0	0	0	0	0	0	0	0	0	0	0	0	0	0	0	0	0	0	0	0	0	0	0	0	0	0	0	0	0	0	0	0	0	0	0	0
0	0	0	0	0	0	0	0	0	0	0	0	0	0	0	0	0	0	0	0	0	0	0	0	0	0	0	0	0	0	0	0	0	0	0	0	0	0	0	0	0	0	0	0	0	0	0	0	0	0	0	0	0	0	0	0	0	0	0	0	0	0	0	0
0	0	0	0	0	0	0	0	0	0	0	0	0	0	0	0	0	0	0	0	0	0	0	0	0	0	0	0	0	0	0	0	0	0	0	0	0	0	0	0	0	0	0	0	0	0	0	0	0	0	0	0	0	0	0	0	0	0	0	0	0	0	0	0
0	0	0	0	0	0	0	0	0	0	0	0	0	0	0	0	0	0	0	0	0	0	0	0	0	0	0	0	0	0	0	0	0	0	0	0	0	0	0	0	0	0	0	0	0	0	0	0	0	0	0	0	0	0	0	0	0	0	0	0	0	0	0	0
0	0	0	0	0	0	0	0	0	0	0	0	0	0	0	0	0	0	0	0	0	0	0	0	0	0	0	0	0	0	0	0	0	0	0	0	0	0	0	0	0	0	0	0	0	0	0	0	0	0	0	0	0	0	0	0	0	0	0	0	0	0	0	0
0	0	0	0	0	0	0	0	0	0	0	0	0	0	0	0	0	0	0	0	0	0	0	0	0	0	0	0	0	0	0	0	0	0	0	0	0	0	0	0	0	0	0	0	0	0	0	0	0	0	0	0	0	0	0	0	0	0	0	0	0	0	0	0
0	0	0	0	0	0	0	0	0	0	0	0	0	0	0	0	0	0	0	0	0	0	0	0	0	0	0	0	0	0	0	0	0	0	0	0	0	0	0	0	0	0	0	0	0	0	0	0	0	0	0	0	0	0	0	0	0	0	0	0	0	0	0	0
0.427116	0.427116	0.427116	0.427116	0.427116	0.427116	0.427116	0.427116	0.427116	0.427116	0.427116	0.427116	0.427116	0.427116	0.427116	0.427116	0.427116	0.427116	0.427116	0.427116	0.427116	0.427116	0.427116	0.427116	0.427116	0.427116	0.427116	0.427116	0.427116	0.427116	0.427116	0.427116	0.427116	0.427116	0.427116	0.427116	0.427116	0.427116	0.427116	0.427116	0.427116	0.427116	0.427116	0.427116	0.427116	0.427116	0.427116	0.427116	0.427116	0.427116	0.427116	0.427116	0.427116	0.427116	0.427116	0.427116	0.427116	0.427116	0.427116	0.427116	0.427116	0.427116	0.427116	0.427116
0.72504	0.72504	0.72504	0.72504	0.72504	0.72504	0.72504	0.72504	0.72504	0.72504	0.72504	0.72504	0.72504	0.72504	0.72504	0.72504	0.72504	0.72504	0.72504	0.72504	0.72504	0.72504	0.72504	0.72504	0.72504	0.72504	0.72504	0.72504	0.72504	0.72504	0.72504	0.72504	0.72504	0.72504	0.72504	0.72504	0.72504	0.72504	0.72504	0.72504	0.72504	0.72504	0.72504	0.72504	0.72504	0.72504	0.72504	0.72504	0.72504	0.72504	0.72504	0.72504	0.72504	0.72504	0.72504	0.72504	0.72504	0.72504	0.72504	0.72504	0.72504	0.72504	0.72504	0.72504
0.72504	0.72504	0.72504	0.72504	0.72504	0.72504	0.72504	0.72504	0.72504	0.72504	0.72504	0.72504	0.72504	0.72504	0.72504	0.72504	0.72504	0.72504	0.72504	0.72504	0.72504	0.72504	0.72504	0.72504	0.72504	0.72504	0.72504	0.72504	0.72504	0.72504	0.72504	0.72504	0.72504	0.72504	0.72504	0.72504	0.72504	0.72504	0.72504	0.72504	0.72504	0.72504	0.72504	0.72504	0.72504	0.72504	0.72504	0.72504	0.72504	0.72504	0.72504	0.72504	0.72504	0.72504	0.72504	0.72504	0.72504	0.72504	0.72504	0.72504	0.72504	0.72504	0.72504	0.72504
0.72504	0.72504	0.72504	0.72504	0.72504	0.72504	0.72504	0.72504	0.72504	0.72504	0.72504	0.72504	0.72504	0.72504	0.72504	0.72504	0.72504	0.72504	0.72504	0.72504	0.72504	0.72504	0.72504	0.72504	0.72504	0.72504	0.72504	0.72504	0.72504	0.72504	0.72504	0.72504	0.72504	0.72504	0.72504	0.72504	0.72504	0.72504	0.72504	0.72504	0.72504	0.72504	0.72504	0.72504	0.72504	0.72504	0.72504	0.72504	0.72504	0.72504	0.72504	0.72504	0.72504	0.72504	0.72504	0.72504	0.72504	0.72504	0.72504	0.72504	0.72504	0.72504	0.72504	0.72504
0.72504	0.72504	0.72504	0.72504	0.72504	0.72504	0.72504	0.72504	0.72504	0.72504	0.72504	0.72504	0.72504	0.72504	0.72504	0.72504	0.72504	0.72504	0.72504	0.72504	0.72504	0.72504	0.72504	0.72504	0.72504	0.72504	0.72504	0.72504	0.72504	0.72504	0.72504	0.72504	0.72504	0.72504	0.72504	0.72504	0.72504	0.72504	0.72504	0.72504	0.72504	0.72504	0.72504	0.72504	0.72504	0.72504	0.72504	0.72504	0.72504	0.72504	0.72504	0.72504	0.72504	0.72504	0.72504	0.72504	0.72504	0.72504	0.72504	0.72504	0.72504	0.72504	0.72504	0.72504
0.72504	0.72504	0.72504	0.72504	0.72504	0.72504	0.72504	0.72504	0.72504	0.72504	0.72504	0.72504	0.72504	0.72504	0.72504	0.72504	0.72504	0.72504	0.72504	0.72504	0.72504	0.72504	0.72504	0.72504	0.72504	0.72504	0.72504	0.72504	0.72504	0.72504	0.72504	0.72504	0.72504	0.72504	0.72504	0.72504	0.72504	0.72504	0.72504	0.72504	0.72504	0.72504	0.72504	0.72504	0.72504	0.72504	0.72504	0.72504	0.72504	0.72504	0.72504	0.72504	0.72504	0.72504	0.72504	0.72504	0.72504	0.72504	0.72504	0.72504	0.72504	0.72504	0.72504	0.72504
0.72504	0.72504	0.72504	0.72504	0.72504	0.72504	0.72504	0.72504	0.72504	0.72504	0.72504	0.72504	0.72504	0.72504	0.72504	0.72504	0.72504	0.72504	0.72504	0.72504	0.72504	0.72504	0.72504	0.72504	0.72504	0.72504	0.72504	0.72504	0.72504	0.72504	0.72504	0.72504	0.72504	0.72504	0.72504	0.72504	0.72504	0.72504	0.72504	0.72504	0.72504	0.72504	0.72504	0.72504	0.72504	0.72504	0.72504	0.72504	0.72504	0.72504	0.72504	0.72504	0.72504	0.72504	0.72504	0.72504	0.72504	0.72504	0.72504	0.72504	0.72504	0.72504	0.72504	0.72504
0.72504	0.72504	0.72504	0.72504	0.72504	0.72504	0.72504	0.72504	0.72504	0.72504	0.72504	0.72504	0.72504	0.72504	0.72504	0.72504	0.72504	0.72504	0.72504	0.72504	0.72504	0.72504	0.72504	0.72504	0.72504	0.72504	0.72504	0.72504	0.72504	0.72504	0.72504	0.72504	0.72504	0.72504	0.72504	0.72504	0.72504	0.72504	0.72504	0.72504	0.72504	0.72504	0.72504	0.72504	0.72504	0.72504	0.72504	0.72504	0.72504	0.72504	0.72504	0.72504	0.72504	0.72504	0.72504	0.72504	0.72504	0.72504	0.72504	0.72504	0.72504	0.72504	0.72504	0.72504
0.72504	0.72504	0.72504	0.72504	0.72504	0.72504	0.72504	0.72504	0.72504	0.72504	0.72504	0.72504	0.72504	0.72504	0.72504	0.72504	0.72504	0.72504	0.72504	0.72504	0.72504	0.72504	0.72504	0.72504	0.72504	0.72504	0.72504	0.72504	0.72504	0.72504	0.72504	0.72504	0.72504	0.72504	0.72504	0.72504	0.72504	0.72504	0.72504	0.72504	0.72504	0.72504	0.72504	0.72504	0.72504	0.72504	0.72504	0.72504	0.72504	0.72504	0.72504	0.72504	0.72504	0.72504	0.72504	0.72504	0.72504	0.72504	0.72504	0.72504	0.72504	0.72504	0.72504	0.72504
0.72504	0.72504	0.72504	0.72504	0.72504	0.72504	0.72504	0.72504	0.72504	0.72504	0.72504	0.72504	0.72504	0.72504	0.72504	0.72504	0.72504	0.72504	0.72504	0.72504	0.72504	0.72504	0.72504	0.72504	0.72504	0.72504	0.72504	0.72504	0.72504	0.72504	0.72504	0.72504	0.72504	0.72504	0.72504	0.72504	0.72504	0.72504	0.72504	0.72504	0.72504	0.72504	0.72504	0.72504	0.72504	0.72504	0.72504	0.72504	0.72504	0.72504	0.72504	0.72504	0.72504	0.72504	0.72504	0.72504	0.72504	0.72504	0.72504	0.72504	0.72504	0.72504	0.72504	0.72504
0.72504	0.72504	0.72504	0.72504	0.72504	0.72504	0.72504	0.72504	0.72504	0.72504	0.72504	0.72504	0.72504	0.72504	0.72504	0.72504	0.72504	0.72504	0.72504	0.72504	0.72504	0.72504	0.72504	0.72504	0.72504	0.72504	0.72504	0.72504	0.72504	0.72504	0.72504	0.72504	0.72504	0.72504	0.72504	0.72504	0.72504	0.72504	0.72504	0.72504	0.72504	0.72504	0.72504	0.72504	0.72504	0.72504	0.72504	0.72504	0.72504	0.72504	0.72504	0.72504	0.72504	0.72504	0.72504	0.72504	0.72504	0.72504	0.72504	0.72504	0.72504	0.72504	0.72504	0.72504
0.72504	0.72504	0.72504	0.72504	0.72504	0.72504	0.72504	0.72504	0.72504	0.72504	0.72504	0.72504	0.72504	0.72504	0.72504	0.72504	0.72504	0.72504	0.72504	0.72504	0.72504	0.72504	0.72504	0.72504	0.72504	0.72504	0.72504	0.72504	0.72504	0.72504	0.72504	0.72504	0.72504	0.72504	0.72504	0.72504	0.72504	0.72504	0.72504	0.72504	0.72504	0.72504	0.72504	0.72504	0.72504	0.72504	0.72504	0.72504	0.72504	0.72504	0.72504	0.72504	0.72504	0.72504	0.72504	0.72504	0.72504	0.72504	0.72504	0.72504	0.72504	0.72504	0.72504	0.72504
0.72504	0.72504	0.72504	0.72504	0.72504	0.72504	0.72504	0.72504	0.72504	0.72504	0.72504	0.72504	0.72504	0.72504	0.72504	0.72504	0.72504	0.72504	0.72504	0.72504	0.72504	0.72504	0.72504	0.72504	0.72504	0.72504	0.72504	0.72504	0.72504	0.72504	0.72504	0.72504	0.72504	0.72504	0.72504	0.72504	0.72504	0.72504	0.72504	0.72504	0.72504	0.72504	0.72504	0.72504	0.72504	0.72504	0.72504	0.72504	0.72504	0.72504	0.72504	0.72504	0.72504	0.72504	0.72504	0.72504	0.72504	0.72504	0.72504	0.72504	0.72504	0.72504	0.72504	0.72504
0.72504	0.72504	0.72504	0.72504	0.72504	0.72504	0.72504	0.72504	0.72504	0.72504	0.72504	0.72504	0.72504	0.72504	0.72504	0.72504	0.72504	0.72504	0.72504	0.72504	0.72504	0.72504	0.72504	0.72504	0.72504	0.72504	0.72504	0.72504	0.72504	0.72504	0.72504	0.72504	0.72504	0.72504	0.72504	0.72504	0.72504	0.72504	0.72504	0.72504	0.72504	0.72504	0.72504	0.72504	0.72504	0.72504	0.72504	0.72504	0.72504	0.72504	0.72504	0.72504	0.72504	0.72504	0.72504	0.72504	0.72504	0.72504	0.72504	0.72504	0.72504	0.72504	0.72504	0.72504
0.72504	0.72504	0.72504	0.72504	0.72504	0.72504	0.72504	0.72504	0.72504	0.72504	0.72504	0.72504	0.72504	0.72504	0.72504	0.72504	0.72504	0.72504	0.72504	0.72504	0.72504	0.72504	0.72504	0.72504	0.72504	0.72504	0.72504	0.72504	0.72504	0.72504	0.72504	0.72504	0.72504	0.72504	0.72504	0.72504	0.72504	0.72504	0.72504	0.72504	0.72504	0.72504	0.72504	0.72504	0.72504	0.72504	0.72504	0.72504	0.72504	0.72504	0.72504	0.72504	0.72504	0.72504	0.72504	0.72504	0.72504	0.72504	0.72504	0.72504	0.72504	0.72504	0.72504	0.72504
0.72504	0.72504	0.72504	0.72504	0.72504	0.72504	0.72504	0.72504	0.72504	0.72504	0.72504	0.72504	0.72504	0.72504	0.72504	0.72504	0.72504	0.72504	0.72504	0.72504	0.72504	0.72504	0.72504	0.72504	0.72504	0.72504	0.72504	0.72504	0.72504	0.72504	0.72504	0.72504	0.72504	0.72504	0.72504	0.72504	0.72504	0.72504	0.72504	0.72504	0.72504	0.72504	0.72504	0.72504	0.72504	0.72504	0.72504	0.72504	0.72504	0.72504	0.72504	0.72504	0.72504	0.72504	0.72504	0.72504	0.72504	0.72504	0.72504	0.72504	0.72504	0.72504	0.72504	0.72504
0.72504	0.72504	0.72504	0.72504	0.72504	0.72504	0.72504	0.72504	0.72504	0.72504	0.72504	0.72504	0.72504	0.72504	0.72504	0.72504	0.72504	0.72504	0.72504	0.72504	0.72504	0.72504	0.72504	0.72504	0.72504	0.72504	0.72504	0.72504	0.72504	0.72504	0.72504	0.72504	0.72504	0.72504	0.72504	0.72504	0.72504	0.72504	0.72504	0.72504	0.72504	0.72504	0.72504	0.72504	0.72504	0.72504	0.72504	0.72504	0.72504	0.72504	0.72504	0.72504	0.72504	0.72504	0.72504	0.72504	0.72504	0.72504	0.72504	0.72504	0.72504	0.72504	0.72504	0.72504
0.72504	0.72504	0.72504	0.72504	0.72504	0.72504	0.72504	0.72504	0.72504	0.72504	0.72504	0.72504	0.72504	0.72504	0.72504	0.72504	0.72504	0.72504	0.72504	0.72504	0.72504	0.72504	0.72504	0.72504	0.72504	0.72504	0.72504	0.72504	0.72504	0.72504	0.72504	0.72504	0.72504	0.72504	0.72504	0.72504	0.72504	0.72504	0.72504	0.72504	0.72504	0.72504	0.72504	0.72504	0.72504	0.72504	0.72504	0.72504	0.72504	0.72504	0.72504	0.72504	0.72504	0.72504	0.72504	0.72504	0.72504	0.72504	0.72504	0.72504	0.72504	0.72504	0.72504	0.72504
0.72504	0.72504	0.72504	0.72504	0.72504	0.72504	0.72504	0.72504	0.72504	0.72504	0.72504	0.72504	0.72504	0.72504	0.72504	0.72504	0.72504	0.72504	0.72504	0.72504	0.72504	0.72504	0.72504	0.72504	0.72504	0.72504	0.72504	0.72504	0.72504	0.72504	0.72504	0.72504	0.72504	0.72504	0.72504	0.72504	0.72504	0.72504	0.72504	0.72504	0.72504	0.72504	0.72504	0.72504	0.72504	0.72504	0.72504	0.72504	0.72504	0.72504	0.72504	0.72504	0.72504	0.72504	0.72504	0.72504	0.72504	0.72504	0.72504	0.72504	0.72504	0.72504	0.72504	0.72504
0.72504	0.72504	0.72504	0.72504	0.72504	0.72504	0.72504	0.72504	0.72504	0.72504	0.72504	0.72504	0.72504	0.72504	0.72504	0.72504	0.72504	0.72504	0.72504	0.72504	0.72504	0.72504	0.72504	0.72504	0.72504	0.72504	0.72504	0.72504	0.72504	0.72504	0.72504	0.72504	0.72504	0.72504	0.72504	0.72504	0.72504	0.72504	0.72504	0.72504	0.72504	0.72504	0.72504	0.72504	0.72504	0.72504	0.72504	0.72504	0.72504	0.72504	0.72504	0.72504	0.72504	0.72504	0.72504	0.72504	0.72504	0.72504	0.72504	0.72504	0.72504	0.72504	0.72504	0.72504
0.72504	0.72504	0.72504	0.72504	0.72504	0.72504	0.72504	0.72504	0.72504	0.72504	0.72504	0.72504	0.72504	0.72504	0.72504	0.72504	0.72504	0.72504	0.72504	0.72504	0.72504	0.72504	0.72504	0.72504	0.72504	0.72504	0.72504	0.72504	0.72504	0.72504	0.72504	0.72504	0.72504	0.72504	0.72504	0.72504	0.72504	0.72504	0.72504	0.72504	0.72504	0.72504	0.72504	0.72504	0.72504	0.72504	0.72504	0.72504	0.72504	0.72504	0.72504	0.72504	0.72504	0.72504	0.72504	0.72504	0.72504	0.72504	0.72504	0.72504	0.72504	0.72504	0.72504	0.72504
0.72504	0.72504	0.72504	0.72504	0.72504	0.72504	0.72504	0.72504	0.72504	0.72504	0.72504	0.72504	0.72504	0.72504	0.72504	0.72504	0.72504	0.72504	0.72504	0.72504	0.72504	0.72504	0.72504	0.72504	0.72504	0.72504	0.72504	0.72504	0.72504	0.72504	0.72504	0.72504	0.72504	0.72504	0.72504	0.72504	0.72504	0.72504	0.72504	0.72504	0.72504	0.72504	0.72504	0.72504	0.72504	0.72504	0.72504	0.72504	0.72504	0.72504	0.72504	0.72504	0.72504	0.72504	0.72504	0.72504	0.72504	0.72504	0.72504	0.72504	0.72504	0.72504	0.72504	0.72504
0.72504	0.72504	0.72504	0.72504	0.72504	0.72504	0.72504	0.72504	0.72504	0.72504	0.72504	0.72504	0.72504	0.72504	0.72504	0.72504	0.72504	0.72504	0.72504	0.72504	0.72504	0.72504	0.72504	0.72504	0.72504	0.72504	0.72504	0.72504	0.72504	0.72504	0.72504	0.72504	0.72504	0.72504	0.72504	0.72504	0.72504	0.72504	0.72504	0.72504	0.72504	0.72504	0.72504	0.72504	0.72504	0.72504	0.72504	0.72504	0.72504	0.72504	0.72504	0.72504	0.72504	0.72504	0.72504	0.72504	0.72504	0.72504	0.72504	0.72504	0.72504	0.72504	0.72504	0.72504
0.72504	0.72504	0.72504	0.72504	0.72504	0.72504	0.72504	0.72504	0.72504	0.72504	0.72504	0.72504	0.72504	0.72504	0.72504	0.72504	0.72504	0.72504	0.72504	0.72504	0.72504	0.72504	0.72504	0.72504	0.72504	0.72504	0.72504	0.72504	0.72504	0.72504	0.72504	0.72504	0.72504	0.72504	0.72504	0.72504	0.72504	0.72504	0.72504	0.72504	0.72504	0.72504	0.72504	0.72504	0.72504	0.72504	0.72504	0.72504	0.72504	0.72504	0.72504	0.72504	0.72504	0.72504	0.72504	0.72504	0.72504	0.72504	0.72504	0.72504	0.72504	0.72504	0.72504	0.72504
0.72504	0.72504	0.72504	0.72504	0.72504	0.72504	0.72504	0.72504	0.72504	0.72504	0.72504	0.72504	0.72504	0.72504	0.72504	0.72504	0.72504	0.72504	0.72504	0.72504	0.72504	0.72504	0.72504	0.72504	0.72504	0.72504	0.72504	0.72504	0.72504	0.72504	0.72504	0.72504	0.72504	0.72504	0.72504	0.72504	0.72504	0.72504	0.72504	0.72504	0.72504	0.72504	0.72504	0.72504	0.72504	0.72504	0.72504	0.72504	0.72504	0.72504	0.72504	0.72504	0.72504	0.72504	0.72504	0.72504	0.72504	0.72504	0.72504	0.72504	0.72504	0.72504	0.72504	0.72504
0.72504	0.72504	0.72504	0.72504	0.72504	0.72504	0.72504	0.72504	0.72504	0.72504	0.72504	0.72504	0.72504	0.72504	0.72504	0.72504	0.72504	0.72504	0.72504	0.72504	0.72504	0.72504	0.72504	0.72504	0.72504	0.72504	0.72504	0.72504	0.72504	0.72504	0.72504	0.72504	0.72504	0.72504	0.72504	0.72504	0.72504	0.72504	0.72504	0.72504	0.72504	0.72504	0.72504	0.72504	0.72504	0.72504	0.72504	0.72504	0.72504	0.72504	0.72504	0.72504	0.72504	0.72504	0.72504	0.72504	0.72504	0.72504	0.72504	0.72504	0.72504	0.72504	0.72504	0.72504
0.273062	0.273062	0.273062	0.273062	0.273062	0.273062	0.273062	0.273062	0.273062	0.273062	0.273062	0.273062	0.273062	0.273062	0.273062	0.273062	0.273062	0.273062	0.273062	0.273062	0.273062	0.273062	0.273062	0.273062	0.273062	0.273062	0.273062	0.273062	0.273062	0.273062	0.273062	0.273062	0.273062	0.273062	0.273062	0.273062	0.273062	0.273062	0.273062	0.273062	0.273062	0.273062	0.273062	0.273062	0.273062	0.273062	0.273062	0.273062	0.273062	0.273062	0.273062	0.273062	0.273062	0.273062	0.273062	0.273062	0.273062	0.273062	0.273062	0.273062	0.273062	0.273062	0.273062	0.273062
0	0	0	0	0	0	0	0	0	0	0	0	0	0	0	0	0	0	0	0	0	0	0	0	0	0	0	0	0	0	0	0	0	0	0	0	0	0	0	0	0	0	0	0	0	0	0	0	0	0	0	0	0	0	0	0	0	0	0	0	0	0	0	0
0	0	0	0	0	0	0	0	0	0	0	0	0	0	0	0	0	0	0	0	0	0	0	0	0	0	0	0	0	0	0	0	0	0	0	0	0	0	0	0	0	0	0	0	0	0	0	0	0	0	0	0	0	0	0	0	0	0	0	0	0	0	0	0
0	0	0	0	0	0	0	0	0	0	0	0	0	0	0	0	0	0	0	0	0	0	0	0	0	0	0	0	0	0	0	0	0	0	0	0	0	0	0	0	0	0	0	0	0	0	0	0	0	0	0	0	0	0	0	0	0	0	0	0	0	0	0	0
0	0	0	0	0	0	0	0	0	0	0	0	0	0	0	0	0	0	0	0	0	0	0	0	0	0	0	0	0	0	0	0	0	0	0	0	0	0	0	0	0	0	0	0	0	0	0	0	0	0	0	0	0	0	0	0	0	0	0	0	0	0	0	0
0	0	0	0	0	0	0	0	0	0	0	0	0	0	0	0	0	0	0	0	0	0	0	0	0	0	0	0	0	0	0	0	0	0	0	0	0	0	0	0	0	0	0	0	0	0	0	0	0	0	0	0	0	0	0	0	0	0	0	0	0	0	0	0
0	0	0	0	0	0	0	0	0	0	0	0	0	0	0	0	0	0	0	0	0	0	0	0	0	0	0	0	0	0	0	0	0	0	0	0	0	0	0	0	0	0	0	0	0	0	0	0	0	0	0	0	0	0	0	0	0	0	0	0	0	0	0	0
0	0	0	0	0	0	0	0	0	0	0	0	0	0	0	0	0	0	0	0	0	0	0	0	0	0	0	0	0	0	0	0	0	0	0	0	0	0	0	0	0	0	0	0	0	0	0	0	0	0	0	0	0	0	0	0	0	0	0	0	0	0	0	0
0	0	0	0	0	0	0	0	0	0	0	0	0	0	0	0	0	0	0	0	0	0	0	0	0	0	0	0	0	0	0	0	0	0	0	0	0	0	0	0	0	0	0	0	0	0	0	0	0	0	0	0	0	0	0	0	0	0	0	0	0	0	0	0
0	0	0	0	0	0	0	0	0	0	0	0	0	0	0	0	0	0	0	0	0	0	0	0	0	0	0	0	0	0	0	0	0	0	0	0	0	0	0	0	0	0	0	0	0	0	0	0	0	0	0	0	0	0	0	0	0	0	0	0	0	0	0	0
0	0	0	0	0	0	0	0	0	0	0	0	0	0	0	0	0	0	0	0	0	0	0	0	0	0	0	0	0	0	0	0	0	0	0	0	0	0	0	0	0	0	0	0	0	0	0	0	0	0	0	0	0	0	0	0	0	0	0	0	0	0	0	0
0	0	0	0	0	0	0	0	0	0	0	0	0	0	0	0	0	0	0	0	0	0	0	0	0	0	0	0	0	0	0	0	0	0	0	0	0	0	0	0	0	0	0	0	0	0	0	0	0	0	0	0	0	0	0	0	0	0	0	0	0	0	0	0
0	0	0	0	0	0	0	0	0	0	0	0	0	0	0	0	0	0	0	0	0	0	0	0	0	0	0	0	0	0	0	0	0	0	0	0	0	0	0	0	0	0	0	0	0	0	0	0	0	0	0	0	0	0	0	0	0	0	0	0	0	0	0	0
