1	1	1	1	1	1	1	1	1	1	1	1	1	1	1	1	1	1	1	1	1	1	1	1	1	1	1	1	1	1	1	1	1	1	1	1	1	1	1	1	1	1	1	1	1	1	1	1	1	1	1	1	1	1	1	1	1	1	1	1	1	1	1	1
1	1	1	1	1	1	1	1	1	1	1	1	1	1	1	1	1	1	1	1	1	1	1	1	1	1	1	1	1	1	1	1	1	1	1	1	1	1	1	1	1	1	1	1	1	1	1	1	1	1	1	1	1	1	1	1	1	1	1	1	1	1	1	1
1	1	1	1	1	1	1	1	1	1	1	1	1	1	1	1	1	1	1	1	1	1	1	1	1	1	1	1	1	1	1	1	1	1	1	1	1	1	1	1	1	1	1	1	1	1	1	1	1	1	1	1	1	1	1	1	1	1	1	1	1	1	1	1
1	1	1	1	1	1	1	1	1	1	1	1	1	1	1	1	1	1	1	1	1	1	1	1	1	1	1	1	1	1	1	1	1	1	1	1	1	1	1	1	1	1	1	1	1	1	1	1	1	1	1	1	1	1	1	1	1	1	1	1	1	1	1	1
1	1	1	1	1	1	1	1	1	1	1	1	1	1	1	1	1	1	1	1	1	1	1	1	1	1	1	1	1	1	1	1	1	1	1	1	1	1	1	1	1	1	1	1	1	1	1	1	1	1	1	1	1	1	1	1	1	1	1	1	1	1	1	1
1	1	1	1	1	1	1	1	1	1	1	1	1	1	1	1	1	1	1	1	1	1	1	1	1	1	1	1	1	1	1	1	1	1	1	1	1	1	1	1	1	1	1	1	1	1	1	1	1	1	1	1	1	1	1	1	1	1	1	1	1	1	1	1
1	1	1	1	1	1	1	1	1	1	1	1	1	1	1	1	1	1	1	1	1	1	1	1	1	1	1	1	1	1	1	1	1	1	1	1	1	1	1	1	1	1	1	1	1	1	1	1	1	1	1	1	1	1	1	1	1	1	1	1	1	1	1	1
1	1	1	1	1	1	1	1	1	1	1	1	1	1	1	1	1	1	1	1	1	1	1	1	1	1	1	1	1	1	1	1	1	1	1	1	1	1	1	1	1	1	1	1	1	1	1	1	1	1	1	1	1	1	1	1	1	1	1	1	1	1	1	1
1	1	1	1	1	1	1	1	1	1	1	1	1	1	1	1	1	1	1	1	1	1	1	1	1	1	1	1	1	1	1	1	1	1	1	1	1	1	1	1	1	1	1	1	1	1	1	1	1	1	1	1	1	1	1	1	1	1	1	1	1	1	1	1
1	1	1	1	1	1	1	1	1	1	1	1	1	1	1	1	1	1	1	1	1	1	1	1	1	1	1	1	1	1	1	1	1	1	1	1	1	1	1	1	1	1	1	1	1	1	1	1	1	1	1	1	1	1	1	1	1	1	1	1	1	1	1	1
1	1	1	1	1	1	1	1	1	1	1	1	1	1	1	1	1	1	1	1	1	1	1	1	1	1	1	1	1	1	1	1	1	1	1	1	1	1	1	1	1	1	1	1	1	1	1	1	1	1	1	1	1	1	1	1	1	1	1	1	1	1	1	1
1	1	1	1	1	1	1	1	1	1	1	1	1	1	1	1	1	1	1	1	1	1	1	1	1	1	1	1	1	1	1	1	1	1	1	1	1	1	1	1	1	1	1	1	1	1	1	1	1	1	1	1	1	1	1	1	1	1	1	1	1	1	1	1
1	1	1	1	1	1	1	1	1	1	1	1	1	1	1	1	1	1	1	1	1	1	1	1	1	1	1	1	1	1	1	1	1	1	1	1	1	1	1	1	1	1	1	1	1	1	1	1	1	1	1	1	1	1	1	1	1	1	1	1	1	1	1	1
1	1	1	1	1	1	1	1	1	1	1	1	1	1	1	1	1	1	1	1	1	1	1	1	1	1	1	1	1	1	1	1	1	1	1	1	1	1	1	1	1	1	1	1	1	1	1	1	1	1	1	1	1	1	1	1	1	1	1	1	1	1	1	1
1	1	1	1	1	1	1	1	1	1	1	1	1	1	1	1	1	1	1	1	1	1	1	1	1	1	1	1	1	1	1	1	1	1	1	1	1	1	1	1	1	1	1	1	1	1	1	1	1	1	1	1	1	1	1	1	1	1	1	1	1	1	1	1
1	1	1	1	1	1	1	1	1	1	1	1	1	1	1	1	1	1	1	1	1	1	1	1	1	1	1	1	1	1	1	1	1	1	1	1	1	1	1	1	1	1	1	1	1	1	1	1	1	1	1	1	1	1	1	1	1	1	1	1	1	1	1	1
1	1	1	1	1	1	1	1	1	1	1	1	1	1	1	1	1	1	1	1	1	1	1	1	1	1	1	1	1	1	1	1	1	1	1	1	1	1	1	1	1	1	1	1	1	1	1	1	1	1	1	1	1	1	1	1	1	1	1	1	1	1	1	1
1	1	1	1	1	1	1	1	1	1	1	1	1	1	1	1	1	1	1	1	1	1	1	1	1	1	1	1	1	1	1	1	1	1	1	1	1	1	1	1	1	1	1	1	1	1	1	1	1	1	1	1	1	1	1	1	1	1	1	1	1	1	1	1
1	1	1	1	1	1	1	1	1	1	1	1	1	1	1	1	1	1	1	1	1	1	1	1	1	1	1	1	1	1	1	1	1	1	1	1	1	1	1	1	1	1	1	1	1	1	1	1	1	1	1	1	1	1	1	1	1	1	1	1	1	1	1	1
1	1	1	1	1	1	1	1	1	1	1	1	1	1	1	1	1	1	1	1	1	1	1	1	1	1	1	1	1	1	1	1	1	1	1	1	1	1	1	1	1	1	1	1	1	1	1	1	1	1	1	1	1	1	1	1	1	1	1	1	1	1	1	1
1	1	1	1	1	1	1	1	1	1	1	1	1	1	1	1	1	1	1	1	1	1	1	1	1	1	1	1	1	1	1	1	1	1	1	1	1	1	1	1	1	1	1	1	1	1	1	1	1	1	1	1	1	1	1	1	1	1	1	1	1	1	1	1
1	1	1	1	1	1	1	1	1	1	1	1	1	1	1	1	1	1	1	1	1	1	1	1	1	1	1	1	1	1	1	1	1	1	1	1	1	1	1	1	1	1	1	1	1	1	1	1	1	1	1	1	1	1	1	1	1	1	1	1	1	1	1	1
1	1	1	1	1	1	1	1	1	1	1	1	1	1	1	1	1	1	1	1	1	1	1	1	1	1	1	1	1	1	1	1	1	1	1	1	1	1	1	1	1	1	1	1	1	1	1	1	1	1	1	1	1	1	1	1	1	1	1	1	1	1	1	1
1	1	1	1	1	1	1	1	1	1	1	1	1	1	1	1	1	1	1	1	1	1	1	1	1	1	1	1	1	1	1	1	1	1	1	1	1	1	1	1	1	1	1	1	1	1	1	1	1	1	1	1	1	1	1	1	1	1	1	1	1	1	1	1
1	1	1	1	1	1	1	1	1	1	1	1	1	1	1	1	1	1	1	1	1	1	1	1	1	1	1	1	1	1	1	1	1	1	1	1	1	1	1	1	1	1	1	1	1	1	1	1	1	1	1	1	1	1	1	1	1	1	1	1	1	1	1	1
2.07511	2.07511	2.07511	2.07511	2.07511	2.07511	2.07511	2.07511	2.07511	2.07511	2.07511	2.07511	2.07511	2.07511	2.07511	2.07511	2.07511	2.07511	2.07511	2.07511	2.07511	2.07511	2.07511	2.07511	2.07511	2.07511	2.07511	2.07511	2.07511	2.07511	2.07511	2.07511	2.07511	2.07511	2.07511	2.07511	2.07511	2.07511	2.07511	2.07511	2.07511	2.07511	2.07511	2.07511	2.07511	2.07511	2.07511	2.07511	2.07511	2.07511	2.07511	2.07511	2.07511	2.07511	2.07511	2.07511	2.07511	2.07511	2.07511	2.07511	2.07511	2.07511	2.07511	2.07511
3.05451	3.05451	3.05451	3.05451	3.05451	3.05451	3.05451	3.05451	3.05451	3.05451	3.05451	3.05451	3.05451	3.05451	3.05451	3.05451	3.05451	3.05451	3.05451	3.05451	3.05451	3.05451	3.05451	3.05451	3.05451	3.05451	3.05451	3.05451	3.05451	3.05451	3.05451	3.05451	3.05451	3.05451	3.05451	3.05451	3.05451	3.05451	3.05451	3.05451	3.05451	3.05451	3.05451	3.05451	3.05451	3.05451	3.05451	3.05451	3.05451	3.05451	3.05451	3.05451	3.05451	3.05451	3.05451	3.05451	3.05451	3.05451	3.05451	3.05451	3.05451	3.05451	3.05451	3.05451
3.05451	3.05451	3.05451	3.05451	3.05451	3.05451	3.05451	3.05451	3.05451	3.05451	3.05451	3.05451	3.05451	3.05451	3.05451	3.05451	3.05451	3.05451	3.05451	3.05451	3.05451	3.05451	3.05451	3.05451	3.05451	3.05451	3.05451	3.05451	3.05451	3.05451	3.05451	3.05451	3.05451	3.05451	3.05451	3.05451	3.05451	3.05451	3.05451	3.05451	3.05451	3.05451	3.05451	3.05451	3.05451	3.05451	3.05451	3.05451	3.05451	3.05451	3.05451	3.05451	3.05451	3.05451	3.05451	3.05451	3.05451	3.05451	3.05451	3.05451	3.05451	3.05451	3.05451	3.05451
3.05451	3.05451	3.05451	3.05451	3.05451	3.05451	3.05451	3.05451	3.05451	3.05451	3.05451	3.05451	3.05451	3.05451	3.05451	3.05451	3.05451	3.05451	3.05451	3.05451	3.05451	3.05451	3.05451	3.05451	3.05451	3.05451	3.05451	3.05451	3.05451	3.05451	3.05451	3.05451	3.05451	3.05451	3.05451	3.05451	3.05451	3.05451	3.05451	3.05451	3.05451	3.05451	3.05451	3.05451	3.05451	3.05451	3.05451	3.05451	3.05451	3.05451	3.05451	3.05451	3.05451	3.05451	3.05451	3.05451	3.05451	3.05451	3.05451	3.05451	3.05451	3.05451	3.05451	3.05451
3.05451	3.05451	3.05451	3.05451	3.05451	3.05451	3.05451	3.05451	3.05451	3.05451	3.05451	3.05451	3.05451	3.05451	3.05451	3.05451	3.05451	3.05451	3.05451	3.05451	3.05451	3.05451	3.05451	3.05451	3.05451	3.05451	3.05451	3.05451	3.05451	3.05451	3.05451	3.05451	3.05451	3.05451	3.05451	3.05451	3.05451	3.05451	3.05451	3.05451	3.05451	3.05451	3.05451	3.05451	3.05451	3.05451	3.05451	3.05451	3.05451	3.05451	3.05451	3.05451	3.05451	3.05451	3.05451	3.05451	3.05451	3.05451	3.05451	3.05451	3.05451	3.05451	3.05451	3.05451
3.05451	3.05451	3.05451	3.05451	3.05451	3.05451	3.05451	3.05451	3.05451	3.05451	3.05451	3.05451	3.05451	3.05451	3.05451	3.05451	3.05451	3.05451	3.05451	3.05451	3.05451	3.05451	3.05451	3.05451	3.05451	3.05451	3.05451	3.05451	3.05451	3.05451	3.05451	3.05451	3.05451	3.05451	3.05451	3.05451	3.05451	3.05451	3.05451	3.05451	3.05451	3.05451	3.05451	3.05451	3.05451	3.05451	3.05451	3.05451	3.05451	3.05451	3.05451	3.05451	3.05451	3.05451	3.05451	3.05451	3.05451	3.05451	3.05451	3.05451	3.05451	3.05451	3.05451	3.05451
3.05451	3.05451	3.05451	3.05451	3.05451	3.05451	3.05451	3.05451	3.05451	3.05451	3.05451	3.05451	3.05451	3.05451	3.05451	3.05451	3.05451	3.05451	3.05451	3.05451	3.05451	3.05451	3.05451	3.05451	3.05451	3.05451	3.05451	3.05451	3.05451	3.05451	3.05451	3.05451	3.05451	3.05451	3.05451	3.05451	3.05451	3.05451	3.05451	3.05451	3.05451	3.05451	3.05451	3.05451	3.05451	3.05451	3.05451	3.05451	3.05451	3.05451	3.05451	3.05451	3.05451	3.05451	3.05451	3.05451	3.05451	3.05451	3.05451	3.05451	3.05451	3.05451	3.05451	3.05451
3.05451	3.05451	3.05451	3.05451	3.05451	3.05451	3.05451	3.05451	3.05451	3.05451	3.05451	3.05451	3.05451	3.05451	3.05451	3.05451	3.05451	3.05451	3.05451	3.05451	3.05451	3.05451	3.05451	3.05451	3.05451	3.05451	3.05451	3.05451	3.05451	3.05451	3.05451	3.05451	3.05451	3.05451	3.05451	3.05451	3.05451	3.05451	3.05451	3.05451	3.05451	3.05451	3.05451	3.05451	3.05451	3.05451	3.05451	3.05451	3.05451	3.05451	3.05451	3.05451	3.05451	3.05451	3.05451	3.05451	3.05451	3.05451	3.05451	3.05451	3.05451	3.05451	3.05451	3.05451
3.05451	3.05451	3.05451	3.05451	3.05451	3.05451	3.05451	3.05451	3.05451	3.05451	3.05451	3.05451	3.05451	3.05451	3.05451	3.05451	3.05451	3.05451	3.05451	3.05451	3.05451	3.05451	3.05451	3.05451	3.05451	3.05451	3.05451	3.05451	3.05451	3.05451	3.05451	3.05451	3.05451	3.05451	3.05451	3.05451	3.05451	3.05451	3.05451	3.05451	3.05451	3.05451	3.05451	3.05451	3.05451	3.05451	3.05451	3.05451	3.05451	3.05451	3.05451	3.05451	3.05451	3.05451	3.05451	3.05451	3.05451	3.05451	3.05451	3.05451	3.05451	3.05451	3.05451	3.05451
3.05451	3.05451	3.05451	3.05451	3.05451	3.05451	3.05451	3.05451	3.05451	3.05451	3.05451	3.05451	3.05451	3.05451	3.05451	3.05451	3.05451	3.05451	3.05451	3.05451	3.05451	3.05451	3.05451	3.05451	3.05451	3.05451	3.05451	3.05451	3.05451	3.05451	3.05451	3.05451	3.05451	3.05451	3.05451	3.05451	3.05451	3.05451	3.05451	3.05451	3.05451	3.05451	3.05451	3.05451	3.05451	3.05451	3.05451	3.05451	3.05451	3.05451	3.05451	3.05451	3.05451	3.05451	3.05451	3.05451	3.05451	3.05451	3.05451	3.05451	3.05451	3.05451	3.05451	3.05451
3.05451	3.05451	3.05451	3.05451	3.05451	3.05451	3.05451	3.05451	3.05451	3.05451	3.05451	3.05451	3.05451	3.05451	3.05451	3.05451	3.05451	3.05451	3.05451	3.05451	3.05451	3.05451	3.05451	3.05451	3.05451	3.05451	3.05451	3.05451	3.05451	3.05451	3.05451	3.05451	3.05451	3.05451	3.05451	3.05451	3.05451	3.05451	3.05451	3.05451	3.05451	3.05451	3.05451	3.05451	3.05451	3.05451	3.05451	3.05451	3.05451	3.05451	3.05451	3.05451	3.05451	3.05451	3.05451	3.05451	3.05451	3.05451	3.05451	3.05451	3.05451	3.05451	3.05451	3.05451
3.05451	3.05451	3.05451	3.05451	3.05451	3.05451	3.05451	3.05451	3.05451	3.05451	3.05451	3.05451	3.05451	3.05451	3.05451	3.05451	3.05451	3.05451	3.05451	3.05451	3.05451	3.05451	3.05451	3.05451	3.05451	3.05451	3.05451	3.05451	3.05451	3.05451	3.05451	3.05451	3.05451	3.05451	3.05451	3.05451	3.05451	3.05451	3.05451	3.05451	3.05451	3.05451	3.05451	3.05451	3.05451	3.05451	3.05451	3.05451	3.05451	3.05451	3.05451	3.05451	3.05451	3.05451	3.05451	3.05451	3.05451	3.05451	3.05451	3.05451	3.05451	3.05451	3.05451	3.05451
3.05451	3.05451	3.05451	3.05451	3.05451	3.05451	3.05451	3.05451	3.05451	3.05451	3.05451	3.05451	3.05451	3.05451	3.05451	3.05451	3.05451	3.05451	3.05451	3.05451	3.05451	3.05451	3.05451	3.05451	3.05451	3.05451	3.05451	3.05451	3.05451	3.05451	3.05451	3.05451	3.05451	3.05451	3.05451	3.05451	3.05451	3.05451	3.05451	3.05451	3.05451	3.05451	3.05451	3.05451	3.05451	3.05451	3.05451	3.05451	3.05451	3.05451	3.05451	3.05451	3.05451	3.05451	3.05451	3.05451	3.05451	3.05451	3.05451	3.05451	3.05451	3.05451	3.05451	3.05451
3.05451	3.05451	3.05451	3.05451	3.05451	3.05451	3.05451	3.05451	3.05451	3.05451	3.05451	3.05451	3.05451	3.05451	3.05451	3.05451	3.05451	3.05451	3.05451	3.05451	3.05451	3.05451	3.05451	3.05451	3.05451	3.05451	3.05451	3.05451	3.05451	3.05451	3.05451	3.05451	3.05451	3.05451	3.05451	3.05451	3.05451	3.05451	3.05451	3.05451	3.05451	3.05451	3.05451	3.05451	3.05451	3.05451	3.05451	3.05451	3.05451	3.05451	3.05451	3.05451	3.05451	3.05451	3.05451	3.05451	3.05451	3.05451	3.05451	3.05451	3.05451	3.05451	3.05451	3.05451
3.05451	3.05451	3.05451	3.05451	3.05451	3.05451	3.05451	3.05451	3.05451	3.05451	3.05451	3.05451	3.05451	3.05451	3.05451	3.05451	3.05451	3.05451	3.05451	3.05451	3.05451	3.05451	3.05451	3.05451	3.05451	3.05451	3.05451	3.05451	3.05451	3.05451	3.05451	3.05451	3.05451	3.05451	3.05451	3.05451	3.05451	3.05451	3.05451	3.05451	3.05451	3.05451	3.05451	3.05451	3.05451	3.05451	3.05451	3.05451	3.05451	3.05451	3.05451	3.05451	3.05451	3.05451	3.05451	3.05451	3.05451	3.05451	3.05451	3.05451	3.05451	3.05451	3.05451	3.05451
3.05451	3.05451	3.05451	3.05451	3.05451	3.05451	3.05451	3.05451	3.05451	3.05451	3.05451	3.05451	3.05451	3.05451	3.05451	3.05451	3.05451	3.05451	3.05451	3.05451	3.05451	3.05451	3.05451	3.05451	3.05451	3.05451	3.05451	3.05451	3.05451	3.05451	3.05451	3.05451	3.05451	3.05451	3.05451	3.05451	3.05451	3.05451	3.05451	3.05451	3.05451	3.05451	3.05451	3.05451	3.05451	3.05451	3.05451	3.05451	3.05451	3.05451	3.05451	3.05451	3.05451	3.05451	3.05451	3.05451	3.05451	3.05451	3.05451	3.05451	3.05451	3.05451	3.05451	3.05451
3.05451	3.05451	3.05451	3.05451	3.05451	3.05451	3.05451	3.05451	3.05451	3.05451	3.05451	3.05451	3.05451	3.05451	3.05451	3.05451	3.05451	3.05451	3.05451	3.05451	3.05451	3.05451	3.05451	3.05451	3.05451	3.05451	3.05451	3.05451	3.05451	3.05451	3.05451	3.05451	3.05451	3.05451	3.05451	3.05451	3.05451	3.05451	3.05451	3.05451	3.05451	3.05451	3.05451	3.05451	3.05451	3.05451	3.05451	3.05451	3.05451	3.05451	3.05451	3.05451	3.05451	3.05451	3.05451	3.05451	3.05451	3.05451	3.05451	3.05451	3.05451	3.05451	3.05451	3.05451
3.05451	3.05451	3.05451	3.05451	3.05451	3.05451	3.05451	3.05451	3.05451	3.05451	3.05451	3.05451	3.05451	3.05451	3.05451	3.05451	3.05451	3.05451	3.05451	3.05451	3.05451	3.05451	3.05451	3.05451	3.05451	3.05451	3.05451	3.05451	3.05451	3.05451	3.05451	3.05451	3.05451	3.05451	3.05451	3.05451	3.05451	3.05451	3.05451	3.05451	3.05451	3.05451	3.05451	3.05451	3.05451	3.05451	3.05451	3.05451	3.05451	3.05451	3.05451	3.05451	3.05451	3.05451	3.05451	3.05451	3.05451	3.05451	3.05451	3.05451	3.05451	3.05451	3.05451	3.05451
3.05451	3.05451	3.05451	3.05451	3.05451	3.05451	3.05451	3.05451	3.05451	3.05451	3.05451	3.05451	3.05451	3.05451	3.05451	3.05451	3.05451	3.05451	3.05451	3.05451	3.05451	3.05451	3.05451	3.05451	3.05451	3.05451	3.05451	3.05451	3.05451	3.05451	3.05451	3.05451	3.05451	3.05451	3.05451	3.05451	3.05451	3.05451	3.05451	3.05451	3.05451	3.05451	3.05451	3.05451	3.05451	3.05451	3.05451	3.05451	3.05451	3.05451	3.05451	3.05451	3.05451	3.05451	3.05451	3.05451	3.05451	3.05451	3.05451	3.05451	3.05451	3.05451	3.05451	3.05451
3.05451	3.05451	3.05451	3.05451	3.05451	3.05451	3.05451	3.05451	3.05451	3.05451	3.05451	3.05451	3.05451	3.05451	3.05451	3.05451	3.05451	3.05451	3.05451	3.05451	3.05451	3.05451	3.05451	3.05451	3.05451	3.05451	3.05451	3.05451	3.05451	3.05451	3.05451	3.05451	3.05451	3.05451	3.05451	3.05451	3.05451	3.05451	3.05451	3.05451	3.05451	3.05451	3.05451	3.05451	3.05451	3.05451	3.05451	3.05451	3.05451	3.05451	3.05451	3.05451	3.05451	3.05451	3.05451	3.05451	3.05451	3.05451	3.05451	3.05451	3.05451	3.05451	3.05451	3.05451
3.05451	3.05451	3.05451	3.05451	3.05451	3.05451	3.05451	3.05451	3.05451	3.05451	3.05451	3.05451	3.05451	3.05451	3.05451	3.05451	3.05451	3.05451	3.05451	3.05451	3.05451	3.05451	3.05451	3.05451	3.05451	3.05451	3.05451	3.05451	3.05451	3.05451	3.05451	3.05451	3.05451	3.05451	3.05451	3.05451	3.05451	3.05451	3.05451	3.05451	3.05451	3.05451	3.05451	3.05451	3.05451	3.05451	3.05451	3.05451	3.05451	3.05451	3.05451	3.05451	3.05451	3.05451	3.05451	3.05451	3.05451	3.05451	3.05451	3.05451	3.05451	3.05451	3.05451	3.05451
3.05451	3.05451	3.05451	3.05451	3.05451	3.05451	3.05451	3.05451	3.05451	3.05451	3.05451	3.05451	3.05451	3.05451	3.05451	3.05451	3.05451	3.05451	3.05451	3.05451	3.05451	3.05451	3.05451	3.05451	3.05451	3.05451	3.05451	3.05451	3.05451	3.05451	3.05451	3.05451	3.05451	3.05451	3.05451	3.05451	3.05451	3.05451	3.05451	3.05451	3.05451	3.05451	3.05451	3.05451	3.05451	3.05451	3.05451	3.05451	3.05451	3.05451	3.05451	3.05451	3.05451	3.05451	3.05451	3.05451	3.05451	3.05451	3.05451	3.05451	3.05451	3.05451	3.05451	3.05451
3.05451	3.05451	3.05451	3.05451	3.05451	3.05451	3.05451	3.05451	3.05451	3.05451	3.05451	3.05451	3.05451	3.05451	3.05451	3.05451	3.05451	3.05451	3.05451	3.05451	3.05451	3.05451	3.05451	3.05451	3.05451	3.05451	3.05451	3.05451	3.05451	3.05451	3.05451	3.05451	3.05451	3.05451	3.05451	3.05451	3.05451	3.05451	3.05451	3.05451	3.05451	3.05451	3.05451	3.05451	3.05451	3.05451	3.05451	3.05451	3.05451	3.05451	3.05451	3.05451	3.05451	3.05451	3.05451	3.05451	3.05451	3.05451	3.05451	3.05451	3.05451	3.05451	3.05451	3.05451
3.05451	3.05451	3.05451	3.05451	3.05451	3.05451	3.05451	3.05451	3.05451	3.05451	3.05451	3.05451	3.05451	3.05451	3.05451	3.05451	3.05451	3.05451	3.05451	3.05451	3.05451	3.05451	3.05451	3.05451	3.05451	3.05451	3.05451	3.05451	3.05451	3.05451	3.05451	3.05451	3.05451	3.05451	3.05451	3.05451	3.05451	3.05451	3.05451	3.05451	3.05451	3.05451	3.05451	3.05451	3.05451	3.05451	3.05451	3.05451	3.05451	3.05451	3.05451	3.05451	3.05451	3.05451	3.05451	3.05451	3.05451	3.05451	3.05451	3.05451	3.05451	3.05451	3.05451	3.05451
3.05451	3.05451	3.05451	3.05451	3.05451	3.05451	3.05451	3.05451	3.05451	3.05451	3.05451	3.05451	3.05451	3.05451	3.05451	3.05451	3.05451	3.05451	3.05451	3.05451	3.05451	3.05451	3.05451	3.05451	3.05451	3.05451	3.05451	3.05451	3.05451	3.05451	3.05451	3.05451	3.05451	3.05451	3.05451	3.05451	3.05451	3.05451	3.05451	3.05451	3.05451	3.05451	3.05451	3.05451	3.05451	3.05451	3.05451	3.05451	3.05451	3.05451	3.05451	3.05451	3.05451	3.05451	3.05451	3.05451	3.05451	3.05451	3.05451	3.05451	3.05451	3.05451	3.05451	3.05451
3.05451	3.05451	3.05451	3.05451	3.05451	3.05451	3.05451	3.05451	3.05451	3.05451	3.05451	3.05451	3.05451	3.05451	3.05451	3.05451	3.05451	3.05451	3.05451	3.05451	3.05451	3.05451	3.05451	3.05451	3.05451	3.05451	3.05451	3.05451	3.05451	3.05451	3.05451	3.05451	3.05451	3.05451	3.05451	3.05451	3.05451	3.05451	3.05451	3.05451	3.05451	3.05451	3.05451	3.05451	3.05451	3.05451	3.05451	3.05451	3.05451	3.05451	3.05451	3.05451	3.05451	3.05451	3.05451	3.05451	3.05451	3.05451	3.05451	3.05451	3.05451	3.05451	3.05451	3.05451
1.62418	1.62418	1.62418	1.62418	1.62418	1.62418	1.62418	1.62418	1.62418	1.62418	1.62418	1.62418	1.62418	1.62418	1.62418	1.62418	1.62418	1.62418	1.62418	1.62418	1.62418	1.62418	1.62418	1.62418	1.62418	1.62418	1.62418	1.62418	1.62418	1.62418	1.62418	1.62418	1.62418	1.62418	1.62418	1.62418	1.62418	1.62418	1.62418	1.62418	1.62418	1.62418	1.62418	1.62418	1.62418	1.62418	1.62418	1.62418	1.62418	1.62418	1.62418	1.62418	1.62418	1.62418	1.62418	1.62418	1.62418	1.62418	1.62418	1.62418	1.62418	1.62418	1.62418	1.62418
1	1	1	1	1	1	1	1	1	1	1	1	1	1	1	1	1	1	1	1	1	1	1	1	1	1	1	1	1	1	1	1	1	1	1	1	1	1	1	1	1	1	1	1	1	1	1	1	1	1	1	1	1	1	1	1	1	1	1	1	1	1	1	1
1	1	1	1	1	1	1	1	1	1	1	1	1	1	1	1	1	1	1	1	1	1	1	1	1	1	1	1	1	1	1	1	1	1	1	1	1	1	1	1	1	1	1	1	1	1	1	1	1	1	1	1	1	1	1	1	1	1	1	1	1	1	1	1
1	1	1	1	1	1	1	1	1	1	1	1	1	1	1	1	1	1	1	1	1	1	1	1	1	1	1	1	1	1	1	1	1	1	1	1	1	1	1	1	1	1	1	1	1	1	1	1	1	1	1	1	1	1	1	1	1	1	1	1	1	1	1	1
1	1	1	1	1	1	1	1	1	1	1	1	1	1	1	1	1	1	1	1	1	1	1	1	1	1	1	1	1	1	1	1	1	1	1	1	1	1	1	1	1	1	1	1	1	1	1	1	1	1	1	1	1	1	1	1	1	1	1	1	1	1	1	1
1	1	1	1	1	1	1	1	1	1	1	1	1	1	1	1	1	1	1	1	1	1	1	1	1	1	1	1	1	1	1	1	1	1	1	1	1	1	1	1	1	1	1	1	1	1	1	1	1	1	1	1	1	1	1	1	1	1	1	1	1	1	1	1
1	1	1	1	1	1	1	1	1	1	1	1	1	1	1	1	1	1	1	1	1	1	1	1	1	1	1	1	1	1	1	1	1	1	1	1	1	1	1	1	1	1	1	1	1	1	1	1	1	1	1	1	1	1	1	1	1	1	1	1	1	1	1	1
1	1	1	1	1	1	1	1	1	1	1	1	1	1	1	1	1	1	1	1	1	1	1	1	1	1	1	1	1	1	1	1	1	1	1	1	1	1	1	1	1	1	1	1	1	1	1	1	1	1	1	1	1	1	1	1	1	1	1	1	1	1	1	1
1	1	1	1	1	1	1	1	1	1	1	1	1	1	1	1	1	1	1	1	1	1	1	1	1	1	1	1	1	1	1	1	1	1	1	1	1	1	1	1	1	1	1	1	1	1	1	1	1	1	1	1	1	1	1	1	1	1	1	1	1	1	1	1
1	1	1	1	1	1	1	1	1	1	1	1	1	1	1	1	1	1	1	1	1	1	1	1	1	1	1	1	1	1	1	1	1	1	1	1	1	1	1	1	1	1	1	1	1	1	1	1	1	1	1	1	1	1	1	1	1	1	1	1	1	1	1	1
1	1	1	1	1	1	1	1	1	1	1	1	1	1	1	1	1	1	1	1	1	1	1	1	1	1	1	1	1	1	1	1	1	1	1	1	1	1	1	1	1	1	1	1	1	1	1	1	1	1	1	1	1	1	1	1	1	1	1	1	1	1	1	1
1	1	1	1	1	1	1	1	1	1	1	1	1	1	1	1	1	1	1	1	1	1	1	1	1	1	1	1	1	1	1	1	1	1	1	1	1	1	1	1	1	1	1	1	1	1	1	1	1	1	1	1	1	1	1	1	1	1	1	1	1	1	1	1
1	1	1	1	1	1	1	1	1	1	1	1	1	1	1	1	1	1	1	1	1	1	1	1	1	1	1	1	1	1	1	1	1	1	1	1	1	1	1	1	1	1	1	1	1	1	1	1	1	1	1	1	1	1	1	1	1	1	1	1	1	1	1	1
