0	0	0	0	0	0	0	0	0	0	0	0	0	0	0	0	0	0	0	0	0	0	0	0	0	0	0	0	0	0	0	0	0	0	0	0	0	0	0	0	0	0	0	0	0	0	0	0	0	0	0	0	0	0	0	0	0	0	0	0	0	0	0	0
0	0	0	0	0	0	0	0	0	0	0	0	0	0	0	0	0	0	0	0	0	0	0	0	0	0	0	0	0	0	0	0	0	0	0	0	0	0	0	0	0	0	0	0	0	0	0	0	0	0	0	0	0	0	0	0	0	0	0	0	0	0	0	0
0	0	0	0	0	0	0	0	0	0	0	0	0	0	0	0	0	0	0	0	0	0	0	0	0	0	0	0	0	0	0	0	0	0	0	0	0	0	0	0	0	0	0	0	0	0	0	0	0	0	0	0	0	0	0	0	0	0	0	0	0	0	0	0
0	0	0	0	0	0	0	0	0	0	0	0	0	0	0	0	0	0	0	0	0	0	0	0	0	0	0	0	0	0	0	0	0	0	0	0	0	0	0	0	0	0	0	0	0	0	0	0	0	0	0	0	0	0	0	0	0	0	0	0	0	0	0	0
0	0	0	0	0	0	0	0	0	0	0	0	0	0	0	0	0	0	0	0	0	0	0	0	0	0	0	0	0	0	0	0	0	0	0	0	0	0	0	0	0	0	0	0	0	0	0	0	0	0	0	0	0	0	0	0	0	0	0	0	0	0	0	0
0	0	0	0	0	0	0	0	0	0	0	0	0	0	0	0	0	0	0	0	0	0	0	0	0	0	0	0	0	0	0	0	0	0	0	0	0	0	0	0	0	0	0	0	0	0	0	0	0	0	0	0	0	0	0	0	0	0	0	0	0	0	0	0
0	0	0	0	0	0	0	0	0	0	0	0	0	0	0	0	0	0	0	0	0	0	0	0	0	0	0	0	0	0	0	0	0	0	0	0	0	0	0	0	0	0	0	0	0	0	0	0	0	0	0	0	0	0	0	0	0	0	0	0	0	0	0	0
0	0	0	0	0	0	0	0	0	0	0	0	0	0	0	0	0	0	0	0	0	0	0	0	0	0	0	0	0	0	0	0	0	0	0	0	0	0	0	0	0	0	0	0	0	0	0	0	0	0	0	0	0	0	0	0	0	0	0	0	0	0	0	0
0	0	0	0	0	0	0	0	0	0	0	0	0	0	0	0	0	0	0	0	0	0	0	0	0	0	0	0	0	0	0	0	0	0	0	0	0	0	0	0	0	0	0	0	0	0	0	0	0	0	0	0	0	0	0	0	0	0	0	0	0	0	0	0
0	0	0	0	0	0	0	0	0	0	0	0	0	0	0	0	0	0	0	0	0	0	0	0	0	0	0	0	0	0	0	0	0	0	0	0	0	0	0	0	0	0	0	0	0	0	0	0	0	0	0	0	0	0	0	0	0	0	0	0	0	0	0	0
0	0	0	0	0	0	0	0	0	0	0	0	0	0	0	0	0	0	0	0	0	0	0	0	0	0	0	0	0	0	0	0	0	0	0	0	0	0	0	0	0	0	0	0	0	0	0	0	0	0	0	0	0	0	0	0	0	0	0	0	0	0	0	0
0	0	0	0	0	0	0	0	0	0	0	0	0	0	0	0	0	0	0	0	0	0	0	0	0	0	0	0	0	0	0	0	0	0	0	0	0	0	0	0	0	0	0	0	0	0	0	0	0	0	0	0	0	0	0	0	0	0	0	0	0	0	0	0
0	0	0	0	0	0	0	0	0	0	0	0	0	0	0	0	0	0	0	0	0	0	0	0	0	0	0	0	0	0	0	0	0	0	0	0	0	0	0	0	0	0	0	0	0	0	0	0	0	0	0	0	0	0	0	0	0	0	0	0	0	0	0	0
0	0	0	0	0	0	0	0	0	0	0	0	0	0	0	0	0	0	0	0	0	0	0	0	0	0	0	0	0	0	0	0	0	0	0	0	0	0	0	0	0	0	0	0	0	0	0	0	0	0	0	0	0	0	0	0	0	0	0	0	0	0	0	0
0	0	0	0	0	0	0	0	0	0	0	0	0	0	0	0	0	0	0	0	0	0	0	0	0	0	0	0	0	0	0	0	0	0	0	0	0	0	0	0	0	0	0	0	0	0	0	0	0	0	0	0	0	0	0	0	0	0	0	0	0	0	0	0
0	0	0	0	0	0	0	0	0	0	0	0	0	0	0	0	0	0	0	0	0	0	0	0	0	0	0	0	0	0	0	0	0	0	0	0	0	0	0	0	0	0	0	0	0	0	0	0	0	0	0	0	0	0	0	0	0	0	0	0	0	0	0	0
0	0	0	0	0	0	0	0	0	0	0	0	0	0	0	0	0	0	0	0	0	0	0	0	0	0	0	0	0	0	0	0	0	0	0	0	0	0	0	0	0	0	0	0	0	0	0	0	0	0	0	0	0	0	0	0	0	0	0	0	0	0	0	0
0	0	0	0	0	0	0	0	0	0	0	0	0	0	0	0	0	0	0	0	0	0	0	0	0	0	0	0	0	0	0	0	0	0	0	0	0	0	0	0	0	0	0	0	0	0	0	0	0	0	0	0	0	0	0	0	0	0	0	0	0	0	0	0
0	0	0	0	0	0	0	0	0	0	0	0	0	0	0	0	0	0	0	0	0	0	0	0	0	0	0	0	0	0	0	0	0	0	0	0	0	0	0	0	0	0	0	0	0	0	0	0	0	0	0	0	0	0	0	0	0	0	0	0	0	0	0	0
0	0	0	0	0	0	0	0	0	0	0	0	0	0	0	0	0	0	0	0	0	0	0	0	0	0	0	0	0	0	0	0	0	0	0	0	0	0	0	0	0	0	0	0	0	0	0	0	0	0	0	0	0	0	0	0	0	0	0	0	0	0	0	0
0	0	0	0	0	0	0	0	0	0	0	0	0	0	0	0	0	0	0	0	0	0	0	0	0	0	0	0	0	0	0	0	0	0	0	0	0	0	0	0	0	0	0	0	0	0	0	0	0	0	0	0	0	0	0	0	0	0	0	0	0	0	0	0
0	0	0	0	0	0	0	0	0	0	0	0	0	0	0	0	0	0	0	0	0	0	0	0	0	0	0	0	0	0	0	0	0	0	0	0	0	0	0	0	0	0	0	0	0	0	0	0	0	0	0	0	0	0	0	0	0	0	0	0	0	0	0	0
0	0	0	0	0	0	0	0	0	0	0	0	0	0	0	0	0	0	0	0	0	0	0	0	0	0	0	0	0	0	0	0	0	0	0	0	0	0	0	0	0	0	0	0	0	0	0	0	0	0	0	0	0	0	0	0	0	0	0	0	0	0	0	0
0	0	0	0	0	0	0	0	0	0	0	0	0	0	0	0	0	0	0	0	0	0	0	0	0	0	0	0	0	0	0	0	0	0	0	0	0	0	0	0	0	0	0	0	0	0	0	0	0	0	0	0	0	0	0	0	0	0	0	0	0	0	0	0
0	0	0	0	0	0	0	0	0	0	0	0	0	0	0	0	0	0	0	0	0	0	0	0	0	0	0	0	0	0	0	0	0	0	0	0	0	0	0	0	0	0	0	0	0	0	0	0	0	0	0	0	0	0	0	0	0	0	0	0	0	0	0	0
0.222284	0.222284	0.222284	0.222284	0.222284	0.222284	0.222284	0.222284	0.222284	0.222284	0.222284	0.222284	0.222284	0.222284	0.222284	0.222284	0.222284	0.222284	0.222284	0.222284	0.222284	0.222284	0.222284	0.222284	0.222284	0.222284	0.222284	0.222284	0.222284	0.222284	0.222284	0.222284	0.222284	0.222284	0.222284	0.222284	0.222284	0.222284	0.222284	0.222284	0.222284	0.222284	0.222284	0.222284	0.222284	0.222284	0.222284	0.222284	0.222284	0.222284	0.222284	0.222284	0.222284	0.222284	0.222284	0.222284	0.222284	0.222284	0.222284	0.222284	0.222284	0.222284	0.222284	0.222284
0.379288	0.379288	0.379288	0.379288	0.379288	0.379288	0.379288	0.379288	0.379288	0.379288	0.379288	0.379288	0.379288	0.379288	0.379288	0.379288	0.379288	0.379288	0.379288	0.379288	0.379288	0.379288	0.379288	0.379288	0.379288	0.379288	0.379288	0.379288	0.379288	0.379288	0.379288	0.379288	0.379288	0.379288	0.379288	0.379288	0.379288	0.379288	0.379288	0.379288	0.379288	0.379288	0.379288	0.379288	0.379288	0.379288	0.379288	0.379288	0.379288	0.379288	0.379288	0.379288	0.379288	0.379288	0.379288	0.379288	0.379288	0.379288	0.379288	0.379288	0.379288	0.379288	0.379288	0.379288
0.379288	0.379288	0.379288	0.379288	0.379288	0.379288	0.379288	0.379288	0.379288	0.379288	0.379288	0.379288	0.379288	0.379288	0.379288	0.379288	0.379288	0.379288	0.379288	0.379288	0.379288	0.379288	0.379288	0.379288	0.379288	0.379288	0.379288	0.379288	0.379288	0.379288	0.379288	0.379288	0.379288	0.379288	0.379288	0.379288	0.379288	0.379288	0.379288	0.379288	0.379288	0.379288	0.379288	0.379288	0.379288	0.379288	0.379288	0.379288	0.379288	0.379288	0.379288	0.379288	0.379288	0.379288	0.379288	0.379288	0.379288	0.379288	0.379288	0.379288	0.379288	0.379288	0.379288	0.379288
0.379288	0.379288	0.379288	0.379288	0.379288	0.379288	0.379288	0.379288	0.379288	0.379288	0.379288	0.379288	0.379288	0.379288	0.379288	0.379288	0.379288	0.379288	0.379288	0.379288	0.379288	0.379288	0.379288	0.379288	0.379288	0.379288	0.379288	0.379288	0.379288	0.379288	0.379288	0.379288	0.379288	0.379288	0.379288	0.379288	0.379288	0.379288	0.379288	0.379288	0.379288	0.379288	0.379288	0.379288	0.379288	0.379288	0.379288	0.379288	0.379288	0.379288	0.379288	0.379288	0.379288	0.379288	0.379288	0.379288	0.379288	0.379288	0.379288	0.379288	0.379288	0.379288	0.379288	0.379288
0.379288	0.379288	0.379288	0.379288	0.379288	0.379288	0.379288	0.379288	0.379288	0.379288	0.379288	0.379288	0.379288	0.379288	0.379288	0.379288	0.379288	0.379288	0.379288	0.379288	0.379288	0.379288	0.379288	0.379288	0.379288	0.379288	0.379288	0.379288	0.379288	0.379288	0.379288	0.379288	0.379288	0.379288	0.379288	0.379288	0.379288	0.379288	0.379288	0.379288	0.379288	0.379288	0.379288	0.379288	0.379288	0.379288	0.379288	0.379288	0.379288	0.379288	0.379288	0.379288	0.379288	0.379288	0.379288	0.379288	0.379288	0.379288	0.379288	0.379288	0.379288	0.379288	0.379288	0.379288
0.379288	0.379288	0.379288	0.379288	0.379288	0.379288	0.379288	0.379288	0.379288	0.379288	0.379288	0.379288	0.379288	0.379288	0.379288	0.379288	0.379288	0.379288	0.379288	0.379288	0.379288	0.379288	0.379288	0.379288	0.379288	0.379288	0.379288	0.379288	0.379288	0.379288	0.379288	0.379288	0.379288	0.379288	0.379288	0.379288	0.379288	0.379288	0.379288	0.379288	0.379288	0.379288	0.379288	0.379288	0.379288	0.379288	0.379288	0.379288	0.379288	0.379288	0.379288	0.379288	0.379288	0.379288	0.379288	0.379288	0.379288	0.379288	0.379288	0.379288	0.379288	0.379288	0.379288	0.379288
0.379288	0.379288	0.379288	0.379288	0.379288	0.379288	0.379288	0.379288	0.379288	0.379288	0.379288	0.379288	0.379288	0.379288	0.379288	0.379288	0.379288	0.379288	0.379288	0.379288	0.379288	0.379288	0.379288	0.379288	0.379288	0.379288	0.379288	0.379288	0.379288	0.379288	0.379288	0.379288	0.379288	0.379288	0.379288	0.379288	0.379288	0.379288	0.379288	0.379288	0.379288	0.379288	0.379288	0.379288	0.379288	0.379288	0.379288	0.379288	0.379288	0.379288	0.379288	0.379288	0.379288	0.379288	0.379288	0.379288	0.379288	0.379288	0.379288	0.379288	0.379288	0.379288	0.379288	0.379288
0.379288	0.379288	0.379288	0.379288	0.379288	0.379288	0.379288	0.379288	0.379288	0.379288	0.379288	0.379288	0.379288	0.379288	0.379288	0.379288	0.379288	0.379288	0.379288	0.379288	0.379288	0.379288	0.379288	0.379288	0.379288	0.379288	0.379288	0.379288	0.379288	0.379288	0.379288	0.379288	0.379288	0.379288	0.379288	0.379288	0.379288	0.379288	0.379288	0.379288	0.379288	0.379288	0.379288	0.379288	0.379288	0.379288	0.379288	0.379288	0.379288	0.379288	0.379288	0.379288	0.379288	0.379288	0.379288	0.379288	0.379288	0.379288	0.379288	0.379288	0.379288	0.379288	0.379288	0.379288
0.379288	0.379288	0.379288	0.379288	0.379288	0.379288	0.379288	0.379288	0.379288	0.379288	0.379288	0.379288	0.379288	0.379288	0.379288	0.379288	0.379288	0.379288	0.379288	0.379288	0.379288	0.379288	0.379288	0.379288	0.379288	0.379288	0.379288	0.379288	0.379288	0.379288	0.379288	0.379288	0.379288	0.379288	0.379288	0.379288	0.379288	0.379288	0.379288	0.379288	0.379288	0.379288	0.379288	0.379288	0.379288	0.379288	0.379288	0.379288	0.379288	0.379288	0.379288	0.379288	0.379288	0.379288	0.379288	0.379288	0.379288	0.379288	0.379288	0.379288	0.379288	0.379288	0.379288	0.379288
0.379288	0.379288	0.379288	0.379288	0.379288	0.379288	0.379288	0.379288	0.379288	0.379288	0.379288	0.379288	0.379288	0.379288	0.379288	0.379288	0.379288	0.379288	0.379288	0.379288	0.379288	0.379288	0.379288	0.379288	0.379288	0.379288	0.379288	0.379288	0.379288	0.379288	0.379288	0.379288	0.379288	0.379288	0.379288	0.379288	0.379288	0.379288	0.379288	0.379288	0.379288	0.379288	0.379288	0.379288	0.379288	0.379288	0.379288	0.379288	0.379288	0.379288	0.379288	0.379288	0.379288	0.379288	0.379288	0.379288	0.379288	0.379288	0.379288	0.379288	0.379288	0.379288	0.379288	0.379288
0.379288	0.379288	0.379288	0.379288	0.379288	0.379288	0.379288	0.379288	0.379288	0.379288	0.379288	0.379288	0.379288	0.379288	0.379288	0.379288	0.379288	0.379288	0.379288	0.379288	0.379288	0.379288	0.379288	0.379288	0.379288	0.379288	0.379288	0.379288	0.379288	0.379288	0.379288	0.379288	0.379288	0.379288	0.379288	0.379288	0.379288	0.379288	0.379288	0.379288	0.379288	0.379288	0.379288	0.379288	0.379288	0.379288	0.379288	0.379288	0.379288	0.379288	0.379288	0.379288	0.379288	0.379288	0.379288	0.379288	0.379288	0.379288	0.379288	0.379288	0.379288	0.379288	0.379288	0.379288
0.379288	0.379288	0.379288	0.379288	0.379288	0.379288	0.379288	0.379288	0.379288	0.379288	0.379288	0.379288	0.379288	0.379288	0.379288	0.379288	0.379288	0.379288	0.379288	0.379288	0.379288	0.379288	0.379288	0.379288	0.379288	0.379288	0.379288	0.379288	0.379288	0.379288	0.379288	0.379288	0.379288	0.379288	0.379288	0.379288	0.379288	0.379288	0.379288	0.379288	0.379288	0.379288	0.379288	0.379288	0.379288	0.379288	0.379288	0.379288	0.379288	0.379288	0.379288	0.379288	0.379288	0.379288	0.379288	0.379288	0.379288	0.379288	0.379288	0.379288	0.379288	0.379288	0.379288	0.379288
0.379288	0.379288	0.379288	0.379288	0.379288	0.379288	0.379288	0.379288	0.379288	0.379288	0.379288	0.379288	0.379288	0.379288	0.379288	0.379288	0.379288	0.379288	0.379288	0.379288	0.379288	0.379288	0.379288	0.379288	0.379288	0.379288	0.379288	0.379288	0.379288	0.379288	0.379288	0.379288	0.379288	0.379288	0.379288	0.379288	0.379288	0.379288	0.379288	0.379288	0.379288	0.379288	0.379288	0.379288	0.379288	0.379288	0.379288	0.379288	0.379288	0.379288	0.379288	0.379288	0.379288	0.379288	0.379288	0.379288	0.379288	0.379288	0.379288	0.379288	0.379288	0.379288	0.379288	0.379288
0.379288	0.379288	0.379288	0.379288	0.379288	0.379288	0.379288	0.379288	0.379288	0.379288	0.379288	0.379288	0.379288	0.379288	0.379288	0.379288	0.379288	0.379288	0.379288	0.379288	0.379288	0.379288	0.379288	0.379288	0.379288	0.379288	0.379288	0.379288	0.379288	0.379288	0.379288	0.379288	0.379288	0.379288	0.379288	0.379288	0.379288	0.379288	0.379288	0.379288	0.379288	0.379288	0.379288	0.379288	0.379288	0.379288	0.379288	0.379288	0.379288	0.379288	0.379288	0.379288	0.379288	0.379288	0.379288	0.379288	0.379288	0.379288	0.379288	0.379288	0.379288	0.379288	0.379288	0.379288
0.379288	0.379288	0.379288	0.379288	0.379288	0.379288	0.379288	0.379288	0.379288	0.379288	0.379288	0.379288	0.379288	0.379288	0.379288	0.379288	0.379288	0.379288	0.379288	0.379288	0.379288	0.379288	0.379288	0.379288	0.379288	0.379288	0.379288	0.379288	0.379288	0.379288	0.379288	0.379288	0.379288	0.379288	0.379288	0.379288	0.379288	0.379288	0.379288	0.379288	0.379288	0.379288	0.379288	0.379288	0.379288	0.379288	0.379288	0.379288	0.379288	0.379288	0.379288	0.379288	0.379288	0.379288	0.379288	0.379288	0.379288	0.379288	0.379288	0.379288	0.379288	0.379288	0.379288	0.379288
0.379288	0.379288	0.379288	0.379288	0.379288	0.379288	0.379288	0.379288	0.379288	0.379288	0.379288	0.379288	0.379288	0.379288	0.379288	0.379288	0.379288	0.379288	0.379288	0.379288	0.379288	0.379288	0.379288	0.379288	0.379288	0.379288	0.379288	0.379288	0.379288	0.379288	0.379288	0.379288	0.379288	0.379288	0.379288	0.379288	0.379288	0.379288	0.379288	0.379288	0.379288	0.379288	0.379288	0.379288	0.379288	0.379288	0.379288	0.379288	0.379288	0.379288	0.379288	0.379288	0.379288	0.379288	0.379288	0.379288	0.379288	0.379288	0.379288	0.379288	0.379288	0.379288	0.379288	0.379288
0.379288	0.379288	0.379288	0.379288	0.379288	0.379288	0.379288	0.379288	0.379288	0.379288	0.379288	0.379288	0.379288	0.379288	0.379288	0.379288	0.379288	0.379288	0.379288	0.379288	0.379288	0.379288	0.379288	0.379288	0.379288	0.379288	0.379288	0.379288	0.379288	0.379288	0.379288	0.379288	0.379288	0.379288	0.379288	0.379288	0.379288	0.379288	0.379288	0.379288	0.379288	0.379288	0.379288	0.379288	0.379288	0.379288	0.379288	0.379288	0.379288	0.379288	0.379288	0.379288	0.379288	0.379288	0.379288	0.379288	0.379288	0.379288	0.379288	0.379288	0.379288	0.379288	0.379288	0.379288
0.379288	0.379288	0.379288	0.379288	0.379288	0.379288	0.379288	0.379288	0.379288	0.379288	0.379288	0.379288	0.379288	0.379288	0.379288	0.379288	0.379288	0.379288	0.379288	0.379288	0.379288	0.379288	0.379288	0.379288	0.379288	0.379288	0.379288	0.379288	0.379288	0.379288	0.379288	0.379288	0.379288	0.379288	0.379288	0.379288	0.379288	0.379288	0.379288	0.379288	0.379288	0.379288	0.379288	0.379288	0.379288	0.379288	0.379288	0.379288	0.379288	0.379288	0.379288	0.379288	0.379288	0.379288	0.379288	0.379288	0.379288	0.379288	0.379288	0.379288	0.379288	0.379288	0.379288	0.379288
0.379288	0.379288	0.379288	0.379288	0.379288	0.379288	0.379288	0.379288	0.379288	0.379288	0.379288	0.379288	0.379288	0.379288	0.379288	0.379288	0.379288	0.379288	0.379288	0.379288	0.379288	0.379288	0.379288	0.379288	0.379288	0.379288	0.379288	0.379288	0.379288	0.379288	0.379288	0.379288	0.379288	0.379288	0.379288	0.379288	0.379288	0.379288	0.379288	0.379288	0.379288	0.379288	0.379288	0.379288	0.379288	0.379288	0.379288	0.379288	0.379288	0.379288	0.379288	0.379288	0.379288	0.379288	0.379288	0.379288	0.379288	0.379288	0.379288	0.379288	0.379288	0.379288	0.379288	0.379288
0.379288	0.379288	0.379288	0.379288	0.379288	0.379288	0.379288	0.379288	0.379288	0.379288	0.379288	0.379288	0.379288	0.379288	0.379288	0.379288	0.379288	0.379288	0.379288	0.379288	0.379288	0.379288	0.379288	0.379288	0.379288	0.379288	0.379288	0.379288	0.379288	0.379288	0.379288	0.379288	0.379288	0.379288	0.379288	0.379288	0.379288	0.379288	0.379288	0.379288	0.379288	0.379288	0.379288	0.379288	0.379288	0.379288	0.379288	0.379288	0.379288	0.379288	0.379288	0.379288	0.379288	0.379288	0.379288	0.379288	0.379288	0.379288	0.379288	0.379288	0.379288	0.379288	0.379288	0.379288
0.379288	0.379288	0.379288	0.379288	0.379288	0.379288	0.379288	0.379288	0.379288	0.379288	0.379288	0.379288	0.379288	0.379288	0.379288	0.379288	0.379288	0.379288	0.379288	0.379288	0.379288	0.379288	0.379288	0.379288	0.379288	0.379288	0.379288	0.379288	0.379288	0.379288	0.379288	0.379288	0.379288	0.379288	0.379288	0.379288	0.379288	0.379288	0.379288	0.379288	0.379288	0.379288	0.379288	0.379288	0.379288	0.379288	0.379288	0.379288	0.379288	0.379288	0.379288	0.379288	0.379288	0.379288	0.379288	0.379288	0.379288	0.379288	0.379288	0.379288	0.379288	0.379288	0.379288	0.379288
0.379288	0.379288	0.379288	0.379288	0.379288	0.379288	0.379288	0.379288	0.379288	0.379288	0.379288	0.379288	0.379288	0.379288	0.379288	0.379288	0.379288	0.379288	0.379288	0.379288	0.379288	0.379288	0.379288	0.379288	0.379288	0.379288	0.379288	0.379288	0.379288	0.379288	0.379288	0.379288	0.379288	0.379288	0.379288	0.379288	0.379288	0.379288	0.379288	0.379288	0.379288	0.379288	0.379288	0.379288	0.379288	0.379288	0.379288	0.379288	0.379288	0.379288	0.379288	0.379288	0.379288	0.379288	0.379288	0.379288	0.379288	0.379288	0.379288	0.379288	0.379288	0.379288	0.379288	0.379288
0.379288	0.379288	0.379288	0.379288	0.379288	0.379288	0.379288	0.379288	0.379288	0.379288	0.379288	0.379288	0.379288	0.379288	0.379288	0.379288	0.379288	0.379288	0.379288	0.379288	0.379288	0.379288	0.379288	0.379288	0.379288	0.379288	0.379288	0.379288	0.379288	0.379288	0.379288	0.379288	0.379288	0.379288	0.379288	0.379288	0.379288	0.379288	0.379288	0.379288	0.379288	0.379288	0.379288	0.379288	0.379288	0.379288	0.379288	0.379288	0.379288	0.379288	0.379288	0.379288	0.379288	0.379288	0.379288	0.379288	0.379288	0.379288	0.379288	0.379288	0.379288	0.379288	0.379288	0.379288
0.379288	0.379288	0.379288	0.379288	0.379288	0.379288	0.379288	0.379288	0.379288	0.379288	0.379288	0.379288	0.379288	0.379288	0.379288	0.379288	0.379288	0.379288	0.379288	0.379288	0.379288	0.379288	0.379288	0.379288	0.379288	0.379288	0.379288	0.379288	0.379288	0.379288	0.379288	0.379288	0.379288	0.379288	0.379288	0.379288	0.379288	0.379288	0.379288	0.379288	0.379288	0.379288	0.379288	0.379288	0.379288	0.379288	0.379288	0.379288	0.379288	0.379288	0.379288	0.379288	0.379288	0.379288	0.379288	0.379288	0.379288	0.379288	0.379288	0.379288	0.379288	0.379288	0.379288	0.379288
0.379288	0.379288	0.379288	0.379288	0.379288	0.379288	0.379288	0.379288	0.379288	0.379288	0.379288	0.379288	0.379288	0.379288	0.379288	0.379288	0.379288	0.379288	0.379288	0.379288	0.379288	0.379288	0.379288	0.379288	0.379288	0.379288	0.379288	0.379288	0.379288	0.379288	0.379288	0.379288	0.379288	0.379288	0.379288	0.379288	0.379288	0.379288	0.379288	0.379288	0.379288	0.379288	0.379288	0.379288	0.379288	0.379288	0.379288	0.379288	0.379288	0.379288	0.379288	0.379288	0.379288	0.379288	0.379288	0.379288	0.379288	0.379288	0.379288	0.379288	0.379288	0.379288	0.379288	0.379288
0.379288	0.379288	0.379288	0.379288	0.379288	0.379288	0.379288	0.379288	0.379288	0.379288	0.379288	0.379288	0.379288	0.379288	0.379288	0.379288	0.379288	0.379288	0.379288	0.379288	0.379288	0.379288	0.379288	0.379288	0.379288	0.379288	0.379288	0.379288	0.379288	0.379288	0.379288	0.379288	0.379288	0.379288	0.379288	0.379288	0.379288	0.379288	0.379288	0.379288	0.379288	0.379288	0.379288	0.379288	0.379288	0.379288	0.379288	0.379288	0.379288	0.379288	0.379288	0.379288	0.379288	0.379288	0.379288	0.379288	0.379288	0.379288	0.379288	0.379288	0.379288	0.379288	0.379288	0.379288
0.141371	0.141371	0.141371	0.141371	0.141371	0.141371	0.141371	0.141371	0.141371	0.141371	0.141371	0.141371	0.141371	0.141371	0.141371	0.141371	0.141371	0.141371	0.141371	0.141371	0.141371	0.141371	0.141371	0.141371	0.141371	0.141371	0.141371	0.141371	0.141371	0.141371	0.141371	0.141371	0.141371	0.141371	0.141371	0.141371	0.141371	0.141371	0.141371	0.141371	0.141371	0.141371	0.141371	0.141371	0.141371	0.141371	0.141371	0.141371	0.141371	0.141371	0.141371	0.141371	0.141371	0.141371	0.141371	0.141371	0.141371	0.141371	0.141371	0.141371	0.141371	0.141371	0.141371	0.141371
0	0	0	0	0	0	0	0	0	0	0	0	0	0	0	0	0	0	0	0	0	0	0	0	0	0	0	0	0	0	0	0	0	0	0	0	0	0	0	0	0	0	0	0	0	0	0	0	0	0	0	0	0	0	0	0	0	0	0	0	0	0	0	0
0	0	0	0	0	0	0	0	0	0	0	0	0	0	0	0	0	0	0	0	0	0	0	0	0	0	0	0	0	0	0	0	0	0	0	0	0	0	0	0	0	0	0	0	0	0	0	0	0	0	0	0	0	0	0	0	0	0	0	0	0	0	0	0
0	0	0	0	0	0	0	0	0	0	0	0	0	0	0	0	0	0	0	0	0	0	0	0	0	0	0	0	0	0	0	0	0	0	0	0	0	0	0	0	0	0	0	0	0	0	0	0	0	0	0	0	0	0	0	0	0	0	0	0	0	0	0	0
0	0	0	0	0	0	0	0	0	0	0	0	0	0	0	0	0	0	0	0	0	0	0	0	0	0	0	0	0	0	0	0	0	0	0	0	0	0	0	0	0	0	0	0	0	0	0	0	0	0	0	0	0	0	0	0	0	0	0	0	0	0	0	0
0	0	0	0	0	0	0	0	0	0	0	0	0	0	0	0	0	0	0	0	0	0	0	0	0	0	0	0	0	0	0	0	0	0	0	0	0	0	0	0	0	0	0	0	0	0	0	0	0	0	0	0	0	0	0	0	0	0	0	0	0	0	0	0
0	0	0	0	0	0	0	0	0	0	0	0	0	0	0	0	0	0	0	0	0	0	0	0	0	0	0	0	0	0	0	0	0	0	0	0	0	0	0	0	0	0	0	0	0	0	0	0	0	0	0	0	0	0	0	0	0	0	0	0	0	0	0	0
0	0	0	0	0	0	0	0	0	0	0	0	0	0	0	0	0	0	0	0	0	0	0	0	0	0	0	0	0	0	0	0	0	0	0	0	0	0	0	0	0	0	0	0	0	0	0	0	0	0	0	0	0	0	0	0	0	0	0	0	0	0	0	0
0	0	0	0	0	0	0	0	0	0	0	0	0	0	0	0	0	0	0	0	0	0	0	0	0	0	0	0	0	0	0	0	0	0	0	0	0	0	0	0	0	0	0	0	0	0	0	0	0	0	0	0	0	0	0	0	0	0	0	0	0	0	0	0
0	0	0	0	0	0	0	0	0	0	0	0	0	0	0	0	0	0	0	0	0	0	0	0	0	0	0	0	0	0	0	0	0	0	0	0	0	0	0	0	0	0	0	0	0	0	0	0	0	0	0	0	0	0	0	0	0	0	0	0	0	0	0	0
0	0	0	0	0	0	0	0	0	0	0	0	0	0	0	0	0	0	0	0	0	0	0	0	0	0	0	0	0	0	0	0	0	0	0	0	0	0	0	0	0	0	0	0	0	0	0	0	0	0	0	0	0	0	0	0	0	0	0	0	0	0	0	0
0	0	0	0	0	0	0	0	0	0	0	0	0	0	0	0	0	0	0	0	0	0	0	0	0	0	0	0	0	0	0	0	0	0	0	0	0	0	0	0	0	0	0	0	0	0	0	0	0	0	0	0	0	0	0	0	0	0	0	0	0	0	0	0
0	0	0	0	0	0	0	0	0	0	0	0	0	0	0	0	0	0	0	0	0	0	0	0	0	0	0	0	0	0	0	0	0	0	0	0	0	0	0	0	0	0	0	0	0	0	0	0	0	0	0	0	0	0	0	0	0	0	0	0	0	0	0	0
