1	1	1	1	1	1	1	1	1	1	1	1	1	1	1	1	1	1	1	1	1	1	1	1	1	1	1	1	1	1	1	1	1	1	1	1	1	1	1	1	1	1	1	1	1	1	1	1	1	1	1	1	1	1	1	1	1	1	1	1	1	1	1	1
1	1	1	1	1	1	1	1	1	1	1	1	1	1	1	1	1	1	1	1	1	1	1	1	1	1	1	1	1	1	1	1	1	1	1	1	1	1	1	1	1	1	1	1	1	1	1	1	1	1	1	1	1	1	1	1	1	1	1	1	1	1	1	1
1	1	1	1	1	1	1	1	1	1	1	1	1	1	1	1	1	1	1	1	1	1	1	1	1	1	1	1	1	1	1	1	1	1	1	1	1	1	1	1	1	1	1	1.11517	1.00282	1	1	1	1	1	1	1	1	1	1	1	1	1	1	1	1	1	1	1
1	1	1	1	1	1	1	1	1	1	1	1	1	1	1	1	1	1	1	1	1	1	1	1	1	1	1	1	1	1	1	1	1	1	1	1	1	1	1	1	1.10521	1.97473	2.69473	2.9856	1.69424	1	1	1	1	1	1	1	1	1	1	1	1	1	1	1	1	1	1	1
1	1	1	1	1	1	1	1	1	1	1	1	1	1	1	1	1	1	1	1	1	1	1	1	1	1	1	1	1	1	1	1	1	1	1	1	1	1	1.36665	2.25749	2.8697	2.9856	2.9856	2.9856	2.49627	1	1	1	1	1	1	1	1	1	1	1	1	1	1	1	1	1	1	1
1	1	1	1	1	1	1	1	1	1	1	1	1	1	1	1	1	1	1	1	1	1	1	1	1	1	1	1	1	1	1	1	1	1	1	1.00483	1.71211	2.50844	2.96348	2.9856	2.9856	2.9856	2.9856	2.9856	2.96054	1.35089	1	1	1	1	1	1	1	1	1	1	1	1	1	1	1	1	1	1
1	1	1	1	1	1	1	1	1	1	1	1	1	1	1	1	1	1	1	1	1	1	1	1	1	1	1	1	1	1	1	1	1	1.1452	2.03142	2.73474	2.9856	2.9856	2.9856	2.9856	2.9856	2.9856	2.9856	2.9856	2.9856	1.59216	1	1	1	1	1	1	1	1	1	1	1	1	1	1	1	1	1	1
1	1	1	1	1	1	1	1	1	1	1	1	1	1	1	1	1	1	1	1	1	1	1	1	1	1	1	1	1	1	1	1.42771	2.30706	2.89334	2.9856	2.9856	2.9856	2.9856	2.9856	2.9856	2.9856	2.9856	2.9856	2.9856	2.9856	2.98288	1.19573	1	1	1	1	1	1	1	1	1	1	1	1	1	1	1	1	1
1	1	1	1	1	1	1	1	1	1	1	1	1	1	1	1	1	1	1	1	1	1	1	1	1	1	1	1	1.01711	1.77717	2.55333	2.97292	2.9856	2.9856	2.9856	2.9856	2.9856	2.9856	2.9856	2.9856	2.9856	2.9856	2.9856	2.9856	2.9856	2.9856	1.74485	1	1	1	1	1	1	1	1	1	1	1	1	1	1	1	1	1
1	1	1	1	1	1	1	1	1	1	1	1	1	1	1	1	1	1	1	1	1	1	1	1	1	1	1.19021	2.08659	2.77156	2.9856	2.9856	2.9856	2.9856	2.9856	2.9856	2.9856	2.9856	2.9856	2.9856	2.9856	2.9856	2.9856	2.9856	2.9856	2.9856	2.9856	2.98107	1	1	1	1	1	1	1	1	1	1	1	1	1	1	1	1	1
1	1	1	1	1	1	1	1	1	1	1	1	1	1	1	1	1	1	1	1	1	1	1	1	1.49169	2.35599	2.91429	2.9856	2.9856	2.9856	2.9856	2.9856	2.9856	2.9856	2.9856	2.9856	2.9856	2.9856	2.9856	2.9856	2.9856	2.9856	2.9856	2.9856	2.9856	2.9856	2.98559	1.27679	1	1	1	1	1	1	1	1	1	1	1	1	1	1	1	1
1	1	1	1	1	1	1	1	1	1	1	1	1	1	1	1	1	1	1	1	1	1.03652	1.83995	2.59745	2.97971	2.9856	2.9856	2.9856	2.9856	2.9856	2.9856	2.9856	2.9856	2.9856	2.9856	2.9856	2.9856	2.9856	2.9856	2.9856	2.9856	2.9856	2.9856	2.9856	2.9856	2.9856	2.9856	2.98018	1	1	1	1	1	1	1	1	1	1	1	1	1	1	1	1
1	1	1	1	1	1	1	1	1	1	1	1	1	1	1	1	1	1	1	1.23998	2.14033	2.80495	2.9856	2.9856	2.9856	2.9856	2.9856	2.9856	2.9856	2.9856	2.9856	2.9856	2.9856	2.9856	2.9856	2.9856	2.9856	2.9856	2.9856	2.9856	2.9856	2.9856	2.9856	2.9856	2.9856	2.9856	2.9856	2.98287	1.23225	1	1	1	1	1	1	1	1	1	1	1	1	1	1	1
1	1	1	1	1	1	1	1	1	1	1	1	1	1	1	1	1	1.55761	2.40352	2.93239	2.9856	2.9856	2.9856	2.9856	2.9856	2.9856	2.9856	2.9856	2.9856	2.9856	2.9856	2.9856	2.9856	2.9856	2.9856	2.9856	2.9856	2.9856	2.9856	2.9856	2.9856	2.9856	2.9856	2.9856	2.9856	2.9856	2.9856	2.9856	2.2348	1	1	1	1	1	1	1	1	1	1	1	1	1	1	1
1	1	1	1	1	1	1	1	1	1	1	1	1	1	1.06278	1.90041	2.64083	2.98393	2.9856	2.9856	2.9856	2.9856	2.9856	2.9856	2.9856	2.9856	2.9856	2.9856	2.9856	2.9856	2.9856	2.9856	2.9856	2.9856	2.9856	2.9856	2.9856	2.9856	2.9856	2.9856	2.9856	2.9856	2.9856	2.9856	2.9856	2.9856	2.9856	2.9856	2.98288	1.1878	1	1	1	1	1	1	1	1	1	1	1	1	1	1
1	1	1	1	1	1	1	1	1	1	1	1	1.29359	2.19276	2.83544	2.9856	2.9856	2.9856	2.9856	2.9856	2.9856	2.9856	2.9856	2.9856	2.9856	2.9856	2.9856	2.9856	2.9856	2.9856	2.9856	2.9856	2.9856	2.9856	2.9856	2.9856	2.9856	2.9856	2.9856	2.9856	2.9856	2.9856	2.9856	2.9856	2.9856	2.9856	2.9856	2.9856	2.9856	1.68157	1	1	1	1	1	1	1	1	1	1	1	1	1	1
1	1	1	1	1	1	1	1	1	1	1.62597	2.45053	2.94784	2.9856	2.9856	2.9856	2.9856	2.9856	2.9856	2.9856	2.9856	2.9856	2.9856	2.9856	2.9856	2.9856	2.9856	2.9856	2.9856	2.9856	2.9856	2.9856	2.9856	2.9856	2.9856	2.9856	2.9856	2.9856	2.9856	2.9856	2.9856	2.9856	2.9856	2.9856	2.9856	2.9856	2.9856	2.9856	2.9856	2.98075	1	1	1	1	1	1	1	1	1	1	1	1	1	1
1	1	1	1	1	1	1	1.09553	1.9595	2.68351	2.9856	2.9856	2.9856	2.9856	2.9856	2.9856	2.9856	2.9856	2.9856	2.9856	2.9856	2.9856	2.9856	2.9856	2.9856	2.9856	2.9856	2.9856	2.9856	2.9856	2.9856	2.9856	2.9856	2.9856	2.9856	2.9856	2.9856	2.9856	2.9856	2.9856	2.9856	2.9856	2.9856	2.9856	2.9856	2.9856	2.9856	2.9856	2.9856	2.98412	1.26899	1	1	1	1	1	1	1	1	1	1	1	1	1
1	1	1	1	1	1.35089	2.24396	2.8628	2.9856	2.9856	2.9856	2.9856	2.9856	2.9856	2.9856	2.9856	2.9856	2.9856	2.9856	2.9856	2.9856	2.9856	2.9856	2.9856	2.9856	2.9856	2.9856	2.9856	2.9856	2.9856	2.9856	2.9856	2.9856	2.9856	2.9856	2.9856	2.9856	2.9856	2.9856	2.9856	2.9856	2.9856	2.9856	2.9856	2.9856	2.9856	2.9856	2.9856	2.9856	2.9856	2.98017	1	1	1	1	1	1	1	1	1	1	1	1	1
1	1	1.00282	1.69424	2.49627	2.96054	2.9856	2.9856	2.9856	2.9856	2.9856	2.9856	2.9856	2.9856	2.9856	2.9856	2.9856	2.9856	2.9856	2.9856	2.9856	2.9856	2.9856	2.9856	2.9856	2.9856	2.9856	2.9856	2.9856	2.9856	2.9856	2.9856	2.9856	2.9856	2.9856	2.9856	2.9856	2.9856	2.9856	2.9856	2.9856	2.9856	2.9856	2.9856	2.9856	2.9856	2.9856	2.9856	2.9856	2.9856	2.98286	1.22344	1	1	1	1	1	1	1	1	1	1	1	1
1	1	1.11517	2.9856	2.9856	2.9856	2.9856	2.9856	2.9856	2.9856	2.9856	2.9856	2.9856	2.9856	2.9856	2.9856	2.9856	2.9856	2.9856	2.9856	2.9856	2.9856	2.9856	2.9856	2.9856	2.9856	2.9856	2.9856	2.9856	2.9856	2.9856	2.9856	2.9856	2.9856	2.9856	2.9856	2.9856	2.9856	2.9856	2.9856	2.9856	2.9856	2.9856	2.9856	2.9856	2.9856	2.9856	2.9856	2.9856	2.9856	2.9856	2.0687	1	1	1	1	1	1	1	1	1	1	1	1
1	1	1	2.69473	2.9856	2.9856	2.9856	2.9856	2.9856	2.9856	2.9856	2.9856	2.9856	2.9856	2.9856	2.9856	2.9856	2.9856	2.9856	2.9856	2.9856	2.9856	2.9856	2.9856	2.9856	2.9856	2.9856	2.9856	2.9856	2.9856	2.9856	2.9856	2.9856	2.9856	2.9856	2.9856	2.9856	2.9856	2.9856	2.9856	2.9856	2.9856	2.9856	2.9856	2.9856	2.9856	2.9856	2.9856	2.9856	2.9856	2.9856	2.98338	1.29014	1	1	1	1	1	1	1	1	1	1	1
1	1	1	1.97473	2.9856	2.9856	2.9856	2.9856	2.9856	2.9856	2.9856	2.9856	2.9856	2.9856	2.9856	2.9856	2.9856	2.9856	2.9856	2.9856	2.9856	2.9856	2.9856	2.9856	2.9856	2.9856	2.9856	2.9856	2.9856	2.9856	2.9856	2.9856	2.9856	2.9856	2.9856	2.9856	2.9856	2.9856	2.9856	2.9856	2.9856	2.9856	2.9856	2.9856	2.9856	2.9856	2.9856	2.9856	2.9856	2.9856	2.9856	2.9856	2.98319	1.33165	1	1	1	1	1	1	1	1	1	1
1	1	1	1.10521	2.8697	2.9856	2.9856	2.9856	2.9856	2.9856	2.9856	2.9856	2.9856	2.9856	2.9856	2.9856	2.9856	2.9856	2.9856	2.9856	2.9856	2.9856	2.9856	2.9856	2.9856	2.9856	2.9856	2.9856	2.9856	2.9856	2.9856	2.9856	2.9856	2.9856	2.9856	2.9856	2.9856	2.9856	2.9856	2.9856	2.9856	2.9856	2.9856	2.9856	2.9856	2.9856	2.9856	2.9856	2.9856	2.9856	2.9856	2.9856	2.9856	2.98311	1.32775	1	1	1	1	1	1	1	1	1
1	1	1	1	2.25749	2.9856	2.9856	2.9856	2.9856	2.9856	2.9856	2.9856	2.9856	2.9856	2.9856	2.9856	2.9856	2.9856	2.9856	2.9856	2.9856	2.9856	2.9856	2.9856	2.9856	2.9856	2.9856	2.9856	2.9856	2.9856	2.9856	2.9856	2.9856	2.9856	2.9856	2.9856	2.9856	2.9856	2.9856	2.9856	2.9856	2.9856	2.9856	2.9856	2.9856	2.9856	2.9856	2.9856	2.9856	2.9856	2.9856	2.9856	2.9856	2.9856	2.98324	1.27498	1	1	1	1	1	1	1	1
1	1	1	1	1.36665	2.96348	2.9856	2.9856	2.9856	2.9856	2.9856	2.9856	2.9856	2.9856	2.9856	2.9856	2.9856	2.9856	2.9856	2.9856	2.9856	2.9856	2.9856	2.9856	2.9856	2.9856	2.9856	2.9856	2.9856	2.9856	2.9856	2.9856	2.9856	2.9856	2.9856	2.9856	2.9856	2.9856	2.9856	2.9856	2.9856	2.9856	2.9856	2.9856	2.9856	2.9856	2.9856	2.9856	2.9856	2.9856	2.9856	2.9856	2.9856	2.9856	2.9856	2.9833	1.0027	1	1	1	1	1	1	1
1	1	1	1	1	2.50844	2.9856	2.9856	2.9856	2.9856	2.9856	2.9856	2.9856	2.9856	2.9856	2.9856	2.9856	2.9856	2.9856	2.9856	2.9856	2.9856	2.9856	2.9856	2.9856	2.9856	2.9856	2.9856	2.9856	2.9856	2.9856	2.9856	2.9856	2.9856	2.9856	2.9856	2.9856	2.9856	2.9856	2.9856	2.9856	2.9856	2.9856	2.9856	2.9856	2.9856	2.9856	2.9856	2.9856	2.9856	2.9856	2.9856	2.9856	2.9856	2.9856	2.9856	1.92993	1	1	1	1	1	1	1
1	1	1	1	1	1.71211	2.9856	2.9856	2.9856	2.9856	2.9856	2.9856	2.9856	2.9856	2.9856	2.9856	2.9856	2.9856	2.9856	2.9856	2.9856	2.9856	2.9856	2.9856	2.9856	2.9856	2.9856	2.9856	2.9856	2.9856	2.9856	2.9856	2.9856	2.9856	2.9856	2.9856	2.9856	2.9856	2.9856	2.9856	2.9856	2.9856	2.9856	2.9856	2.9856	2.9856	2.9856	2.9856	2.9856	2.9856	2.9856	2.9856	2.9856	2.9856	2.9856	2.9856	2.66452	1	1	1	1	1	1	1
1	1	1	1	1	1.00483	2.73474	2.9856	2.9856	2.9856	2.9856	2.9856	2.9856	2.9856	2.9856	2.9856	2.9856	2.9856	2.9856	2.9856	2.9856	2.9856	2.9856	2.9856	2.9856	2.9856	2.9856	2.9856	2.9856	2.9856	2.9856	2.9856	2.9856	2.9856	2.9856	2.9856	2.9856	2.9856	2.9856	2.9856	2.9856	2.9856	2.9856	2.9856	2.9856	2.9856	2.9856	2.9856	2.9856	2.9856	2.9856	2.9856	2.9856	2.9856	2.9856	2.9856	2.98213	1.3555	1	1	1	1	1	1
1	1	1	1	1	1	2.03142	2.9856	2.9856	2.9856	2.9856	2.9856	2.9856	2.9856	2.9856	2.9856	2.9856	2.9856	2.9856	2.9856	2.9856	2.9856	2.9856	2.9856	2.9856	2.9856	2.9856	2.9856	2.9856	2.9856	2.9856	2.9856	2.9856	2.9856	2.9856	2.9856	2.9856	2.9856	2.9856	2.9856	2.9856	2.9856	2.9856	2.9856	2.9856	2.9856	2.9856	2.9856	2.9856	2.9856	2.9856	2.9856	2.9856	2.9856	2.9856	2.9856	2.9856	1.92642	1	1	1	1	1	1
1	1	1	1	1	1	1.1452	2.89334	2.9856	2.9856	2.9856	2.9856	2.9856	2.9856	2.9856	2.9856	2.9856	2.9856	2.9856	2.9856	2.9856	2.9856	2.9856	2.9856	2.9856	2.9856	2.9856	2.9856	2.9856	2.9856	2.9856	2.9856	2.9856	2.9856	2.9856	2.9856	2.9856	2.9856	2.9856	2.9856	2.9856	2.9856	2.9856	2.9856	2.9856	2.9856	2.9856	2.9856	2.9856	2.9856	2.9856	2.9856	2.9856	2.9856	2.9856	2.9856	2.9856	2.22883	1	1	1	1	1	1
1	1	1	1	1	1	1	2.30706	2.9856	2.9856	2.9856	2.9856	2.9856	2.9856	2.9856	2.9856	2.9856	2.9856	2.9856	2.9856	2.9856	2.9856	2.9856	2.9856	2.9856	2.9856	2.9856	2.9856	2.9856	2.9856	2.9856	2.9856	2.9856	2.9856	2.9856	2.9856	2.9856	2.9856	2.9856	2.9856	2.9856	2.9856	2.9856	2.9856	2.9856	2.9856	2.9856	2.9856	2.9856	2.9856	2.9856	2.9856	2.9856	2.9856	2.9856	2.9856	2.9856	2.33144	1	1	1	1	1	1
1	1	1	1	1	1	1	1.42771	2.97292	2.9856	2.9856	2.9856	2.9856	2.9856	2.9856	2.9856	2.9856	2.9856	2.9856	2.9856	2.9856	2.9856	2.9856	2.9856	2.9856	2.9856	2.9856	2.9856	2.9856	2.9856	2.9856	2.9856	2.9856	2.9856	2.9856	2.9856	2.9856	2.9856	2.9856	2.9856	2.9856	2.9856	2.9856	2.9856	2.9856	2.9856	2.9856	2.9856	2.9856	2.9856	2.9856	2.9856	2.9856	2.9856	2.9856	2.9856	2.9856	2.39688	1	1	1	1	1	1
1	1	1	1	1	1	1	1	2.55333	2.9856	2.9856	2.9856	2.9856	2.9856	2.9856	2.9856	2.9856	2.9856	2.9856	2.9856	2.9856	2.9856	2.9856	2.9856	2.9856	2.9856	2.9856	2.9856	2.9856	2.9856	2.9856	2.9856	2.9856	2.9856	2.9856	2.9856	2.9856	2.9856	2.9856	2.9856	2.9856	2.9856	2.9856	2.9856	2.9856	2.9856	2.9856	2.9856	2.9856	2.9856	2.9856	2.9856	2.9856	2.9856	2.9856	2.9856	2.9856	2.22883	1	1	1	1	1	1
1	1	1	1	1	1	1	1	1.77717	2.9856	2.9856	2.9856	2.9856	2.9856	2.9856	2.9856	2.9856	2.9856	2.9856	2.9856	2.9856	2.9856	2.9856	2.9856	2.9856	2.9856	2.9856	2.9856	2.9856	2.9856	2.9856	2.9856	2.9856	2.9856	2.9856	2.9856	2.9856	2.9856	2.9856	2.9856	2.9856	2.9856	2.9856	2.9856	2.9856	2.9856	2.9856	2.9856	2.9856	2.9856	2.9856	2.9856	2.9856	2.9856	2.9856	2.9856	2.9856	2.27009	1	1	1	1	1	1
1	1	1	1	1	1	1	1	1.01711	2.77156	2.9856	2.9856	2.9856	2.9856	2.9856	2.9856	2.9856	2.9856	2.9856	2.9856	2.9856	2.9856	2.9856	2.9856	2.9856	2.9856	2.9856	2.9856	2.9856	2.9856	2.9856	2.9856	2.9856	2.9856	2.9856	2.9856	2.9856	2.9856	2.9856	2.9856	2.9856	2.9856	2.9856	2.9856	2.9856	2.9856	2.9856	2.9856	2.9856	2.9856	2.9856	2.9856	2.9856	2.9856	2.9856	2.9856	2.9856	2.73474	1.00483	1	1	1	1	1
1	1	1	1	1	1	1	1	1	2.08659	2.9856	2.9856	2.9856	2.9856	2.9856	2.9856	2.9856	2.9856	2.9856	2.9856	2.9856	2.9856	2.9856	2.9856	2.9856	2.9856	2.9856	2.9856	2.9856	2.9856	2.9856	2.9856	2.9856	2.9856	2.9856	2.9856	2.9856	2.9856	2.9856	2.9856	2.9856	2.9856	2.9856	2.9856	2.9856	2.9856	2.9856	2.9856	2.9856	2.9856	2.9856	2.9856	2.9856	2.9856	2.9856	2.9856	2.9856	2.9856	1.71211	1	1	1	1	1
1	1	1	1	1	1	1	1	1	1.19021	2.91429	2.9856	2.9856	2.9856	2.9856	2.9856	2.9856	2.9856	2.9856	2.9856	2.9856	2.9856	2.9856	2.9856	2.9856	2.9856	2.9856	2.9856	2.9856	2.9856	2.9856	2.9856	2.9856	2.9856	2.9856	2.9856	2.9856	2.9856	2.9856	2.9856	2.9856	2.9856	2.9856	2.9856	2.9856	2.9856	2.9856	2.9856	2.9856	2.9856	2.9856	2.9856	2.9856	2.9856	2.9856	2.9856	2.9856	2.9856	2.50844	1	1	1	1	1
1	1	1	1	1	1	1	1	1	1	2.35599	2.9856	2.9856	2.9856	2.9856	2.9856	2.9856	2.9856	2.9856	2.9856	2.9856	2.9856	2.9856	2.9856	2.9856	2.9856	2.9856	2.9856	2.9856	2.9856	2.9856	2.9856	2.9856	2.9856	2.9856	2.9856	2.9856	2.9856	2.9856	2.9856	2.9856	2.9856	2.9856	2.9856	2.9856	2.9856	2.9856	2.9856	2.9856	2.9856	2.9856	2.9856	2.9856	2.9856	2.9856	2.9856	2.9856	2.9856	2.96348	1.36665	1	1	1	1
1	1	1	1	1	1	1	1	1	1	1.49169	2.97971	2.9856	2.9856	2.9856	2.9856	2.9856	2.9856	2.9856	2.9856	2.9856	2.9856	2.9856	2.9856	2.9856	2.9856	2.9856	2.9856	2.9856	2.9856	2.9856	2.9856	2.9856	2.9856	2.9856	2.9856	2.9856	2.9856	2.9856	2.9856	2.9856	2.9856	2.9856	2.9856	2.9856	2.9856	2.9856	2.9856	2.9856	2.9856	2.9856	2.9856	2.9856	2.9856	2.9856	2.9856	2.9856	2.9856	2.9856	2.25749	1	1	1	1
1	1	1	1	1	1	1	1	1	1	1	2.59745	2.9856	2.9856	2.9856	2.9856	2.9856	2.9856	2.9856	2.9856	2.9856	2.9856	2.9856	2.9856	2.9856	2.9856	2.9856	2.9856	2.9856	2.9856	2.9856	2.9856	2.9856	2.9856	2.9856	2.9856	2.9856	2.9856	2.9856	2.9856	2.9856	2.9856	2.9856	2.9856	2.9856	2.9856	2.9856	2.9856	2.9856	2.9856	2.9856	2.9856	2.9856	2.9856	2.9856	2.9856	2.9856	2.9856	2.9856	2.8697	1.10521	1	1	1
1	1	1	1	1	1	1	1	1	1	1	1.83995	2.9856	2.9856	2.9856	2.9856	2.9856	2.9856	2.9856	2.9856	2.9856	2.9856	2.9856	2.9856	2.9856	2.9856	2.9856	2.9856	2.9856	2.9856	2.9856	2.9856	2.9856	2.9856	2.9856	2.9856	2.9856	2.9856	2.9856	2.9856	2.9856	2.9856	2.9856	2.9856	2.9856	2.9856	2.9856	2.9856	2.9856	2.9856	2.9856	2.9856	2.9856	2.9856	2.9856	2.9856	2.9856	2.9856	2.9856	2.9856	1.97473	1	1	1
1	1	1	1	1	1	1	1	1	1	1	1.03652	2.80495	2.9856	2.9856	2.9856	2.9856	2.9856	2.9856	2.9856	2.9856	2.9856	2.9856	2.9856	2.9856	2.9856	2.9856	2.9856	2.9856	2.9856	2.9856	2.9856	2.9856	2.9856	2.9856	2.9856	2.9856	2.9856	2.9856	2.9856	2.9856	2.9856	2.9856	2.9856	2.9856	2.9856	2.9856	2.9856	2.9856	2.9856	2.9856	2.9856	2.9856	2.9856	2.9856	2.9856	2.9856	2.9856	2.9856	2.9856	2.69473	1	1	1
1	1	1	1	1	1	1	1	1	1	1	1	2.14033	2.9856	2.9856	2.9856	2.9856	2.9856	2.9856	2.9856	2.9856	2.9856	2.9856	2.9856	2.9856	2.9856	2.9856	2.9856	2.9856	2.9856	2.9856	2.9856	2.9856	2.9856	2.9856	2.9856	2.9856	2.9856	2.9856	2.9856	2.9856	2.9856	2.9856	2.9856	2.9856	2.9856	2.9856	2.9856	2.9856	2.9856	2.9856	2.9856	2.9856	2.9856	2.9856	2.9856	2.9856	2.9856	2.9856	2.9856	2.9856	1.11517	1	1
1	1	1	1	1	1	1	1	1	1	1	1	1.23998	2.93239	2.9856	2.9856	2.9856	2.9856	2.9856	2.9856	2.9856	2.9856	2.9856	2.9856	2.9856	2.9856	2.9856	2.9856	2.9856	2.9856	2.9856	2.9856	2.9856	2.9856	2.9856	2.9856	2.9856	2.9856	2.9856	2.9856	2.9856	2.9856	2.9856	2.9856	2.9856	2.9856	2.9856	2.9856	2.9856	2.9856	2.9856	2.9856	2.9856	2.9856	2.9856	2.9856	2.9856	2.9856	2.96054	2.49627	1.69424	1.00282	1	1
1	1	1	1	1	1	1	1	1	1	1	1	1	2.40352	2.9856	2.9856	2.9856	2.9856	2.9856	2.9856	2.9856	2.9856	2.9856	2.9856	2.9856	2.9856	2.9856	2.9856	2.9856	2.9856	2.9856	2.9856	2.9856	2.9856	2.9856	2.9856	2.9856	2.9856	2.9856	2.9856	2.9856	2.9856	2.9856	2.9856	2.9856	2.9856	2.9856	2.9856	2.9856	2.9856	2.9856	2.9856	2.9856	2.9856	2.9856	2.9856	2.8628	2.24396	1.35089	1	1	1	1	1
1	1	1	1	1	1	1	1	1	1	1	1	1	1.55761	2.98393	2.9856	2.9856	2.9856	2.9856	2.9856	2.9856	2.9856	2.9856	2.9856	2.9856	2.9856	2.9856	2.9856	2.9856	2.9856	2.9856	2.9856	2.9856	2.9856	2.9856	2.9856	2.9856	2.9856	2.9856	2.9856	2.9856	2.9856	2.9856	2.9856	2.9856	2.9856	2.9856	2.9856	2.9856	2.9856	2.9856	2.9856	2.9856	2.9856	2.68351	1.9595	1.09553	1	1	1	1	1	1	1
1	1	1	1	1	1	1	1	1	1	1	1	1	1	2.64083	2.9856	2.9856	2.9856	2.9856	2.9856	2.9856	2.9856	2.9856	2.9856	2.9856	2.9856	2.9856	2.9856	2.9856	2.9856	2.9856	2.9856	2.9856	2.9856	2.9856	2.9856	2.9856	2.9856	2.9856	2.9856	2.9856	2.9856	2.9856	2.9856	2.9856	2.9856	2.9856	2.9856	2.9856	2.9856	2.9856	2.94784	2.45053	1.62597	1	1	1	1	1	1	1	1	1	1
1	1	1	1	1	1	1	1	1	1	1	1	1	1	1.90041	2.9856	2.9856	2.9856	2.9856	2.9856	2.9856	2.9856	2.9856	2.9856	2.9856	2.9856	2.9856	2.9856	2.9856	2.9856	2.9856	2.9856	2.9856	2.9856	2.9856	2.9856	2.9856	2.9856	2.9856	2.9856	2.9856	2.9856	2.9856	2.9856	2.9856	2.9856	2.9856	2.9856	2.9856	2.83544	2.19276	1.29359	1	1	1	1	1	1	1	1	1	1	1	1
1	1	1	1	1	1	1	1	1	1	1	1	1	1	1.06278	2.83544	2.9856	2.9856	2.9856	2.9856	2.9856	2.9856	2.9856	2.9856	2.9856	2.9856	2.9856	2.9856	2.9856	2.9856	2.9856	2.9856	2.9856	2.9856	2.9856	2.9856	2.9856	2.9856	2.9856	2.9856	2.9856	2.9856	2.9856	2.9856	2.9856	2.9856	2.98393	2.64083	1.90041	1.06278	1	1	1	1	1	1	1	1	1	1	1	1	1	1
1	1	1	1	1	1	1	1	1	1	1	1	1	1	1	2.19276	2.9856	2.9856	2.9856	2.9856	2.9856	2.9856	2.9856	2.9856	2.9856	2.9856	2.9856	2.9856	2.9856	2.9856	2.9856	2.9856	2.9856	2.9856	2.9856	2.9856	2.9856	2.9856	2.9856	2.9856	2.9856	2.9856	2.9856	2.9856	2.93239	2.40352	1.55761	1	1	1	1	1	1	1	1	1	1	1	1	1	1	1	1	1
1	1	1	1	1	1	1	1	1	1	1	1	1	1	1	1.29359	2.94784	2.9856	2.9856	2.9856	2.9856	2.9856	2.9856	2.9856	2.9856	2.9856	2.9856	2.9856	2.9856	2.9856	2.9856	2.9856	2.9856	2.9856	2.9856	2.9856	2.9856	2.9856	2.9856	2.9856	2.9856	2.9856	2.80495	2.14033	1.23998	1	1	1	1	1	1	1	1	1	1	1	1	1	1	1	1	1	1	1
1	1	1	1	1	1	1	1	1	1	1	1	1	1	1	1	2.45053	2.9856	2.9856	2.9856	2.9856	2.9856	2.9856	2.9856	2.9856	2.9856	2.9856	2.9856	2.9856	2.9856	2.9856	2.9856	2.9856	2.9856	2.9856	2.9856	2.9856	2.9856	2.9856	2.97971	2.59745	1.83995	1.03652	1	1	1	1	1	1	1	1	1	1	1	1	1	1	1	1	1	1	1	1	1
1	1	1	1	1	1	1	1	1	1	1	1	1	1	1	1	1.62597	2.9856	2.9856	2.9856	2.9856	2.9856	2.9856	2.9856	2.9856	2.9856	2.9856	2.9856	2.9856	2.9856	2.9856	2.9856	2.9856	2.9856	2.9856	2.9856	2.9856	2.91429	2.35599	1.49169	1	1	1	1	1	1	1	1	1	1	1	1	1	1	1	1	1	1	1	1	1	1	1	1
1	1	1	1	1	1	1	1	1	1	1	1	1	1	1	1	1	2.68351	2.9856	2.9856	2.9856	2.9856	2.9856	2.9856	2.9856	2.9856	2.9856	2.9856	2.9856	2.9856	2.9856	2.9856	2.9856	2.9856	2.9856	2.77156	2.08659	1.19021	1	1	1	1	1	1	1	1	1	1	1	1	1	1	1	1	1	1	1	1	1	1	1	1	1	1
1	1	1	1	1	1	1	1	1	1	1	1	1	1	1	1	1	1.9595	2.9856	2.9856	2.9856	2.9856	2.9856	2.9856	2.9856	2.9856	2.9856	2.9856	2.9856	2.9856	2.9856	2.9856	2.97292	2.55333	1.77717	1.01711	1	1	1	1	1	1	1	1	1	1	1	1	1	1	1	1	1	1	1	1	1	1	1	1	1	1	1	1
1	1	1	1	1	1	1	1	1	1	1	1	1	1	1	1	1	1.09553	2.8628	2.9856	2.9856	2.9856	2.9856	2.9856	2.9856	2.9856	2.9856	2.9856	2.9856	2.9856	2.89334	2.30706	1.42771	1	1	1	1	1	1	1	1	1	1	1	1	1	1	1	1	1	1	1	1	1	1	1	1	1	1	1	1	1	1	1
1	1	1	1	1	1	1	1	1	1	1	1	1	1	1	1	1	1	2.24396	2.9856	2.9856	2.9856	2.9856	2.9856	2.9856	2.9856	2.9856	2.9856	2.73474	2.03142	1.1452	1	1	1	1	1	1	1	1	1	1	1	1	1	1	1	1	1	1	1	1	1	1	1	1	1	1	1	1	1	1	1	1	1
1	1	1	1	1	1	1	1	1	1	1	1	1	1	1	1	1	1	1.35089	2.96054	2.9856	2.9856	2.9856	2.9856	2.9856	2.96348	2.50844	1.71211	1.00483	1	1	1	1	1	1	1	1	1	1	1	1	1	1	1	1	1	1	1	1	1	1	1	1	1	1	1	1	1	1	1	1	1	1	1
1	1	1	1	1	1	1	1	1	1	1	1	1	1	1	1	1	1	1	2.49627	2.9856	2.9856	2.9856	2.8697	2.25749	1.36665	1	1	1	1	1	1	1	1	1	1	1	1	1	1	1	1	1	1	1	1	1	1	1	1	1	1	1	1	1	1	1	1	1	1	1	1	1	1
1	1	1	1	1	1	1	1	1	1	1	1	1	1	1	1	1	1	1	1.69424	2.9856	2.69473	1.97473	1.10521	1	1	1	1	1	1	1	1	1	1	1	1	1	1	1	1	1	1	1	1	1	1	1	1	1	1	1	1	1	1	1	1	1	1	1	1	1	1	1	1
1	1	1	1	1	1	1	1	1	1	1	1	1	1	1	1	1	1	1	1.00282	1.11517	1	1	1	1	1	1	1	1	1	1	1	1	1	1	1	1	1	1	1	1	1	1	1	1	1	1	1	1	1	1	1	1	1	1	1	1	1	1	1	1	1	1	1
1	1	1	1	1	1	1	1	1	1	1	1	1	1	1	1	1	1	1	1	1	1	1	1	1	1	1	1	1	1	1	1	1	1	1	1	1	1	1	1	1	1	1	1	1	1	1	1	1	1	1	1	1	1	1	1	1	1	1	1	1	1	1	1
1	1	1	1	1	1	1	1	1	1	1	1	1	1	1	1	1	1	1	1	1	1	1	1	1	1	1	1	1	1	1	1	1	1	1	1	1	1	1	1	1	1	1	1	1	1	1	1	1	1	1	1	1	1	1	1	1	1	1	1	1	1	1	1
