0	0	0	0	0	0	0	0	0	0	0	0	0	0	0	0	0	0	0	0	0	0	0	0	0	0	0	0	0	0	0	0	0	0	0	0	0	0	0	0	0	0	0	0	0	0	0	0	0	0	0	0	0	0	0	0	0	0	0	0	0	0	0	0
0	0	0	0	0	0	0	0	0	0	0	0	0	0	0	0	0	0	0	0	0	0	0	0	0	0	0	0	0	0	0	0	0	0	0	0	0	0	0	0	0	0	0	0	0	0	0	0	0	0	0	0	0	0	0	0	0	0	0	0	0	0	0	0
0	0	0	0	0	0	0	0	0	0	0	0	0	0	0	0	0	0	0	0	0	0	0	0	0	0	0	0	0	0	0	0	0	0	0	0	0	0	0	0	0	0	0	0	0	0	0	0	0	0	0	0	0	0	0	0	0	0	0	0	0	0	0	0
0	0	0	0	0	0	0	0	0	0	0	0	0	0	0	0	0	0	0	0	0	0	0	0	0	0	0	0	0	0	0	0	0	0	0	0	0	0	0	0	0	0	0	0	0	0	0	0	0	0	0	0	0	0	0	0	0	0	0	0	0	0	0	0
0	0	0	0	0	0	0	0	0	0	0	0	0	0	0	0	0	0	0	0	0	0	0	0	0	0	0	0	0	0	0	0	0	0	0	0	0	0	0	0	0	0	0	0	0	0	0	0	0	0	0	0	0	0	0	0	0	0	0	0	0	0	0	0
0	0	0	0	0	0	0	0	0	0	0	0	0	0	0	0	0	0	0	0	0	0	0	0	0	0	0	0	0	0	0	0	0	0	0	0	0	0	0	0	0	0	0	0	0	0	0	0	0	0	0	0	0	0	0	0	0	0	0	0	0	0	0	0
0	0	0	0	0	0	0	0	0	0	0	0	0	0	0	0	0	0	0	0	0	0	0	0	0	0	0	0	0	0	0	0	0	0	0	0	0	0	0	0	0	0	0	0	0	0	0	0	0	0	0	0	0	0	0	0	0	0	0	0	0	0	0	0
0	0	0	0	0	0	0	0	0	0	0	0	0	0	0	0	0	0	0	0	0	0	0	0	0	0	0	0	0	0	0	0	0	0	0	0	0	0	0	0	0	0	0	0	0	0	0	0	0	0	0	0	0	0	0	0	0	0	0	0	0	0	0	0
0	0	0	0	0	0	0	0	0	0	0	0	0	0	0	0	0	0	0	0	0	0	0	0	0	0	0	0	0	0	0	0	0	0	0	0	0	0	0	0	0	0	0	0	0	0	0	0	0	0	0	0	0	0	0	0	0	0	0	0	0	0	0	0
0	0	0	0	0	0	0	0	0	0	0	0	0	0	0	0	0	0	0	0	0	0	0	0	0	0	0	0	0	0	0	0	0	0	0	0	0	0	0	0	0	0	0	0	0	0	0	0	0	0	0	0	0	0	0	0	0	0	0	0	0	0	0	0
0	0	0	0	0	0	0	0	0	0	0	0	0	0	0	0	0	0	0	0	0	0	0	0	0	0	0	0	0	0	0	0	0	0	0	0	0	0	0	0	0	0	0	0	0	0	0	0	0	0	0	0	0	0	0	0	0	0	0	0	0	0	0	0
0	0	0	0	0	0	0	0	0	0	0	0	0	0	0	0	0	0	0	0	0	0	0	0	0	0	0	0	0	0	0	0	0	0	0	0	0	0	0	0	0	0	0	0	0	0	0	0	0	0	0	0	0	0	0	0	0	0	0	0	0	0	0	0
0	0	0	0	0	0	0	0	0	0	0	0	0	0	0	0	0	0	0	0	0	0	0	0	0	0	0	0	0	0	0	0	0	0	0	0	0	0	0	0	0	0	0	0	0	0	0	0	0	0	0	0	0	0	0	0	0	0	0	0	0	0	0	0
0	0	0	0	0	0	0	0	0	0	0	0	0	0	0	0	0	0	0	0	0	0	0	0	0	0	0	0	0	0	0	0	0	0	0	0	0	0	0	0	0	0	0	0	0	0	0	0	0	0	0	0	0	0	0	0	0	0	0	0	0	0	0	0
0	0	0	0	0	0	0	0	0	0	0	0	0	0	0	0	0	0	0	0	0	0	0	0	0	0	0	0	0	0	0	0	0	0	0	0	0	0	0	0	0	0	0	0	0	0	0	0	0	0	0	0	0	0	0	0	0	0	0	0	0	0	0	0
0	0	0	0	0	0	0	0	0	0	0	0	0	0	0	0	0	0	0	0	0	0	0	0	0	0	0	0	0	0	0	0	0	0	0	0	0	0	0	0	0	0	0	0	0	0	0	0	0	0	0	0	0	0	0	0	0	0	0	0	0	0	0	0
0	0	0	0	0	0	0	0	0	0	0	0	0	0	0	0	0	0	0	0	0	0	0	0	0	0	0	0	0	0	0	0	0	0	0	0	0	0	0	0	0	0	0	0	0	0	0	0	0	0	0	0	0	0	0	0	0	0	0	0	0	0	0	0
0	0	0	0	0	0	0	0	0	0	0	0	0	0	0	0	0	0	0	0	0	0	0	0	0	0	0	0	0	0	0	0	0	0	0	0	0	0	0	0	0	0	0	0	0	0	0	0	0	0	0	0	0	0	0	0	0	0	0	0	0	0	0	0
0	0	0	0	0	0	0	0	0	0	0	0	0	0	0	0	0	0	0	0	0	0	0	0	0	0	0	0	0	0	0	0	0	0	0	0	0	0	0	0	0	0	0	0	0	0	0	0	0	0	0	0	0	0	0	0	0	0	0	0	0	0	0	0
0	0	0	0	0	0	0	0	0	0	0	0	0	0	0	0	0	0	0	0	0	0	0	0	0	0	0	0	0	0	0	0	0	0	0	0	0	0	0	0	0	0	0	0	0	0	0	0	0	0	0	0	0	0	0	0	0	0	0	0	0	0	0	0
0	0	0	0	0	0	0	0	0	0	0	0	0	0	0	0	0	0	0	0	0	0	0	0	0	0	0	0	0	0	0	0	0	0	0	0	0	0	0	0	0	0	0	0	0	0	0	0	0	0	0	0	0	0	0	0	0	0	0	0	0	0	0	0
0	0	0	0	0	0	0	0	0	0	0	0	0	0	0	0	0	0	0	0	0	0	0	0	0	0	0	0	0	0	0	0	0	0	0	0	0	0	0	0	0	0	0	0	0	0	0	0	0	0	0	0	0	0	0	0	0	0	0	0	0	0	0	0
0	0	0	0	0	0	0	0	0	0	0	0	0	0	0	0	0	0	0	0	0	0	0	0	0	0	0	0	0	0	0	0	0	0	0	0	0	0	0	0	0	0	0	0	0	0	0	0	0	0	0	0	0	0	0	0	0	0	0	0	0	0	0	0
0	0	0	0	0	0	0	0	0	0	0	0	0	0	0	0	0	0	0	0	0	0	0	0	0	0	0	0	0	0	0	0	0	0	0	0	0	0	0	0	0	0	0	0	0	0	0	0	0	0	0	0	0	0	0	0	0	0	0	0	0	0	0	0
0	0	0	0	0	0	0	0	0	0	0	0	0	0	0	0	0	0	0	0	0	0	0	0	0	0	0	0	0	0	0	0	0	0	0	0	0	0	0	0	0	0	0	0	0	0	0	0	0	0	0	0	0	0	0	0	0	0	0	0	0	0	0	0
0.236862	0.236862	0.236862	0.236862	0.236862	0.236862	0.236862	0.236862	0.236862	0.236862	0.236862	0.236862	0.236862	0.236862	0.236862	0.236862	0.236862	0.236862	0.236862	0.236862	0.236862	0.236862	0.236862	0.236862	0.236862	0.236862	0.236862	0.236862	0.236862	0.236862	0.236862	0.236862	0.236862	0.236862	0.236862	0.236862	0.236862	0.236862	0.236862	0.236862	0.236862	0.236862	0.236862	0.236862	0.236862	0.236862	0.236862	0.236862	0.236862	0.236862	0.236862	0.236862	0.236862	0.236862	0.236862	0.236862	0.236862	0.236862	0.236862	0.236862	0.236862	0.236862	0.236862	0.236862
0.404051	0.404051	0.404051	0.404051	0.404051	0.404051	0.404051	0.404051	0.404051	0.404051	0.404051	0.404051	0.404051	0.404051	0.404051	0.404051	0.404051	0.404051	0.404051	0.404051	0.404051	0.404051	0.404051	0.404051	0.404051	0.404051	0.404051	0.404051	0.404051	0.404051	0.404051	0.404051	0.404051	0.404051	0.404051	0.404051	0.404051	0.404051	0.404051	0.404051	0.404051	0.404051	0.404051	0.404051	0.404051	0.404051	0.404051	0.404051	0.404051	0.404051	0.404051	0.404051	0.404051	0.404051	0.404051	0.404051	0.404051	0.404051	0.404051	0.404051	0.404051	0.404051	0.404051	0.404051
0.404051	0.404051	0.404051	0.404051	0.404051	0.404051	0.404051	0.404051	0.404051	0.404051	0.404051	0.404051	0.404051	0.404051	0.404051	0.404051	0.404051	0.404051	0.404051	0.404051	0.404051	0.404051	0.404051	0.404051	0.404051	0.404051	0.404051	0.404051	0.404051	0.404051	0.404051	0.404051	0.404051	0.404051	0.404051	0.404051	0.404051	0.404051	0.404051	0.404051	0.404051	0.404051	0.404051	0.404051	0.404051	0.404051	0.404051	0.404051	0.404051	0.404051	0.404051	0.404051	0.404051	0.404051	0.404051	0.404051	0.404051	0.404051	0.404051	0.404051	0.404051	0.404051	0.404051	0.404051
0.404051	0.404051	0.404051	0.404051	0.404051	0.404051	0.404051	0.404051	0.404051	0.404051	0.404051	0.404051	0.404051	0.404051	0.404051	0.404051	0.404051	0.404051	0.404051	0.404051	0.404051	0.404051	0.404051	0.404051	0.404051	0.404051	0.404051	0.404051	0.404051	0.404051	0.404051	0.404051	0.404051	0.404051	0.404051	0.404051	0.404051	0.404051	0.404051	0.404051	0.404051	0.404051	0.404051	0.404051	0.404051	0.404051	0.404051	0.404051	0.404051	0.404051	0.404051	0.404051	0.404051	0.404051	0.404051	0.404051	0.404051	0.404051	0.404051	0.404051	0.404051	0.404051	0.404051	0.404051
0.404051	0.404051	0.404051	0.404051	0.404051	0.404051	0.404051	0.404051	0.404051	0.404051	0.404051	0.404051	0.404051	0.404051	0.404051	0.404051	0.404051	0.404051	0.404051	0.404051	0.404051	0.404051	0.404051	0.404051	0.404051	0.404051	0.404051	0.404051	0.404051	0.404051	0.404051	0.404051	0.404051	0.404051	0.404051	0.404051	0.404051	0.404051	0.404051	0.404051	0.404051	0.404051	0.404051	0.404051	0.404051	0.404051	0.404051	0.404051	0.404051	0.404051	0.404051	0.404051	0.404051	0.404051	0.404051	0.404051	0.404051	0.404051	0.404051	0.404051	0.404051	0.404051	0.404051	0.404051
0.404051	0.404051	0.404051	0.404051	0.404051	0.404051	0.404051	0.404051	0.404051	0.404051	0.404051	0.404051	0.404051	0.404051	0.404051	0.404051	0.404051	0.404051	0.404051	0.404051	0.404051	0.404051	0.404051	0.404051	0.404051	0.404051	0.404051	0.404051	0.404051	0.404051	0.404051	0.404051	0.404051	0.404051	0.404051	0.404051	0.404051	0.404051	0.404051	0.404051	0.404051	0.404051	0.404051	0.404051	0.404051	0.404051	0.404051	0.404051	0.404051	0.404051	0.404051	0.404051	0.404051	0.404051	0.404051	0.404051	0.404051	0.404051	0.404051	0.404051	0.404051	0.404051	0.404051	0.404051
0.404051	0.404051	0.404051	0.404051	0.404051	0.404051	0.404051	0.404051	0.404051	0.404051	0.404051	0.404051	0.404051	0.404051	0.404051	0.404051	0.404051	0.404051	0.404051	0.404051	0.404051	0.404051	0.404051	0.404051	0.404051	0.404051	0.404051	0.404051	0.404051	0.404051	0.404051	0.404051	0.404051	0.404051	0.404051	0.404051	0.404051	0.404051	0.404051	0.404051	0.404051	0.404051	0.404051	0.404051	0.404051	0.404051	0.404051	0.404051	0.404051	0.404051	0.404051	0.404051	0.404051	0.404051	0.404051	0.404051	0.404051	0.404051	0.404051	0.404051	0.404051	0.404051	0.404051	0.404051
0.404051	0.404051	0.404051	0.404051	0.404051	0.404051	0.404051	0.404051	0.404051	0.404051	0.404051	0.404051	0.404051	0.404051	0.404051	0.404051	0.404051	0.404051	0.404051	0.404051	0.404051	0.404051	0.404051	0.404051	0.404051	0.404051	0.404051	0.404051	0.404051	0.404051	0.404051	0.404051	0.404051	0.404051	0.404051	0.404051	0.404051	0.404051	0.404051	0.404051	0.404051	0.404051	0.404051	0.404051	0.404051	0.404051	0.404051	0.404051	0.404051	0.404051	0.404051	0.404051	0.404051	0.404051	0.404051	0.404051	0.404051	0.404051	0.404051	0.404051	0.404051	0.404051	0.404051	0.404051
0.404051	0.404051	0.404051	0.404051	0.404051	0.404051	0.404051	0.404051	0.404051	0.404051	0.404051	0.404051	0.404051	0.404051	0.404051	0.404051	0.404051	0.404051	0.404051	0.404051	0.404051	0.404051	0.404051	0.404051	0.404051	0.404051	0.404051	0.404051	0.404051	0.404051	0.404051	0.404051	0.404051	0.404051	0.404051	0.404051	0.404051	0.404051	0.404051	0.404051	0.404051	0.404051	0.404051	0.404051	0.404051	0.404051	0.404051	0.404051	0.404051	0.404051	0.404051	0.404051	0.404051	0.404051	0.404051	0.404051	0.404051	0.404051	0.404051	0.404051	0.404051	0.404051	0.404051	0.404051
0.404051	0.404051	0.404051	0.404051	0.404051	0.404051	0.404051	0.404051	0.404051	0.404051	0.404051	0.404051	0.404051	0.404051	0.404051	0.404051	0.404051	0.404051	0.404051	0.404051	0.404051	0.404051	0.404051	0.404051	0.404051	0.404051	0.404051	0.404051	0.404051	0.404051	0.404051	0.404051	0.404051	0.404051	0.404051	0.404051	0.404051	0.404051	0.404051	0.404051	0.404051	0.404051	0.404051	0.404051	0.404051	0.404051	0.404051	0.404051	0.404051	0.404051	0.404051	0.404051	0.404051	0.404051	0.404051	0.404051	0.404051	0.404051	0.404051	0.404051	0.404051	0.404051	0.404051	0.404051
0.404051	0.404051	0.404051	0.404051	0.404051	0.404051	0.404051	0.404051	0.404051	0.404051	0.404051	0.404051	0.404051	0.404051	0.404051	0.404051	0.404051	0.404051	0.404051	0.404051	0.404051	0.404051	0.404051	0.404051	0.404051	0.404051	0.404051	0.404051	0.404051	0.404051	0.404051	0.404051	0.404051	0.404051	0.404051	0.404051	0.404051	0.404051	0.404051	0.404051	0.404051	0.404051	0.404051	0.404051	0.404051	0.404051	0.404051	0.404051	0.404051	0.404051	0.404051	0.404051	0.404051	0.404051	0.404051	0.404051	0.404051	0.404051	0.404051	0.404051	0.404051	0.404051	0.404051	0.404051
0.404051	0.404051	0.404051	0.404051	0.404051	0.404051	0.404051	0.404051	0.404051	0.404051	0.404051	0.404051	0.404051	0.404051	0.404051	0.404051	0.404051	0.404051	0.404051	0.404051	0.404051	0.404051	0.404051	0.404051	0.404051	0.404051	0.404051	0.404051	0.404051	0.404051	0.404051	0.404051	0.404051	0.404051	0.404051	0.404051	0.404051	0.404051	0.404051	0.404051	0.404051	0.404051	0.404051	0.404051	0.404051	0.404051	0.404051	0.404051	0.404051	0.404051	0.404051	0.404051	0.404051	0.404051	0.404051	0.404051	0.404051	0.404051	0.404051	0.404051	0.404051	0.404051	0.404051	0.404051
0.404051	0.404051	0.404051	0.404051	0.404051	0.404051	0.404051	0.404051	0.404051	0.404051	0.404051	0.404051	0.404051	0.404051	0.404051	0.404051	0.404051	0.404051	0.404051	0.404051	0.404051	0.404051	0.404051	0.404051	0.404051	0.404051	0.404051	0.404051	0.404051	0.404051	0.404051	0.404051	0.404051	0.404051	0.404051	0.404051	0.404051	0.404051	0.404051	0.404051	0.404051	0.404051	0.404051	0.404051	0.404051	0.404051	0.404051	0.404051	0.404051	0.404051	0.404051	0.404051	0.404051	0.404051	0.404051	0.404051	0.404051	0.404051	0.404051	0.404051	0.404051	0.404051	0.404051	0.404051
0.404051	0.404051	0.404051	0.404051	0.404051	0.404051	0.404051	0.404051	0.404051	0.404051	0.404051	0.404051	0.404051	0.404051	0.404051	0.404051	0.404051	0.404051	0.404051	0.404051	0.404051	0.404051	0.404051	0.404051	0.404051	0.404051	0.404051	0.404051	0.404051	0.404051	0.404051	0.404051	0.404051	0.404051	0.404051	0.404051	0.404051	0.404051	0.404051	0.404051	0.404051	0.404051	0.404051	0.404051	0.404051	0.404051	0.404051	0.404051	0.404051	0.404051	0.404051	0.404051	0.404051	0.404051	0.404051	0.404051	0.404051	0.404051	0.404051	0.404051	0.404051	0.404051	0.404051	0.404051
0.404051	0.404051	0.404051	0.404051	0.404051	0.404051	0.404051	0.404051	0.404051	0.404051	0.404051	0.404051	0.404051	0.404051	0.404051	0.404051	0.404051	0.404051	0.404051	0.404051	0.404051	0.404051	0.404051	0.404051	0.404051	0.404051	0.404051	0.404051	0.404051	0.404051	0.404051	0.404051	0.404051	0.404051	0.404051	0.404051	0.404051	0.404051	0.404051	0.404051	0.404051	0.404051	0.404051	0.404051	0.404051	0.404051	0.404051	0.404051	0.404051	0.404051	0.404051	0.404051	0.404051	0.404051	0.404051	0.404051	0.404051	0.404051	0.404051	0.404051	0.404051	0.404051	0.404051	0.404051
0.404051	0.404051	0.404051	0.404051	0.404051	0.404051	0.404051	0.404051	0.404051	0.404051	0.404051	0.404051	0.404051	0.404051	0.404051	0.404051	0.404051	0.404051	0.404051	0.404051	0.404051	0.404051	0.404051	0.404051	0.404051	0.404051	0.404051	0.404051	0.404051	0.404051	0.404051	0.404051	0.404051	0.404051	0.404051	0.404051	0.404051	0.404051	0.404051	0.404051	0.404051	0.404051	0.404051	0.404051	0.404051	0.404051	0.404051	0.404051	0.404051	0.404051	0.404051	0.404051	0.404051	0.404051	0.404051	0.404051	0.404051	0.404051	0.404051	0.404051	0.404051	0.404051	0.404051	0.404051
0.404051	0.404051	0.404051	0.404051	0.404051	0.404051	0.404051	0.404051	0.404051	0.404051	0.404051	0.404051	0.404051	0.404051	0.404051	0.404051	0.404051	0.404051	0.404051	0.404051	0.404051	0.404051	0.404051	0.404051	0.404051	0.404051	0.404051	0.404051	0.404051	0.404051	0.404051	0.404051	0.404051	0.404051	0.404051	0.404051	0.404051	0.404051	0.404051	0.404051	0.404051	0.404051	0.404051	0.404051	0.404051	0.404051	0.404051	0.404051	0.404051	0.404051	0.404051	0.404051	0.404051	0.404051	0.404051	0.404051	0.404051	0.404051	0.404051	0.404051	0.404051	0.404051	0.404051	0.404051
0.404051	0.404051	0.404051	0.404051	0.404051	0.404051	0.404051	0.404051	0.404051	0.404051	0.404051	0.404051	0.404051	0.404051	0.404051	0.404051	0.404051	0.404051	0.404051	0.404051	0.404051	0.404051	0.404051	0.404051	0.404051	0.404051	0.404051	0.404051	0.404051	0.404051	0.404051	0.404051	0.404051	0.404051	0.404051	0.404051	0.404051	0.404051	0.404051	0.404051	0.404051	0.404051	0.404051	0.404051	0.404051	0.404051	0.404051	0.404051	0.404051	0.404051	0.404051	0.404051	0.404051	0.404051	0.404051	0.404051	0.404051	0.404051	0.404051	0.404051	0.404051	0.404051	0.404051	0.404051
0.404051	0.404051	0.404051	0.404051	0.404051	0.404051	0.404051	0.404051	0.404051	0.404051	0.404051	0.404051	0.404051	0.404051	0.404051	0.404051	0.404051	0.404051	0.404051	0.404051	0.404051	0.404051	0.404051	0.404051	0.404051	0.404051	0.404051	0.404051	0.404051	0.404051	0.404051	0.404051	0.404051	0.404051	0.404051	0.404051	0.404051	0.404051	0.404051	0.404051	0.404051	0.404051	0.404051	0.404051	0.404051	0.404051	0.404051	0.404051	0.404051	0.404051	0.404051	0.404051	0.404051	0.404051	0.404051	0.404051	0.404051	0.404051	0.404051	0.404051	0.404051	0.404051	0.404051	0.404051
0.404051	0.404051	0.404051	0.404051	0.404051	0.404051	0.404051	0.404051	0.404051	0.404051	0.404051	0.404051	0.404051	0.404051	0.404051	0.404051	0.404051	0.404051	0.404051	0.404051	0.404051	0.404051	0.404051	0.404051	0.404051	0.404051	0.404051	0.404051	0.404051	0.404051	0.404051	0.404051	0.404051	0.404051	0.404051	0.404051	0.404051	0.404051	0.404051	0.404051	0.404051	0.404051	0.404051	0.404051	0.404051	0.404051	0.404051	0.404051	0.404051	0.404051	0.404051	0.404051	0.404051	0.404051	0.404051	0.404051	0.404051	0.404051	0.404051	0.404051	0.404051	0.404051	0.404051	0.404051
0.404051	0.404051	0.404051	0.404051	0.404051	0.404051	0.404051	0.404051	0.404051	0.404051	0.404051	0.404051	0.404051	0.404051	0.404051	0.404051	0.404051	0.404051	0.404051	0.404051	0.404051	0.404051	0.404051	0.404051	0.404051	0.404051	0.404051	0.404051	0.404051	0.404051	0.404051	0.404051	0.404051	0.404051	0.404051	0.404051	0.404051	0.404051	0.404051	0.404051	0.404051	0.404051	0.404051	0.404051	0.404051	0.404051	0.404051	0.404051	0.404051	0.404051	0.404051	0.404051	0.404051	0.404051	0.404051	0.404051	0.404051	0.404051	0.404051	0.404051	0.404051	0.404051	0.404051	0.404051
0.404051	0.404051	0.404051	0.404051	0.404051	0.404051	0.404051	0.404051	0.404051	0.404051	0.404051	0.404051	0.404051	0.404051	0.404051	0.404051	0.404051	0.404051	0.404051	0.404051	0.404051	0.404051	0.404051	0.404051	0.404051	0.404051	0.404051	0.404051	0.404051	0.404051	0.404051	0.404051	0.404051	0.404051	0.404051	0.404051	0.404051	0.404051	0.404051	0.404051	0.404051	0.404051	0.404051	0.404051	0.404051	0.404051	0.404051	0.404051	0.404051	0.404051	0.404051	0.404051	0.404051	0.404051	0.404051	0.404051	0.404051	0.404051	0.404051	0.404051	0.404051	0.404051	0.404051	0.404051
0.404051	0.404051	0.404051	0.404051	0.404051	0.404051	0.404051	0.404051	0.404051	0.404051	0.404051	0.404051	0.404051	0.404051	0.404051	0.404051	0.404051	0.404051	0.404051	0.404051	0.404051	0.404051	0.404051	0.404051	0.404051	0.404051	0.404051	0.404051	0.404051	0.404051	0.404051	0.404051	0.404051	0.404051	0.404051	0.404051	0.404051	0.404051	0.404051	0.404051	0.404051	0.404051	0.404051	0.404051	0.404051	0.404051	0.404051	0.404051	0.404051	0.404051	0.404051	0.404051	0.404051	0.404051	0.404051	0.404051	0.404051	0.404051	0.404051	0.404051	0.404051	0.404051	0.404051	0.404051
0.404051	0.404051	0.404051	0.404051	0.404051	0.404051	0.404051	0.404051	0.404051	0.404051	0.404051	0.404051	0.404051	0.404051	0.404051	0.404051	0.404051	0.404051	0.404051	0.404051	0.404051	0.404051	0.404051	0.404051	0.404051	0.404051	0.404051	0.404051	0.404051	0.404051	0.404051	0.404051	0.404051	0.404051	0.404051	0.404051	0.404051	0.404051	0.404051	0.404051	0.404051	0.404051	0.404051	0.404051	0.404051	0.404051	0.404051	0.404051	0.404051	0.404051	0.404051	0.404051	0.404051	0.404051	0.404051	0.404051	0.404051	0.404051	0.404051	0.404051	0.404051	0.404051	0.404051	0.404051
0.404051	0.404051	0.404051	0.404051	0.404051	0.404051	0.404051	0.404051	0.404051	0.404051	0.404051	0.404051	0.404051	0.404051	0.404051	0.404051	0.404051	0.404051	0.404051	0.404051	0.404051	0.404051	0.404051	0.404051	0.404051	0.404051	0.404051	0.404051	0.404051	0.404051	0.404051	0.404051	0.404051	0.404051	0.404051	0.404051	0.404051	0.404051	0.404051	0.404051	0.404051	0.404051	0.404051	0.404051	0.404051	0.404051	0.404051	0.404051	0.404051	0.404051	0.404051	0.404051	0.404051	0.404051	0.404051	0.404051	0.404051	0.404051	0.404051	0.404051	0.404051	0.404051	0.404051	0.404051
0.404051	0.404051	0.404051	0.404051	0.404051	0.404051	0.404051	0.404051	0.404051	0.404051	0.404051	0.404051	0.404051	0.404051	0.404051	0.404051	0.404051	0.404051	0.404051	0.404051	0.404051	0.404051	0.404051	0.404051	0.404051	0.404051	0.404051	0.404051	0.404051	0.404051	0.404051	0.404051	0.404051	0.404051	0.404051	0.404051	0.404051	0.404051	0.404051	0.404051	0.404051	0.404051	0.404051	0.404051	0.404051	0.404051	0.404051	0.404051	0.404051	0.404051	0.404051	0.404051	0.404051	0.404051	0.404051	0.404051	0.404051	0.404051	0.404051	0.404051	0.404051	0.404051	0.404051	0.404051
0.150684	0.150684	0.150684	0.150684	0.150684	0.150684	0.150684	0.150684	0.150684	0.150684	0.150684	0.150684	0.150684	0.150684	0.150684	0.150684	0.150684	0.150684	0.150684	0.150684	0.150684	0.150684	0.150684	0.150684	0.150684	0.150684	0.150684	0.150684	0.150684	0.150684	0.150684	0.150684	0.150684	0.150684	0.150684	0.150684	0.150684	0.150684	0.150684	0.150684	0.150684	0.150684	0.150684	0.150684	0.150684	0.150684	0.150684	0.150684	0.150684	0.150684	0.150684	0.150684	0.150684	0.150684	0.150684	0.150684	0.150684	0.150684	0.150684	0.150684	0.150684	0.150684	0.150684	0.150684
0	0	0	0	0	0	0	0	0	0	0	0	0	0	0	0	0	0	0	0	0	0	0	0	0	0	0	0	0	0	0	0	0	0	0	0	0	0	0	0	0	0	0	0	0	0	0	0	0	0	0	0	0	0	0	0	0	0	0	0	0	0	0	0
0	0	0	0	0	0	0	0	0	0	0	0	0	0	0	0	0	0	0	0	0	0	0	0	0	0	0	0	0	0	0	0	0	0	0	0	0	0	0	0	0	0	0	0	0	0	0	0	0	0	0	0	0	0	0	0	0	0	0	0	0	0	0	0
0	0	0	0	0	0	0	0	0	0	0	0	0	0	0	0	0	0	0	0	0	0	0	0	0	0	0	0	0	0	0	0	0	0	0	0	0	0	0	0	0	0	0	0	0	0	0	0	0	0	0	0	0	0	0	0	0	0	0	0	0	0	0	0
0	0	0	0	0	0	0	0	0	0	0	0	0	0	0	0	0	0	0	0	0	0	0	0	0	0	0	0	0	0	0	0	0	0	0	0	0	0	0	0	0	0	0	0	0	0	0	0	0	0	0	0	0	0	0	0	0	0	0	0	0	0	0	0
0	0	0	0	0	0	0	0	0	0	0	0	0	0	0	0	0	0	0	0	0	0	0	0	0	0	0	0	0	0	0	0	0	0	0	0	0	0	0	0	0	0	0	0	0	0	0	0	0	0	0	0	0	0	0	0	0	0	0	0	0	0	0	0
0	0	0	0	0	0	0	0	0	0	0	0	0	0	0	0	0	0	0	0	0	0	0	0	0	0	0	0	0	0	0	0	0	0	0	0	0	0	0	0	0	0	0	0	0	0	0	0	0	0	0	0	0	0	0	0	0	0	0	0	0	0	0	0
0	0	0	0	0	0	0	0	0	0	0	0	0	0	0	0	0	0	0	0	0	0	0	0	0	0	0	0	0	0	0	0	0	0	0	0	0	0	0	0	0	0	0	0	0	0	0	0	0	0	0	0	0	0	0	0	0	0	0	0	0	0	0	0
0	0	0	0	0	0	0	0	0	0	0	0	0	0	0	0	0	0	0	0	0	0	0	0	0	0	0	0	0	0	0	0	0	0	0	0	0	0	0	0	0	0	0	0	0	0	0	0	0	0	0	0	0	0	0	0	0	0	0	0	0	0	0	0
0	0	0	0	0	0	0	0	0	0	0	0	0	0	0	0	0	0	0	0	0	0	0	0	0	0	0	0	0	0	0	0	0	0	0	0	0	0	0	0	0	0	0	0	0	0	0	0	0	0	0	0	0	0	0	0	0	0	0	0	0	0	0	0
0	0	0	0	0	0	0	0	0	0	0	0	0	0	0	0	0	0	0	0	0	0	0	0	0	0	0	0	0	0	0	0	0	0	0	0	0	0	0	0	0	0	0	0	0	0	0	0	0	0	0	0	0	0	0	0	0	0	0	0	0	0	0	0
0	0	0	0	0	0	0	0	0	0	0	0	0	0	0	0	0	0	0	0	0	0	0	0	0	0	0	0	0	0	0	0	0	0	0	0	0	0	0	0	0	0	0	0	0	0	0	0	0	0	0	0	0	0	0	0	0	0	0	0	0	0	0	0
0	0	0	0	0	0	0	0	0	0	0	0	0	0	0	0	0	0	0	0	0	0	0	0	0	0	0	0	0	0	0	0	0	0	0	0	0	0	0	0	0	0	0	0	0	0	0	0	0	0	0	0	0	0	0	0	0	0	0	0	0	0	0	0
