0	0	0	0	0	0	0	0	0	0	0	0	0	0	0	0	0	0	0	0	0	0	0	0	0	0	0	0	0	0	0	0	0	0	0	0	0	0	0	0	0	0	0	0	0	0	0	0	0	0	0	0	0	0	0	0	0	0	0	0	0	0	0	0
0	0	0	0	0	0	0	0	0	0	0	0	0	0	0	0	0	0	0	0	0	0	0	0	0	0	0	0	0	0	0	0	0	0	0	0	0	0	0	0	0	0	0	0	0	0	0	0	0	0	0	0	0	0	0	0	0	0	0	0	0	0	0	0
0	0	0	0	0	0	0	0	0	0	0	0	0	0	0	0	0	0	0	0	0	0	0	0	0	0	0	0	0	0	0	0	0	0	0	0	0	0	0	0	0	0	0	0	0	0	0	0	0	0	0	0	0	0	0	0	0	0	0	0	0	0	0	0
0	0	0	0	0	0	0	0	0	0	0	0	0	0	0	0	0	0	0	0	0	0	0	0	0	0	0	0	0	0	0	0	0	0	0	0	0	0	0	0	0	0	0	0	0	0	0	0	0	0	0	0	0	0	0	0	0	0	0	0	0	0	0	0
0	0	0	0	0	0	0	0	0	0	0	0	0	0	0	0	0	0	0	0	0	0	0	0	0	0	0	0	0	0	0	0	0	0	0	0	0	0	0	0	0	0	0	0	0	0	0	0	0	0	0	0	0	0	0	0	0	0	0	0	0	0	0	0
0	0	0	0	0	0	0	0	0	0	0	0	0	0	0	0	0	0	0	0	0	0	0	0	0	0	0	0	0	0	0	0	0	0	0	0	0	0	0	0	0	0	0	0	0	0	0	0	0	0	0	0	0	0	0	0	0	0	0	0	0	0	0	0
0	0	0	0	0	0	0	0	0	0	0	0	0	0	0	0	0	0	0	0	0	0	0	0	0	0	0	0	0	0	0	0	0	0	0	0	0	0	0	0	0	0	0	0	0	0	0	0	0	0	0	0	0	0	0	0	0	0	0	0	0	0	0	0
0	0	0	0	0	0	0	0	0	0	0	0	0	0	0	0	0	0	0	0	0	0	0	0	0	0	0	0	0	0	0	0	0	0	0	0	0	0	0	0	0	0	0	0	0	0	0	0	0	0	0	0	0	0	0	0	0	0	0	0	0	0	0	0
0	0	0	0	0	0	0	0	0	0	0	0	0	0	0	0	0	0	0	0	0	0	0	0	0	0	0	0	0	0	0	0	0	0	0	0	0	0	0	0	0	0	0	0	0	0	0	0	0	0	0	0	0	0	0	0	0	0	0	0	0	0	0	0
0	0	0	0	0	0	0	0	0	0	0	0	0	0	0	0	0	0	0	0	0	0	0	0	0	0	0	0	0	0	0	0	0	0	0	0	0	0	0	0	0	0	0	0	0	0	0	0	0	0	0	0	0	0	0	0	0	0	0	0	0	0	0	0
0	0	0	0	0	0	0	0	0	0	0	0	0	0	0	0	0	0	0	0	0	0	0	0	0	0	0	0	0	0	0	0	0	0	0	0	0	0	0	0	0	0	0	0	0	0	0	0	0	0	0	0	0	0	0	0	0	0	0	0	0	0	0	0
0	0	0	0	0	0	0	0	0	0	0	0	0	0	0	0	0	0	0	0	0	0	0	0	0	0	0	0	0	0	0	0	0	0	0	0	0	0	0	0	0	0	0	0	0	0	0	0	0	0	0	0	0	0	0	0	0	0	0	0	0	0	0	0
0	0	0	0	0	0	0	0	0	0	0	0	0	0	0	0	0	0	0	0	0	0	0	0	0	0	0	0	0	0	0	0	0	0	0	0	0	0	0	0	0	0	0	0	0	0	0	0	0	0	0	0	0	0	0	0	0	0	0	0	0	0	0	0
0	0	0	0	0	0	0	0	0	0	0	0	0	0	0	0	0	0	0	0	0	0	0	0	0	0	0	0	0	0	0	0	0	0	0	0	0	0	0	0	0	0	0	0	0	0	0	0	0	0	0	0	0	0	0	0	0	0	0	0	0	0	0	0
0	0	0	0	0	0	0	0	0	0	0	0	0	0	0	0	0	0	0	0	0	0	0	0	0	0	0	0	0	0	0	0	0	0	0	0	0	0	0	0	0	0	0	0	0	0	0	0	0	0	0	0	0	0	0	0	0	0	0	0	0	0	0	0
0	0	0	0	0	0	0	0	0	0	0	0	0	0	0	0	0	0	0	0	0	0	0	0	0	0	0	0	0	0	0	0	0	0	0	0	0	0	0	0	0	0	0	0	0	0	0	0	0	0	0	0	0	0	0	0	0	0	0	0	0	0	0	0
0	0	0	0	0	0	0	0	0	0	0	0	0	0	0	0	0	0	0	0	0	0	0	0	0	0	0	0	0	0	0	0	0	0	0	0	0	0	0	0	0	0	0	0	0	0	0	0	0	0	0	0	0	0	0	0	0	0	0	0	0	0	0	0
0	0	0	0	0	0	0	0	0	0	0	0	0	0	0	0	0	0	0	0	0	0	0	0	0	0	0	0	0	0	0	0	0	0	0	0	0	0	0	0	0	0	0	0	0	0	0	0	0	0	0	0	0	0	0	0	0	0	0	0	0	0	0	0
0	0	0	0	0	0	0	0	0	0	0	0	0	0	0	0	0	0	0	0	0	0	0	0	0	0	0	0	0	0	0	0	0	0	0	0	0	0	0	0	0	0	0	0	0	0	0	0	0	0	0	0	0	0	0	0	0	0	0	0	0	0	0	0
0	0	0	0	0	0	0	0	0	0	0	0	0	0	0	0	0	0	0	0	0	0	0	0	0	0	0	0	0	0	0	0	0	0	0	0	0	0	0	0	0	0	0	0	0	0	0	0	0	0	0	0	0	0	0	0	0	0	0	0	0	0	0	0
0	0	0	0	0	0	0	0	0	0	0	0	0	0	0	0	0	0	0	0	0	0	0	0	0	0	0	0	0	0	0	0	0	0	0	0	0	0	0	0	0	0	0	0	0	0	0	0	0	0	0	0	0	0	0	0	0	0	0	0	0	0	0	0
0	0	0	0	0	0	0	0	0	0	0	0	0	0	0	0	0	0	0	0	0	0	0	0	0	0	0	0	0	0	0	0	0	0	0	0	0	0	0	0	0	0	0	0	0	0	0	0	0	0	0	0	0	0	0	0	0	0	0	0	0	0	0	0
0	0	0	0	0	0	0	0	0	0	0	0	0	0	0	0	0	0	0	0	0	0	0	0	0	0	0	0	0	0	0	0	0	0	0	0	0	0	0	0	0	0	0	0	0	0	0	0	0	0	0	0	0	0	0	0	0	0	0	0	0	0	0	0
0	0	0	0	0	0	0	0	0	0	0	0	0	0	0	0	0	0	0	0	0	0	0	0	0	0	0	0	0	0	0	0	0	0	0	0	0	0	0	0	0	0	0	0	0	0	0	0	0	0	0	0	0	0	0	0	0	0	0	0	0	0	0	0
0	0	0	0	0	0	0	0	0	0	0	0	0	0	0	0	0	0	0	0	0	0	0	0	0	0	0	0	0	0	0	0	0	0	0	0	0	0	0	0	0	0	0	0	0	0	0	0	0	0	0	0	0	0	0	0	0	0	0	0	0	0	0	0
0.232139	0.232139	0.232139	0.232139	0.232139	0.232139	0.232139	0.232139	0.232139	0.232139	0.232139	0.232139	0.232139	0.232139	0.232139	0.232139	0.232139	0.232139	0.232139	0.232139	0.232139	0.232139	0.232139	0.232139	0.232139	0.232139	0.232139	0.232139	0.232139	0.232139	0.232139	0.232139	0.232139	0.232139	0.232139	0.232139	0.232139	0.232139	0.232139	0.232139	0.232139	0.232139	0.232139	0.232139	0.232139	0.232139	0.232139	0.232139	0.232139	0.232139	0.232139	0.232139	0.232139	0.232139	0.232139	0.232139	0.232139	0.232139	0.232139	0.232139	0.232139	0.232139	0.232139	0.232139
0.396029	0.396029	0.396029	0.396029	0.396029	0.396029	0.396029	0.396029	0.396029	0.396029	0.396029	0.396029	0.396029	0.396029	0.396029	0.396029	0.396029	0.396029	0.396029	0.396029	0.396029	0.396029	0.396029	0.396029	0.396029	0.396029	0.396029	0.396029	0.396029	0.396029	0.396029	0.396029	0.396029	0.396029	0.396029	0.396029	0.396029	0.396029	0.396029	0.396029	0.396029	0.396029	0.396029	0.396029	0.396029	0.396029	0.396029	0.396029	0.396029	0.396029	0.396029	0.396029	0.396029	0.396029	0.396029	0.396029	0.396029	0.396029	0.396029	0.396029	0.396029	0.396029	0.396029	0.396029
0.396029	0.396029	0.396029	0.396029	0.396029	0.396029	0.396029	0.396029	0.396029	0.396029	0.396029	0.396029	0.396029	0.396029	0.396029	0.396029	0.396029	0.396029	0.396029	0.396029	0.396029	0.396029	0.396029	0.396029	0.396029	0.396029	0.396029	0.396029	0.396029	0.396029	0.396029	0.396029	0.396029	0.396029	0.396029	0.396029	0.396029	0.396029	0.396029	0.396029	0.396029	0.396029	0.396029	0.396029	0.396029	0.396029	0.396029	0.396029	0.396029	0.396029	0.396029	0.396029	0.396029	0.396029	0.396029	0.396029	0.396029	0.396029	0.396029	0.396029	0.396029	0.396029	0.396029	0.396029
0.396029	0.396029	0.396029	0.396029	0.396029	0.396029	0.396029	0.396029	0.396029	0.396029	0.396029	0.396029	0.396029	0.396029	0.396029	0.396029	0.396029	0.396029	0.396029	0.396029	0.396029	0.396029	0.396029	0.396029	0.396029	0.396029	0.396029	0.396029	0.396029	0.396029	0.396029	0.396029	0.396029	0.396029	0.396029	0.396029	0.396029	0.396029	0.396029	0.396029	0.396029	0.396029	0.396029	0.396029	0.396029	0.396029	0.396029	0.396029	0.396029	0.396029	0.396029	0.396029	0.396029	0.396029	0.396029	0.396029	0.396029	0.396029	0.396029	0.396029	0.396029	0.396029	0.396029	0.396029
0.396029	0.396029	0.396029	0.396029	0.396029	0.396029	0.396029	0.396029	0.396029	0.396029	0.396029	0.396029	0.396029	0.396029	0.396029	0.396029	0.396029	0.396029	0.396029	0.396029	0.396029	0.396029	0.396029	0.396029	0.396029	0.396029	0.396029	0.396029	0.396029	0.396029	0.396029	0.396029	0.396029	0.396029	0.396029	0.396029	0.396029	0.396029	0.396029	0.396029	0.396029	0.396029	0.396029	0.396029	0.396029	0.396029	0.396029	0.396029	0.396029	0.396029	0.396029	0.396029	0.396029	0.396029	0.396029	0.396029	0.396029	0.396029	0.396029	0.396029	0.396029	0.396029	0.396029	0.396029
0.396029	0.396029	0.396029	0.396029	0.396029	0.396029	0.396029	0.396029	0.396029	0.396029	0.396029	0.396029	0.396029	0.396029	0.396029	0.396029	0.396029	0.396029	0.396029	0.396029	0.396029	0.396029	0.396029	0.396029	0.396029	0.396029	0.396029	0.396029	0.396029	0.396029	0.396029	0.396029	0.396029	0.396029	0.396029	0.396029	0.396029	0.396029	0.396029	0.396029	0.396029	0.396029	0.396029	0.396029	0.396029	0.396029	0.396029	0.396029	0.396029	0.396029	0.396029	0.396029	0.396029	0.396029	0.396029	0.396029	0.396029	0.396029	0.396029	0.396029	0.396029	0.396029	0.396029	0.396029
0.396029	0.396029	0.396029	0.396029	0.396029	0.396029	0.396029	0.396029	0.396029	0.396029	0.396029	0.396029	0.396029	0.396029	0.396029	0.396029	0.396029	0.396029	0.396029	0.396029	0.396029	0.396029	0.396029	0.396029	0.396029	0.396029	0.396029	0.396029	0.396029	0.396029	0.396029	0.396029	0.396029	0.396029	0.396029	0.396029	0.396029	0.396029	0.396029	0.396029	0.396029	0.396029	0.396029	0.396029	0.396029	0.396029	0.396029	0.396029	0.396029	0.396029	0.396029	0.396029	0.396029	0.396029	0.396029	0.396029	0.396029	0.396029	0.396029	0.396029	0.396029	0.396029	0.396029	0.396029
0.396029	0.396029	0.396029	0.396029	0.396029	0.396029	0.396029	0.396029	0.396029	0.396029	0.396029	0.396029	0.396029	0.396029	0.396029	0.396029	0.396029	0.396029	0.396029	0.396029	0.396029	0.396029	0.396029	0.396029	0.396029	0.396029	0.396029	0.396029	0.396029	0.396029	0.396029	0.396029	0.396029	0.396029	0.396029	0.396029	0.396029	0.396029	0.396029	0.396029	0.396029	0.396029	0.396029	0.396029	0.396029	0.396029	0.396029	0.396029	0.396029	0.396029	0.396029	0.396029	0.396029	0.396029	0.396029	0.396029	0.396029	0.396029	0.396029	0.396029	0.396029	0.396029	0.396029	0.396029
0.396029	0.396029	0.396029	0.396029	0.396029	0.396029	0.396029	0.396029	0.396029	0.396029	0.396029	0.396029	0.396029	0.396029	0.396029	0.396029	0.396029	0.396029	0.396029	0.396029	0.396029	0.396029	0.396029	0.396029	0.396029	0.396029	0.396029	0.396029	0.396029	0.396029	0.396029	0.396029	0.396029	0.396029	0.396029	0.396029	0.396029	0.396029	0.396029	0.396029	0.396029	0.396029	0.396029	0.396029	0.396029	0.396029	0.396029	0.396029	0.396029	0.396029	0.396029	0.396029	0.396029	0.396029	0.396029	0.396029	0.396029	0.396029	0.396029	0.396029	0.396029	0.396029	0.396029	0.396029
0.396029	0.396029	0.396029	0.396029	0.396029	0.396029	0.396029	0.396029	0.396029	0.396029	0.396029	0.396029	0.396029	0.396029	0.396029	0.396029	0.396029	0.396029	0.396029	0.396029	0.396029	0.396029	0.396029	0.396029	0.396029	0.396029	0.396029	0.396029	0.396029	0.396029	0.396029	0.396029	0.396029	0.396029	0.396029	0.396029	0.396029	0.396029	0.396029	0.396029	0.396029	0.396029	0.396029	0.396029	0.396029	0.396029	0.396029	0.396029	0.396029	0.396029	0.396029	0.396029	0.396029	0.396029	0.396029	0.396029	0.396029	0.396029	0.396029	0.396029	0.396029	0.396029	0.396029	0.396029
0.396029	0.396029	0.396029	0.396029	0.396029	0.396029	0.396029	0.396029	0.396029	0.396029	0.396029	0.396029	0.396029	0.396029	0.396029	0.396029	0.396029	0.396029	0.396029	0.396029	0.396029	0.396029	0.396029	0.396029	0.396029	0.396029	0.396029	0.396029	0.396029	0.396029	0.396029	0.396029	0.396029	0.396029	0.396029	0.396029	0.396029	0.396029	0.396029	0.396029	0.396029	0.396029	0.396029	0.396029	0.396029	0.396029	0.396029	0.396029	0.396029	0.396029	0.396029	0.396029	0.396029	0.396029	0.396029	0.396029	0.396029	0.396029	0.396029	0.396029	0.396029	0.396029	0.396029	0.396029
0.396029	0.396029	0.396029	0.396029	0.396029	0.396029	0.396029	0.396029	0.396029	0.396029	0.396029	0.396029	0.396029	0.396029	0.396029	0.396029	0.396029	0.396029	0.396029	0.396029	0.396029	0.396029	0.396029	0.396029	0.396029	0.396029	0.396029	0.396029	0.396029	0.396029	0.396029	0.396029	0.396029	0.396029	0.396029	0.396029	0.396029	0.396029	0.396029	0.396029	0.396029	0.396029	0.396029	0.396029	0.396029	0.396029	0.396029	0.396029	0.396029	0.396029	0.396029	0.396029	0.396029	0.396029	0.396029	0.396029	0.396029	0.396029	0.396029	0.396029	0.396029	0.396029	0.396029	0.396029
0.396029	0.396029	0.396029	0.396029	0.396029	0.396029	0.396029	0.396029	0.396029	0.396029	0.396029	0.396029	0.396029	0.396029	0.396029	0.396029	0.396029	0.396029	0.396029	0.396029	0.396029	0.396029	0.396029	0.396029	0.396029	0.396029	0.396029	0.396029	0.396029	0.396029	0.396029	0.396029	0.396029	0.396029	0.396029	0.396029	0.396029	0.396029	0.396029	0.396029	0.396029	0.396029	0.396029	0.396029	0.396029	0.396029	0.396029	0.396029	0.396029	0.396029	0.396029	0.396029	0.396029	0.396029	0.396029	0.396029	0.396029	0.396029	0.396029	0.396029	0.396029	0.396029	0.396029	0.396029
0.396029	0.396029	0.396029	0.396029	0.396029	0.396029	0.396029	0.396029	0.396029	0.396029	0.396029	0.396029	0.396029	0.396029	0.396029	0.396029	0.396029	0.396029	0.396029	0.396029	0.396029	0.396029	0.396029	0.396029	0.396029	0.396029	0.396029	0.396029	0.396029	0.396029	0.396029	0.396029	0.396029	0.396029	0.396029	0.396029	0.396029	0.396029	0.396029	0.396029	0.396029	0.396029	0.396029	0.396029	0.396029	0.396029	0.396029	0.396029	0.396029	0.396029	0.396029	0.396029	0.396029	0.396029	0.396029	0.396029	0.396029	0.396029	0.396029	0.396029	0.396029	0.396029	0.396029	0.396029
0.396029	0.396029	0.396029	0.396029	0.396029	0.396029	0.396029	0.396029	0.396029	0.396029	0.396029	0.396029	0.396029	0.396029	0.396029	0.396029	0.396029	0.396029	0.396029	0.396029	0.396029	0.396029	0.396029	0.396029	0.396029	0.396029	0.396029	0.396029	0.396029	0.396029	0.396029	0.396029	0.396029	0.396029	0.396029	0.396029	0.396029	0.396029	0.396029	0.396029	0.396029	0.396029	0.396029	0.396029	0.396029	0.396029	0.396029	0.396029	0.396029	0.396029	0.396029	0.396029	0.396029	0.396029	0.396029	0.396029	0.396029	0.396029	0.396029	0.396029	0.396029	0.396029	0.396029	0.396029
0.396029	0.396029	0.396029	0.396029	0.396029	0.396029	0.396029	0.396029	0.396029	0.396029	0.396029	0.396029	0.396029	0.396029	0.396029	0.396029	0.396029	0.396029	0.396029	0.396029	0.396029	0.396029	0.396029	0.396029	0.396029	0.396029	0.396029	0.396029	0.396029	0.396029	0.396029	0.396029	0.396029	0.396029	0.396029	0.396029	0.396029	0.396029	0.396029	0.396029	0.396029	0.396029	0.396029	0.396029	0.396029	0.396029	0.396029	0.396029	0.396029	0.396029	0.396029	0.396029	0.396029	0.396029	0.396029	0.396029	0.396029	0.396029	0.396029	0.396029	0.396029	0.396029	0.396029	0.396029
0.396029	0.396029	0.396029	0.396029	0.396029	0.396029	0.396029	0.396029	0.396029	0.396029	0.396029	0.396029	0.396029	0.396029	0.396029	0.396029	0.396029	0.396029	0.396029	0.396029	0.396029	0.396029	0.396029	0.396029	0.396029	0.396029	0.396029	0.396029	0.396029	0.396029	0.396029	0.396029	0.396029	0.396029	0.396029	0.396029	0.396029	0.396029	0.396029	0.396029	0.396029	0.396029	0.396029	0.396029	0.396029	0.396029	0.396029	0.396029	0.396029	0.396029	0.396029	0.396029	0.396029	0.396029	0.396029	0.396029	0.396029	0.396029	0.396029	0.396029	0.396029	0.396029	0.396029	0.396029
0.396029	0.396029	0.396029	0.396029	0.396029	0.396029	0.396029	0.396029	0.396029	0.396029	0.396029	0.396029	0.396029	0.396029	0.396029	0.396029	0.396029	0.396029	0.396029	0.396029	0.396029	0.396029	0.396029	0.396029	0.396029	0.396029	0.396029	0.396029	0.396029	0.396029	0.396029	0.396029	0.396029	0.396029	0.396029	0.396029	0.396029	0.396029	0.396029	0.396029	0.396029	0.396029	0.396029	0.396029	0.396029	0.396029	0.396029	0.396029	0.396029	0.396029	0.396029	0.396029	0.396029	0.396029	0.396029	0.396029	0.396029	0.396029	0.396029	0.396029	0.396029	0.396029	0.396029	0.396029
0.396029	0.396029	0.396029	0.396029	0.396029	0.396029	0.396029	0.396029	0.396029	0.396029	0.396029	0.396029	0.396029	0.396029	0.396029	0.396029	0.396029	0.396029	0.396029	0.396029	0.396029	0.396029	0.396029	0.396029	0.396029	0.396029	0.396029	0.396029	0.396029	0.396029	0.396029	0.396029	0.396029	0.396029	0.396029	0.396029	0.396029	0.396029	0.396029	0.396029	0.396029	0.396029	0.396029	0.396029	0.396029	0.396029	0.396029	0.396029	0.396029	0.396029	0.396029	0.396029	0.396029	0.396029	0.396029	0.396029	0.396029	0.396029	0.396029	0.396029	0.396029	0.396029	0.396029	0.396029
0.396029	0.396029	0.396029	0.396029	0.396029	0.396029	0.396029	0.396029	0.396029	0.396029	0.396029	0.396029	0.396029	0.396029	0.396029	0.396029	0.396029	0.396029	0.396029	0.396029	0.396029	0.396029	0.396029	0.396029	0.396029	0.396029	0.396029	0.396029	0.396029	0.396029	0.396029	0.396029	0.396029	0.396029	0.396029	0.396029	0.396029	0.396029	0.396029	0.396029	0.396029	0.396029	0.396029	0.396029	0.396029	0.396029	0.396029	0.396029	0.396029	0.396029	0.396029	0.396029	0.396029	0.396029	0.396029	0.396029	0.396029	0.396029	0.396029	0.396029	0.396029	0.396029	0.396029	0.396029
0.396029	0.396029	0.396029	0.396029	0.396029	0.396029	0.396029	0.396029	0.396029	0.396029	0.396029	0.396029	0.396029	0.396029	0.396029	0.396029	0.396029	0.396029	0.396029	0.396029	0.396029	0.396029	0.396029	0.396029	0.396029	0.396029	0.396029	0.396029	0.396029	0.396029	0.396029	0.396029	0.396029	0.396029	0.396029	0.396029	0.396029	0.396029	0.396029	0.396029	0.396029	0.396029	0.396029	0.396029	0.396029	0.396029	0.396029	0.396029	0.396029	0.396029	0.396029	0.396029	0.396029	0.396029	0.396029	0.396029	0.396029	0.396029	0.396029	0.396029	0.396029	0.396029	0.396029	0.396029
0.396029	0.396029	0.396029	0.396029	0.396029	0.396029	0.396029	0.396029	0.396029	0.396029	0.396029	0.396029	0.396029	0.396029	0.396029	0.396029	0.396029	0.396029	0.396029	0.396029	0.396029	0.396029	0.396029	0.396029	0.396029	0.396029	0.396029	0.396029	0.396029	0.396029	0.396029	0.396029	0.396029	0.396029	0.396029	0.396029	0.396029	0.396029	0.396029	0.396029	0.396029	0.396029	0.396029	0.396029	0.396029	0.396029	0.396029	0.396029	0.396029	0.396029	0.396029	0.396029	0.396029	0.396029	0.396029	0.396029	0.396029	0.396029	0.396029	0.396029	0.396029	0.396029	0.396029	0.396029
0.396029	0.396029	0.396029	0.396029	0.396029	0.396029	0.396029	0.396029	0.396029	0.396029	0.396029	0.396029	0.396029	0.396029	0.396029	0.396029	0.396029	0.396029	0.396029	0.396029	0.396029	0.396029	0.396029	0.396029	0.396029	0.396029	0.396029	0.396029	0.396029	0.396029	0.396029	0.396029	0.396029	0.396029	0.396029	0.396029	0.396029	0.396029	0.396029	0.396029	0.396029	0.396029	0.396029	0.396029	0.396029	0.396029	0.396029	0.396029	0.396029	0.396029	0.396029	0.396029	0.396029	0.396029	0.396029	0.396029	0.396029	0.396029	0.396029	0.396029	0.396029	0.396029	0.396029	0.396029
0.396029	0.396029	0.396029	0.396029	0.396029	0.396029	0.396029	0.396029	0.396029	0.396029	0.396029	0.396029	0.396029	0.396029	0.396029	0.396029	0.396029	0.396029	0.396029	0.396029	0.396029	0.396029	0.396029	0.396029	0.396029	0.396029	0.396029	0.396029	0.396029	0.396029	0.396029	0.396029	0.396029	0.396029	0.396029	0.396029	0.396029	0.396029	0.396029	0.396029	0.396029	0.396029	0.396029	0.396029	0.396029	0.396029	0.396029	0.396029	0.396029	0.396029	0.396029	0.396029	0.396029	0.396029	0.396029	0.396029	0.396029	0.396029	0.396029	0.396029	0.396029	0.396029	0.396029	0.396029
0.396029	0.396029	0.396029	0.396029	0.396029	0.396029	0.396029	0.396029	0.396029	0.396029	0.396029	0.396029	0.396029	0.396029	0.396029	0.396029	0.396029	0.396029	0.396029	0.396029	0.396029	0.396029	0.396029	0.396029	0.396029	0.396029	0.396029	0.396029	0.396029	0.396029	0.396029	0.396029	0.396029	0.396029	0.396029	0.396029	0.396029	0.396029	0.396029	0.396029	0.396029	0.396029	0.396029	0.396029	0.396029	0.396029	0.396029	0.396029	0.396029	0.396029	0.396029	0.396029	0.396029	0.396029	0.396029	0.396029	0.396029	0.396029	0.396029	0.396029	0.396029	0.396029	0.396029	0.396029
0.396029	0.396029	0.396029	0.396029	0.396029	0.396029	0.396029	0.396029	0.396029	0.396029	0.396029	0.396029	0.396029	0.396029	0.396029	0.396029	0.396029	0.396029	0.396029	0.396029	0.396029	0.396029	0.396029	0.396029	0.396029	0.396029	0.396029	0.396029	0.396029	0.396029	0.396029	0.396029	0.396029	0.396029	0.396029	0.396029	0.396029	0.396029	0.396029	0.396029	0.396029	0.396029	0.396029	0.396029	0.396029	0.396029	0.396029	0.396029	0.396029	0.396029	0.396029	0.396029	0.396029	0.396029	0.396029	0.396029	0.396029	0.396029	0.396029	0.396029	0.396029	0.396029	0.396029	0.396029
0.147666	0.147666	0.147666	0.147666	0.147666	0.147666	0.147666	0.147666	0.147666	0.147666	0.147666	0.147666	0.147666	0.147666	0.147666	0.147666	0.147666	0.147666	0.147666	0.147666	0.147666	0.147666	0.147666	0.147666	0.147666	0.147666	0.147666	0.147666	0.147666	0.147666	0.147666	0.147666	0.147666	0.147666	0.147666	0.147666	0.147666	0.147666	0.147666	0.147666	0.147666	0.147666	0.147666	0.147666	0.147666	0.147666	0.147666	0.147666	0.147666	0.147666	0.147666	0.147666	0.147666	0.147666	0.147666	0.147666	0.147666	0.147666	0.147666	0.147666	0.147666	0.147666	0.147666	0.147666
0	0	0	0	0	0	0	0	0	0	0	0	0	0	0	0	0	0	0	0	0	0	0	0	0	0	0	0	0	0	0	0	0	0	0	0	0	0	0	0	0	0	0	0	0	0	0	0	0	0	0	0	0	0	0	0	0	0	0	0	0	0	0	0
0	0	0	0	0	0	0	0	0	0	0	0	0	0	0	0	0	0	0	0	0	0	0	0	0	0	0	0	0	0	0	0	0	0	0	0	0	0	0	0	0	0	0	0	0	0	0	0	0	0	0	0	0	0	0	0	0	0	0	0	0	0	0	0
0	0	0	0	0	0	0	0	0	0	0	0	0	0	0	0	0	0	0	0	0	0	0	0	0	0	0	0	0	0	0	0	0	0	0	0	0	0	0	0	0	0	0	0	0	0	0	0	0	0	0	0	0	0	0	0	0	0	0	0	0	0	0	0
0	0	0	0	0	0	0	0	0	0	0	0	0	0	0	0	0	0	0	0	0	0	0	0	0	0	0	0	0	0	0	0	0	0	0	0	0	0	0	0	0	0	0	0	0	0	0	0	0	0	0	0	0	0	0	0	0	0	0	0	0	0	0	0
0	0	0	0	0	0	0	0	0	0	0	0	0	0	0	0	0	0	0	0	0	0	0	0	0	0	0	0	0	0	0	0	0	0	0	0	0	0	0	0	0	0	0	0	0	0	0	0	0	0	0	0	0	0	0	0	0	0	0	0	0	0	0	0
0	0	0	0	0	0	0	0	0	0	0	0	0	0	0	0	0	0	0	0	0	0	0	0	0	0	0	0	0	0	0	0	0	0	0	0	0	0	0	0	0	0	0	0	0	0	0	0	0	0	0	0	0	0	0	0	0	0	0	0	0	0	0	0
0	0	0	0	0	0	0	0	0	0	0	0	0	0	0	0	0	0	0	0	0	0	0	0	0	0	0	0	0	0	0	0	0	0	0	0	0	0	0	0	0	0	0	0	0	0	0	0	0	0	0	0	0	0	0	0	0	0	0	0	0	0	0	0
0	0	0	0	0	0	0	0	0	0	0	0	0	0	0	0	0	0	0	0	0	0	0	0	0	0	0	0	0	0	0	0	0	0	0	0	0	0	0	0	0	0	0	0	0	0	0	0	0	0	0	0	0	0	0	0	0	0	0	0	0	0	0	0
0	0	0	0	0	0	0	0	0	0	0	0	0	0	0	0	0	0	0	0	0	0	0	0	0	0	0	0	0	0	0	0	0	0	0	0	0	0	0	0	0	0	0	0	0	0	0	0	0	0	0	0	0	0	0	0	0	0	0	0	0	0	0	0
0	0	0	0	0	0	0	0	0	0	0	0	0	0	0	0	0	0	0	0	0	0	0	0	0	0	0	0	0	0	0	0	0	0	0	0	0	0	0	0	0	0	0	0	0	0	0	0	0	0	0	0	0	0	0	0	0	0	0	0	0	0	0	0
0	0	0	0	0	0	0	0	0	0	0	0	0	0	0	0	0	0	0	0	0	0	0	0	0	0	0	0	0	0	0	0	0	0	0	0	0	0	0	0	0	0	0	0	0	0	0	0	0	0	0	0	0	0	0	0	0	0	0	0	0	0	0	0
0	0	0	0	0	0	0	0	0	0	0	0	0	0	0	0	0	0	0	0	0	0	0	0	0	0	0	0	0	0	0	0	0	0	0	0	0	0	0	0	0	0	0	0	0	0	0	0	0	0	0	0	0	0	0	0	0	0	0	0	0	0	0	0
