0	0	0	0	0	0	0	0	0	0	0	0	0	0	0	0	0	0	0	0	0	0	0	0	0	0	0	0	0	0	0	0	0	0	0	0	0	0	0	0	0	0	0	0	0	0	0	0	0	0	0	0	0	0	0	0	0	0	0	0	0	0	0	0
0	0	0	0	0	0	0	0	0	0	0	0	0	0	0	0	0	0	0	0	0	0	0	0	0	0	0	0	0	0	0	0	0	0	0	0	0	0	0	0	0	0	0	0	0	0	0	0	0	0	0	0	0	0	0	0	0	0	0	0	0	0	0	0
0	0	0	0	0	0	0	0	0	0	0	0	0	0	0	0	0	0	0	0	0	0	0	0	0	0	0	0	0	0	0	0	0	0	0	0	0	0	0	0	0	0	0	0.023866	0.000617542	0	0	0	0	0	0	0	0	0	0	0	0	0	0	0	0	0	0	0
0	0	0	0	0	0	0	0	0	0	0	0	0	0	0	0	0	0	0	0	0	0	0	0	0	0	0	0	0	0	0	0	0	0	0	0	0	0	0	0	0.0218995	0.159451	0.251991	0.28737	0.120013	0	0	0	0	0	0	0	0	0	0	0	0	0	0	0	0	0	0	0
0	0	0	0	0	0	0	0	0	0	0	0	0	0	0	0	0	0	0	0	0	0	0	0	0	0	0	0	0	0	0	0	0	0	0	0	0	0	0.0691662	0.196911	0.273367	0.28737	0.28737	0.28737	0.227328	0	0	0	0	0	0	0	0	0	0	0	0	0	0	0	0	0	0	0
0	0	0	0	0	0	0	0	0	0	0	0	0	0	0	0	0	0	0	0	0	0	0	0	0	0	0	0	0	0	0	0	0	0	0	0.00105417	0.122615	0.228855	0.284707	0.28737	0.28737	0.28737	0.28737	0.28737	0.284352	0.0665299	0	0	0	0	0	0	0	0	0	0	0	0	0	0	0	0	0	0
0	0	0	0	0	0	0	0	0	0	0	0	0	0	0	0	0	0	0	0	0	0	0	0	0	0	0	0	0	0	0	0	0	0.0297042	0.167116	0.256906	0.28737	0.28737	0.28737	0.28737	0.28737	0.28737	0.28737	0.28737	0.28737	0.0294254	0	0	0	0	0	0	0	0	0	0	0	0	0	0	0	0	0	0
0	0	0	0	0	0	0	0	0	0	0	0	0	0	0	0	0	0	0	0	0	0	0	0	0	0	0	0	0	0	0	0.0791871	0.203303	0.276233	0.28737	0.28737	0.28737	0.28737	0.28737	0.28737	0.28737	0.28737	0.28737	0.28737	0.28737	0.287041	0.00617671	0	0	0	0	0	0	0	0	0	0	0	0	0	0	0	0	0
0	0	0	0	0	0	0	0	0	0	0	0	0	0	0	0	0	0	0	0	0	0	0	0	0	0	0	0	0.00371415	0.131975	0.23447	0.285843	0.28737	0.28737	0.28737	0.28737	0.28737	0.28737	0.28737	0.28737	0.28737	0.28737	0.28737	0.28737	0.28737	0.28737	0.0427202	0	0	0	0	0	0	0	0	0	0	0	0	0	0	0	0	0
0	0	0	0	0	0	0	0	0	0	0	0	0	0	0	0	0	0	0	0	0	0	0	0	0	0	0.0382008	0.174493	0.261415	0.28737	0.28737	0.28737	0.28737	0.28737	0.28737	0.28737	0.28737	0.28737	0.28737	0.28737	0.28737	0.28737	0.28737	0.28737	0.28737	0.28737	0.286812	0	0	0	0	0	0	0	0	0	0	0	0	0	0	0	0	0
0	0	0	0	0	0	0	0	0	0	0	0	0	0	0	0	0	0	0	0	0	0	0	0	0.0893836	0.20957	0.278768	0.28737	0.28737	0.28737	0.28737	0.28737	0.28737	0.28737	0.28737	0.28737	0.28737	0.28737	0.28737	0.28737	0.28737	0.28737	0.28737	0.28737	0.28737	0.28737	0.287369	0.00963289	0	0	0	0	0	0	0	0	0	0	0	0	0	0	0	0
0	0	0	0	0	0	0	0	0	0	0	0	0	0	0	0	0	0	0	0	0	0.00785023	0.140849	0.239962	0.286661	0.28737	0.28737	0.28737	0.28737	0.28737	0.28737	0.28737	0.28737	0.28737	0.28737	0.28737	0.28737	0.28737	0.28737	0.28737	0.28737	0.28737	0.28737	0.28737	0.28737	0.28737	0.28737	0.286692	0	0	0	0	0	0	0	0	0	0	0	0	0	0	0	0
0	0	0	0	0	0	0	0	0	0	0	0	0	0	0	0	0	0	0	0.0472855	0.18161	0.265492	0.28737	0.28737	0.28737	0.28737	0.28737	0.28737	0.28737	0.28737	0.28737	0.28737	0.28737	0.28737	0.28737	0.28737	0.28737	0.28737	0.28737	0.28737	0.28737	0.28737	0.28737	0.28737	0.28737	0.28737	0.28737	0.287042	0.00766593	0	0	0	0	0	0	0	0	0	0	0	0	0	0	0
0	0	0	0	0	0	0	0	0	0	0	0	0	0	0	0	0	0.0996032	0.215621	0.280956	0.28737	0.28737	0.28737	0.28737	0.28737	0.28737	0.28737	0.28737	0.28737	0.28737	0.28737	0.28737	0.28737	0.28737	0.28737	0.28737	0.28737	0.28737	0.28737	0.28737	0.28737	0.28737	0.28737	0.28737	0.28737	0.28737	0.28737	0.28737	0.107361	0	0	0	0	0	0	0	0	0	0	0	0	0	0	0
0	0	0	0	0	0	0	0	0	0	0	0	0	0	0.0133242	0.149264	0.245339	0.28717	0.28737	0.28737	0.28737	0.28737	0.28737	0.28737	0.28737	0.28737	0.28737	0.28737	0.28737	0.28737	0.28737	0.28737	0.28737	0.28737	0.28737	0.28737	0.28737	0.28737	0.28737	0.28737	0.28737	0.28737	0.28737	0.28737	0.28737	0.28737	0.28737	0.28737	0.28704	0.00586813	0	0	0	0	0	0	0	0	0	0	0	0	0	0
0	0	0	0	0	0	0	0	0	0	0	0	0.0567447	0.188492	0.269206	0.28737	0.28737	0.28737	0.28737	0.28737	0.28737	0.28737	0.28737	0.28737	0.28737	0.28737	0.28737	0.28737	0.28737	0.28737	0.28737	0.28737	0.28737	0.28737	0.28737	0.28737	0.28737	0.28737	0.28737	0.28737	0.28737	0.28737	0.28737	0.28737	0.28737	0.28737	0.28737	0.28737	0.28737	0.036793	0	0	0	0	0	0	0	0	0	0	0	0	0	0
0	0	0	0	0	0	0	0	0	0	0.109935	0.221571	0.282821	0.28737	0.28737	0.28737	0.28737	0.28737	0.28737	0.28737	0.28737	0.28737	0.28737	0.28737	0.28737	0.28737	0.28737	0.28737	0.28737	0.28737	0.28737	0.28737	0.28737	0.28737	0.28737	0.28737	0.28737	0.28737	0.28737	0.28737	0.28737	0.28737	0.28737	0.28737	0.28737	0.28737	0.28737	0.28737	0.28737	0.28677	0	0	0	0	0	0	0	0	0	0	0	0	0	0
0	0	0	0	0	0	0	0.0199709	0.157377	0.250608	0.28737	0.28737	0.28737	0.28737	0.28737	0.28737	0.28737	0.28737	0.28737	0.28737	0.28737	0.28737	0.28737	0.28737	0.28737	0.28737	0.28737	0.28737	0.28737	0.28737	0.28737	0.28737	0.28737	0.28737	0.28737	0.28737	0.28737	0.28737	0.28737	0.28737	0.28737	0.28737	0.28737	0.28737	0.28737	0.28737	0.28737	0.28737	0.28737	0.287192	0.00927648	0	0	0	0	0	0	0	0	0	0	0	0	0
0	0	0	0	0	0.0665299	0.195158	0.272531	0.28737	0.28737	0.28737	0.28737	0.28737	0.28737	0.28737	0.28737	0.28737	0.28737	0.28737	0.28737	0.28737	0.28737	0.28737	0.28737	0.28737	0.28737	0.28737	0.28737	0.28737	0.28737	0.28737	0.28737	0.28737	0.28737	0.28737	0.28737	0.28737	0.28737	0.28737	0.28737	0.28737	0.28737	0.28737	0.28737	0.28737	0.28737	0.28737	0.28737	0.28737	0.28737	0.286688	0	0	0	0	0	0	0	0	0	0	0	0	0
0	0	0.000617542	0.120013	0.227328	0.284352	0.28737	0.28737	0.28737	0.28737	0.28737	0.28737	0.28737	0.28737	0.28737	0.28737	0.28737	0.28737	0.28737	0.28737	0.28737	0.28737	0.28737	0.28737	0.28737	0.28737	0.28737	0.28737	0.28737	0.28737	0.28737	0.28737	0.28737	0.28737	0.28737	0.28737	0.28737	0.28737	0.28737	0.28737	0.28737	0.28737	0.28737	0.28737	0.28737	0.28737	0.28737	0.28737	0.28737	0.28737	0.28704	0.00729621	0	0	0	0	0	0	0	0	0	0	0	0
0	0	0.023866	0.28737	0.28737	0.28737	0.28737	0.28737	0.28737	0.28737	0.28737	0.28737	0.28737	0.28737	0.28737	0.28737	0.28737	0.28737	0.28737	0.28737	0.28737	0.28737	0.28737	0.28737	0.28737	0.28737	0.28737	0.28737	0.28737	0.28737	0.28737	0.28737	0.28737	0.28737	0.28737	0.28737	0.28737	0.28737	0.28737	0.28737	0.28737	0.28737	0.28737	0.28737	0.28737	0.28737	0.28737	0.28737	0.28737	0.28737	0.28737	0.0814464	0	0	0	0	0	0	0	0	0	0	0	0
0	0	0	0.251991	0.28737	0.28737	0.28737	0.28737	0.28737	0.28737	0.28737	0.28737	0.28737	0.28737	0.28737	0.28737	0.28737	0.28737	0.28737	0.28737	0.28737	0.28737	0.28737	0.28737	0.28737	0.28737	0.28737	0.28737	0.28737	0.28737	0.28737	0.28737	0.28737	0.28737	0.28737	0.28737	0.28737	0.28737	0.28737	0.28737	0.28737	0.28737	0.28737	0.28737	0.28737	0.28737	0.28737	0.28737	0.28737	0.28737	0.28737	0.287101	0.0102663	0	0	0	0	0	0	0	0	0	0	0
0	0	0	0.159451	0.28737	0.28737	0.28737	0.28737	0.28737	0.28737	0.28737	0.28737	0.28737	0.28737	0.28737	0.28737	0.28737	0.28737	0.28737	0.28737	0.28737	0.28737	0.28737	0.28737	0.28737	0.28737	0.28737	0.28737	0.28737	0.28737	0.28737	0.28737	0.28737	0.28737	0.28737	0.28737	0.28737	0.28737	0.28737	0.28737	0.28737	0.28737	0.28737	0.28737	0.28737	0.28737	0.28737	0.28737	0.28737	0.28737	0.28737	0.28737	0.28708	0.0123086	0	0	0	0	0	0	0	0	0	0
0	0	0	0.0218995	0.273367	0.28737	0.28737	0.28737	0.28737	0.28737	0.28737	0.28737	0.28737	0.28737	0.28737	0.28737	0.28737	0.28737	0.28737	0.28737	0.28737	0.28737	0.28737	0.28737	0.28737	0.28737	0.28737	0.28737	0.28737	0.28737	0.28737	0.28737	0.28737	0.28737	0.28737	0.28737	0.28737	0.28737	0.28737	0.28737	0.28737	0.28737	0.28737	0.28737	0.28737	0.28737	0.28737	0.28737	0.28737	0.28737	0.28737	0.28737	0.28737	0.28707	0.0121104	0	0	0	0	0	0	0	0	0
0	0	0	0	0.196911	0.28737	0.28737	0.28737	0.28737	0.28737	0.28737	0.28737	0.28737	0.28737	0.28737	0.28737	0.28737	0.28737	0.28737	0.28737	0.28737	0.28737	0.28737	0.28737	0.28737	0.28737	0.28737	0.28737	0.28737	0.28737	0.28737	0.28737	0.28737	0.28737	0.28737	0.28737	0.28737	0.28737	0.28737	0.28737	0.28737	0.28737	0.28737	0.28737	0.28737	0.28737	0.28737	0.28737	0.28737	0.28737	0.28737	0.28737	0.28737	0.28737	0.287086	0.00955766	0	0	0	0	0	0	0	0
0	0	0	0	0.0691662	0.284707	0.28737	0.28737	0.28737	0.28737	0.28737	0.28737	0.28737	0.28737	0.28737	0.28737	0.28737	0.28737	0.28737	0.28737	0.28737	0.28737	0.28737	0.28737	0.28737	0.28737	0.28737	0.28737	0.28737	0.28737	0.28737	0.28737	0.28737	0.28737	0.28737	0.28737	0.28737	0.28737	0.28737	0.28737	0.28737	0.28737	0.28737	0.28737	0.28737	0.28737	0.28737	0.28737	0.28737	0.28737	0.28737	0.28737	0.28737	0.28737	0.28737	0.28709	0.000347637	0	0	0	0	0	0	0
0	0	0	0	0	0.228855	0.28737	0.28737	0.28737	0.28737	0.28737	0.28737	0.28737	0.28737	0.28737	0.28737	0.28737	0.28737	0.28737	0.28737	0.28737	0.28737	0.28737	0.28737	0.28737	0.28737	0.28737	0.28737	0.28737	0.28737	0.28737	0.28737	0.28737	0.28737	0.28737	0.28737	0.28737	0.28737	0.28737	0.28737	0.28737	0.28737	0.28737	0.28737	0.28737	0.28737	0.28737	0.28737	0.28737	0.28737	0.28737	0.28737	0.28737	0.28737	0.28737	0.28737	0.15333	0	0	0	0	0	0	0
0	0	0	0	0	0.122615	0.28737	0.28737	0.28737	0.28737	0.28737	0.28737	0.28737	0.28737	0.28737	0.28737	0.28737	0.28737	0.28737	0.28737	0.28737	0.28737	0.28737	0.28737	0.28737	0.28737	0.28737	0.28737	0.28737	0.28737	0.28737	0.28737	0.28737	0.28737	0.28737	0.28737	0.28737	0.28737	0.28737	0.28737	0.28737	0.28737	0.28737	0.28737	0.28737	0.28737	0.28737	0.28737	0.28737	0.28737	0.28737	0.28737	0.28737	0.28737	0.28737	0.28737	0.248267	0	0	0	0	0	0	0
0	0	0	0	0	0.00105417	0.256906	0.28737	0.28737	0.28737	0.28737	0.28737	0.28737	0.28737	0.28737	0.28737	0.28737	0.28737	0.28737	0.28737	0.28737	0.28737	0.28737	0.28737	0.28737	0.28737	0.28737	0.28737	0.28737	0.28737	0.28737	0.28737	0.28737	0.28737	0.28737	0.28737	0.28737	0.28737	0.28737	0.28737	0.28737	0.28737	0.28737	0.28737	0.28737	0.28737	0.28737	0.28737	0.28737	0.28737	0.28737	0.28737	0.28737	0.28737	0.28737	0.28737	0.286952	0.0673024	0	0	0	0	0	0
0	0	0	0	0	0	0.167116	0.28737	0.28737	0.28737	0.28737	0.28737	0.28737	0.28737	0.28737	0.28737	0.28737	0.28737	0.28737	0.28737	0.28737	0.28737	0.28737	0.28737	0.28737	0.28737	0.28737	0.28737	0.28737	0.28737	0.28737	0.28737	0.28737	0.28737	0.28737	0.28737	0.28737	0.28737	0.28737	0.28737	0.28737	0.28737	0.28737	0.28737	0.28737	0.28737	0.28737	0.28737	0.28737	0.28737	0.28737	0.28737	0.28737	0.28737	0.28737	0.28737	0.28737	0.152849	0	0	0	0	0	0
0	0	0	0	0	0	0.0297042	0.276233	0.28737	0.28737	0.28737	0.28737	0.28737	0.28737	0.28737	0.28737	0.28737	0.28737	0.28737	0.28737	0.28737	0.28737	0.28737	0.28737	0.28737	0.28737	0.28737	0.28737	0.28737	0.28737	0.28737	0.28737	0.28737	0.28737	0.28737	0.28737	0.28737	0.28737	0.28737	0.28737	0.28737	0.28737	0.28737	0.28737	0.28737	0.28737	0.28737	0.28737	0.28737	0.28737	0.28737	0.28737	0.28737	0.28737	0.28737	0.28737	0.28737	0.193194	0	0	0	0	0	0
0	0	0	0	0	0	0	0.203303	0.28737	0.28737	0.28737	0.28737	0.28737	0.28737	0.28737	0.28737	0.28737	0.28737	0.28737	0.28737	0.28737	0.28737	0.28737	0.28737	0.28737	0.28737	0.28737	0.28737	0.28737	0.28737	0.28737	0.28737	0.28737	0.28737	0.28737	0.28737	0.28737	0.28737	0.28737	0.28737	0.28737	0.28737	0.28737	0.28737	0.28737	0.28737	0.28737	0.28737	0.28737	0.28737	0.28737	0.28737	0.28737	0.28737	0.28737	0.28737	0.28737	0.206432	0	0	0	0	0	0
0	0	0	0	0	0	0	0.0791871	0.285843	0.28737	0.28737	0.28737	0.28737	0.28737	0.28737	0.28737	0.28737	0.28737	0.28737	0.28737	0.28737	0.28737	0.28737	0.28737	0.28737	0.28737	0.28737	0.28737	0.28737	0.28737	0.28737	0.28737	0.28737	0.28737	0.28737	0.28737	0.28737	0.28737	0.28737	0.28737	0.28737	0.28737	0.28737	0.28737	0.28737	0.28737	0.28737	0.28737	0.28737	0.28737	0.28737	0.28737	0.28737	0.28737	0.28737	0.28737	0.28737	0.214777	0	0	0	0	0	0
0	0	0	0	0	0	0	0	0.23447	0.28737	0.28737	0.28737	0.28737	0.28737	0.28737	0.28737	0.28737	0.28737	0.28737	0.28737	0.28737	0.28737	0.28737	0.28737	0.28737	0.28737	0.28737	0.28737	0.28737	0.28737	0.28737	0.28737	0.28737	0.28737	0.28737	0.28737	0.28737	0.28737	0.28737	0.28737	0.28737	0.28737	0.28737	0.28737	0.28737	0.28737	0.28737	0.28737	0.28737	0.28737	0.28737	0.28737	0.28737	0.28737	0.28737	0.28737	0.28737	0.193194	0	0	0	0	0	0
0	0	0	0	0	0	0	0	0.131975	0.28737	0.28737	0.28737	0.28737	0.28737	0.28737	0.28737	0.28737	0.28737	0.28737	0.28737	0.28737	0.28737	0.28737	0.28737	0.28737	0.28737	0.28737	0.28737	0.28737	0.28737	0.28737	0.28737	0.28737	0.28737	0.28737	0.28737	0.28737	0.28737	0.28737	0.28737	0.28737	0.28737	0.28737	0.28737	0.28737	0.28737	0.28737	0.28737	0.28737	0.28737	0.28737	0.28737	0.28737	0.28737	0.28737	0.28737	0.28737	0.19854	0	0	0	0	0	0
0	0	0	0	0	0	0	0	0.00371415	0.261415	0.28737	0.28737	0.28737	0.28737	0.28737	0.28737	0.28737	0.28737	0.28737	0.28737	0.28737	0.28737	0.28737	0.28737	0.28737	0.28737	0.28737	0.28737	0.28737	0.28737	0.28737	0.28737	0.28737	0.28737	0.28737	0.28737	0.28737	0.28737	0.28737	0.28737	0.28737	0.28737	0.28737	0.28737	0.28737	0.28737	0.28737	0.28737	0.28737	0.28737	0.28737	0.28737	0.28737	0.28737	0.28737	0.28737	0.28737	0.256906	0.00105417	0	0	0	0	0
0	0	0	0	0	0	0	0	0	0.174493	0.28737	0.28737	0.28737	0.28737	0.28737	0.28737	0.28737	0.28737	0.28737	0.28737	0.28737	0.28737	0.28737	0.28737	0.28737	0.28737	0.28737	0.28737	0.28737	0.28737	0.28737	0.28737	0.28737	0.28737	0.28737	0.28737	0.28737	0.28737	0.28737	0.28737	0.28737	0.28737	0.28737	0.28737	0.28737	0.28737	0.28737	0.28737	0.28737	0.28737	0.28737	0.28737	0.28737	0.28737	0.28737	0.28737	0.28737	0.28737	0.122615	0	0	0	0	0
0	0	0	0	0	0	0	0	0	0.0382008	0.278768	0.28737	0.28737	0.28737	0.28737	0.28737	0.28737	0.28737	0.28737	0.28737	0.28737	0.28737	0.28737	0.28737	0.28737	0.28737	0.28737	0.28737	0.28737	0.28737	0.28737	0.28737	0.28737	0.28737	0.28737	0.28737	0.28737	0.28737	0.28737	0.28737	0.28737	0.28737	0.28737	0.28737	0.28737	0.28737	0.28737	0.28737	0.28737	0.28737	0.28737	0.28737	0.28737	0.28737	0.28737	0.28737	0.28737	0.28737	0.228855	0	0	0	0	0
0	0	0	0	0	0	0	0	0	0	0.20957	0.28737	0.28737	0.28737	0.28737	0.28737	0.28737	0.28737	0.28737	0.28737	0.28737	0.28737	0.28737	0.28737	0.28737	0.28737	0.28737	0.28737	0.28737	0.28737	0.28737	0.28737	0.28737	0.28737	0.28737	0.28737	0.28737	0.28737	0.28737	0.28737	0.28737	0.28737	0.28737	0.28737	0.28737	0.28737	0.28737	0.28737	0.28737	0.28737	0.28737	0.28737	0.28737	0.28737	0.28737	0.28737	0.28737	0.28737	0.284707	0.0691662	0	0	0	0
0	0	0	0	0	0	0	0	0	0	0.0893836	0.286661	0.28737	0.28737	0.28737	0.28737	0.28737	0.28737	0.28737	0.28737	0.28737	0.28737	0.28737	0.28737	0.28737	0.28737	0.28737	0.28737	0.28737	0.28737	0.28737	0.28737	0.28737	0.28737	0.28737	0.28737	0.28737	0.28737	0.28737	0.28737	0.28737	0.28737	0.28737	0.28737	0.28737	0.28737	0.28737	0.28737	0.28737	0.28737	0.28737	0.28737	0.28737	0.28737	0.28737	0.28737	0.28737	0.28737	0.28737	0.196911	0	0	0	0
0	0	0	0	0	0	0	0	0	0	0	0.239962	0.28737	0.28737	0.28737	0.28737	0.28737	0.28737	0.28737	0.28737	0.28737	0.28737	0.28737	0.28737	0.28737	0.28737	0.28737	0.28737	0.28737	0.28737	0.28737	0.28737	0.28737	0.28737	0.28737	0.28737	0.28737	0.28737	0.28737	0.28737	0.28737	0.28737	0.28737	0.28737	0.28737	0.28737	0.28737	0.28737	0.28737	0.28737	0.28737	0.28737	0.28737	0.28737	0.28737	0.28737	0.28737	0.28737	0.28737	0.273367	0.0218995	0	0	0
0	0	0	0	0	0	0	0	0	0	0	0.140849	0.28737	0.28737	0.28737	0.28737	0.28737	0.28737	0.28737	0.28737	0.28737	0.28737	0.28737	0.28737	0.28737	0.28737	0.28737	0.28737	0.28737	0.28737	0.28737	0.28737	0.28737	0.28737	0.28737	0.28737	0.28737	0.28737	0.28737	0.28737	0.28737	0.28737	0.28737	0.28737	0.28737	0.28737	0.28737	0.28737	0.28737	0.28737	0.28737	0.28737	0.28737	0.28737	0.28737	0.28737	0.28737	0.28737	0.28737	0.28737	0.159451	0	0	0
0	0	0	0	0	0	0	0	0	0	0	0.00785023	0.265492	0.28737	0.28737	0.28737	0.28737	0.28737	0.28737	0.28737	0.28737	0.28737	0.28737	0.28737	0.28737	0.28737	0.28737	0.28737	0.28737	0.28737	0.28737	0.28737	0.28737	0.28737	0.28737	0.28737	0.28737	0.28737	0.28737	0.28737	0.28737	0.28737	0.28737	0.28737	0.28737	0.28737	0.28737	0.28737	0.28737	0.28737	0.28737	0.28737	0.28737	0.28737	0.28737	0.28737	0.28737	0.28737	0.28737	0.28737	0.251991	0	0	0
0	0	0	0	0	0	0	0	0	0	0	0	0.18161	0.28737	0.28737	0.28737	0.28737	0.28737	0.28737	0.28737	0.28737	0.28737	0.28737	0.28737	0.28737	0.28737	0.28737	0.28737	0.28737	0.28737	0.28737	0.28737	0.28737	0.28737	0.28737	0.28737	0.28737	0.28737	0.28737	0.28737	0.28737	0.28737	0.28737	0.28737	0.28737	0.28737	0.28737	0.28737	0.28737	0.28737	0.28737	0.28737	0.28737	0.28737	0.28737	0.28737	0.28737	0.28737	0.28737	0.28737	0.28737	0.023866	0	0
0	0	0	0	0	0	0	0	0	0	0	0	0.0472855	0.280956	0.28737	0.28737	0.28737	0.28737	0.28737	0.28737	0.28737	0.28737	0.28737	0.28737	0.28737	0.28737	0.28737	0.28737	0.28737	0.28737	0.28737	0.28737	0.28737	0.28737	0.28737	0.28737	0.28737	0.28737	0.28737	0.28737	0.28737	0.28737	0.28737	0.28737	0.28737	0.28737	0.28737	0.28737	0.28737	0.28737	0.28737	0.28737	0.28737	0.28737	0.28737	0.28737	0.28737	0.28737	0.284352	0.227328	0.120013	0.000617542	0	0
0	0	0	0	0	0	0	0	0	0	0	0	0	0.215621	0.28737	0.28737	0.28737	0.28737	0.28737	0.28737	0.28737	0.28737	0.28737	0.28737	0.28737	0.28737	0.28737	0.28737	0.28737	0.28737	0.28737	0.28737	0.28737	0.28737	0.28737	0.28737	0.28737	0.28737	0.28737	0.28737	0.28737	0.28737	0.28737	0.28737	0.28737	0.28737	0.28737	0.28737	0.28737	0.28737	0.28737	0.28737	0.28737	0.28737	0.28737	0.28737	0.272531	0.195158	0.0665299	0	0	0	0	0
0	0	0	0	0	0	0	0	0	0	0	0	0	0.0996032	0.28717	0.28737	0.28737	0.28737	0.28737	0.28737	0.28737	0.28737	0.28737	0.28737	0.28737	0.28737	0.28737	0.28737	0.28737	0.28737	0.28737	0.28737	0.28737	0.28737	0.28737	0.28737	0.28737	0.28737	0.28737	0.28737	0.28737	0.28737	0.28737	0.28737	0.28737	0.28737	0.28737	0.28737	0.28737	0.28737	0.28737	0.28737	0.28737	0.28737	0.250608	0.157377	0.0199709	0	0	0	0	0	0	0
0	0	0	0	0	0	0	0	0	0	0	0	0	0	0.245339	0.28737	0.28737	0.28737	0.28737	0.28737	0.28737	0.28737	0.28737	0.28737	0.28737	0.28737	0.28737	0.28737	0.28737	0.28737	0.28737	0.28737	0.28737	0.28737	0.28737	0.28737	0.28737	0.28737	0.28737	0.28737	0.28737	0.28737	0.28737	0.28737	0.28737	0.28737	0.28737	0.28737	0.28737	0.28737	0.28737	0.282821	0.221571	0.109935	0	0	0	0	0	0	0	0	0	0
0	0	0	0	0	0	0	0	0	0	0	0	0	0	0.149264	0.28737	0.28737	0.28737	0.28737	0.28737	0.28737	0.28737	0.28737	0.28737	0.28737	0.28737	0.28737	0.28737	0.28737	0.28737	0.28737	0.28737	0.28737	0.28737	0.28737	0.28737	0.28737	0.28737	0.28737	0.28737	0.28737	0.28737	0.28737	0.28737	0.28737	0.28737	0.28737	0.28737	0.28737	0.269206	0.188492	0.0567447	0	0	0	0	0	0	0	0	0	0	0	0
0	0	0	0	0	0	0	0	0	0	0	0	0	0	0.0133242	0.269206	0.28737	0.28737	0.28737	0.28737	0.28737	0.28737	0.28737	0.28737	0.28737	0.28737	0.28737	0.28737	0.28737	0.28737	0.28737	0.28737	0.28737	0.28737	0.28737	0.28737	0.28737	0.28737	0.28737	0.28737	0.28737	0.28737	0.28737	0.28737	0.28737	0.28737	0.28717	0.245339	0.149264	0.0133242	0	0	0	0	0	0	0	0	0	0	0	0	0	0
0	0	0	0	0	0	0	0	0	0	0	0	0	0	0	0.188492	0.28737	0.28737	0.28737	0.28737	0.28737	0.28737	0.28737	0.28737	0.28737	0.28737	0.28737	0.28737	0.28737	0.28737	0.28737	0.28737	0.28737	0.28737	0.28737	0.28737	0.28737	0.28737	0.28737	0.28737	0.28737	0.28737	0.28737	0.28737	0.280956	0.215621	0.0996032	0	0	0	0	0	0	0	0	0	0	0	0	0	0	0	0	0
0	0	0	0	0	0	0	0	0	0	0	0	0	0	0	0.0567447	0.282821	0.28737	0.28737	0.28737	0.28737	0.28737	0.28737	0.28737	0.28737	0.28737	0.28737	0.28737	0.28737	0.28737	0.28737	0.28737	0.28737	0.28737	0.28737	0.28737	0.28737	0.28737	0.28737	0.28737	0.28737	0.28737	0.265492	0.18161	0.0472855	0	0	0	0	0	0	0	0	0	0	0	0	0	0	0	0	0	0	0
0	0	0	0	0	0	0	0	0	0	0	0	0	0	0	0	0.221571	0.28737	0.28737	0.28737	0.28737	0.28737	0.28737	0.28737	0.28737	0.28737	0.28737	0.28737	0.28737	0.28737	0.28737	0.28737	0.28737	0.28737	0.28737	0.28737	0.28737	0.28737	0.28737	0.286661	0.239962	0.140849	0.00785023	0	0	0	0	0	0	0	0	0	0	0	0	0	0	0	0	0	0	0	0	0
0	0	0	0	0	0	0	0	0	0	0	0	0	0	0	0	0.109935	0.28737	0.28737	0.28737	0.28737	0.28737	0.28737	0.28737	0.28737	0.28737	0.28737	0.28737	0.28737	0.28737	0.28737	0.28737	0.28737	0.28737	0.28737	0.28737	0.28737	0.278768	0.20957	0.0893836	0	0	0	0	0	0	0	0	0	0	0	0	0	0	0	0	0	0	0	0	0	0	0	0
0	0	0	0	0	0	0	0	0	0	0	0	0	0	0	0	0	0.250608	0.28737	0.28737	0.28737	0.28737	0.28737	0.28737	0.28737	0.28737	0.28737	0.28737	0.28737	0.28737	0.28737	0.28737	0.28737	0.28737	0.28737	0.261415	0.174493	0.0382008	0	0	0	0	0	0	0	0	0	0	0	0	0	0	0	0	0	0	0	0	0	0	0	0	0	0
0	0	0	0	0	0	0	0	0	0	0	0	0	0	0	0	0	0.157377	0.28737	0.28737	0.28737	0.28737	0.28737	0.28737	0.28737	0.28737	0.28737	0.28737	0.28737	0.28737	0.28737	0.28737	0.285843	0.23447	0.131975	0.00371415	0	0	0	0	0	0	0	0	0	0	0	0	0	0	0	0	0	0	0	0	0	0	0	0	0	0	0	0
0	0	0	0	0	0	0	0	0	0	0	0	0	0	0	0	0	0.0199709	0.272531	0.28737	0.28737	0.28737	0.28737	0.28737	0.28737	0.28737	0.28737	0.28737	0.28737	0.28737	0.276233	0.203303	0.0791871	0	0	0	0	0	0	0	0	0	0	0	0	0	0	0	0	0	0	0	0	0	0	0	0	0	0	0	0	0	0	0
0	0	0	0	0	0	0	0	0	0	0	0	0	0	0	0	0	0	0.195158	0.28737	0.28737	0.28737	0.28737	0.28737	0.28737	0.28737	0.28737	0.28737	0.256906	0.167116	0.0297042	0	0	0	0	0	0	0	0	0	0	0	0	0	0	0	0	0	0	0	0	0	0	0	0	0	0	0	0	0	0	0	0	0
0	0	0	0	0	0	0	0	0	0	0	0	0	0	0	0	0	0	0.0665299	0.284352	0.28737	0.28737	0.28737	0.28737	0.28737	0.284707	0.228855	0.122615	0.00105417	0	0	0	0	0	0	0	0	0	0	0	0	0	0	0	0	0	0	0	0	0	0	0	0	0	0	0	0	0	0	0	0	0	0	0
0	0	0	0	0	0	0	0	0	0	0	0	0	0	0	0	0	0	0	0.227328	0.28737	0.28737	0.28737	0.273367	0.196911	0.0691662	0	0	0	0	0	0	0	0	0	0	0	0	0	0	0	0	0	0	0	0	0	0	0	0	0	0	0	0	0	0	0	0	0	0	0	0	0	0
0	0	0	0	0	0	0	0	0	0	0	0	0	0	0	0	0	0	0	0.120013	0.28737	0.251991	0.159451	0.0218995	0	0	0	0	0	0	0	0	0	0	0	0	0	0	0	0	0	0	0	0	0	0	0	0	0	0	0	0	0	0	0	0	0	0	0	0	0	0	0	0
0	0	0	0	0	0	0	0	0	0	0	0	0	0	0	0	0	0	0	0.000617542	0.023866	0	0	0	0	0	0	0	0	0	0	0	0	0	0	0	0	0	0	0	0	0	0	0	0	0	0	0	0	0	0	0	0	0	0	0	0	0	0	0	0	0	0	0
0	0	0	0	0	0	0	0	0	0	0	0	0	0	0	0	0	0	0	0	0	0	0	0	0	0	0	0	0	0	0	0	0	0	0	0	0	0	0	0	0	0	0	0	0	0	0	0	0	0	0	0	0	0	0	0	0	0	0	0	0	0	0	0
0	0	0	0	0	0	0	0	0	0	0	0	0	0	0	0	0	0	0	0	0	0	0	0	0	0	0	0	0	0	0	0	0	0	0	0	0	0	0	0	0	0	0	0	0	0	0	0	0	0	0	0	0	0	0	0	0	0	0	0	0	0	0	0
