1	1	1	1	1	1	1	1	1	1	1	1	1	1	1	1	1	1	1	1	1	1	1	1	1	1	1	1	1	1	1	1	1	1	1	1	1	1	1	1	1	1	1	1	1	1	1	1	1	1	1	1	1	1	1	1	1	1	1	1	1	1	1	1
1	1	1	1	1	1	1	1	1	1	1	1	1	1	1	1	1	1	1	1	1	1	1	1	1	1	1	1	1	1	1	1	1	1	1	1	1	1	1	1	1	1	1	1	1	1	1	1	1	1	1	1	1	1	1	1	1	1	1	1	1	1	1	1
1	1	1	1	1	1	1	1	1	1	1	1	1	1	1	1	1	1	1	1	1	1	1	1	1	1	1	1	1	1	1	1	1	1	1	1	1	1	1	1	1	1	1	1	1	1	1	1	1	1	1	1	1	1	1	1	1	1	1	1	1	1	1	1
1	1	1	1	1	1	1	1	1	1	1	1	1	1	1	1	1	1	1	1	1	1	1	1	1	1	1	1	1	1	1	1	1	1	1	1	1	1	1	1	1	1	1	1	1	1	1	1	1	1	1	1	1	1	1	1	1	1	1	1	1	1	1	1
1	1	1	1	1	1	1	1	1	1	1	1	1	1	1	1	1	1	1	1	1	1	1	1	1	1	1	1	1	1	1	1	1	1	1	1	1	1	1	1	1	1	1	1	1	1	1	1	1	1	1	1	1	1	1	1	1	1	1	1	1	1	1	1
1	1	1	1	1	1	1	1	1	1	1	1	1	1	1	1	1	1	1	1	1	1	1	1	1	1	1	1	1	1	1	1	1	1	1	1	1	1	1	1	1	1	1	1	1	1	1	1	1	1	1	1	1	1	1	1	1	1	1	1	1	1	1	1
1	1	1	1	1	1	1.11855	1.0178	1	1	1	1	1	1	1	1	1	1	1	1	1	1	1	1	1	1	1	1	1	1	1	1	1	1	1	1	1	1	1	1	1.00326	1.49711	2.01011	2.27647	2.36475	2.35791	2.19157	1.84434	1.2306	1	1	1	1	1	1	1	1.20956	1.23066	1	1	1	1	1	1
1	1	1	1	1	1	2.77327	2.84157	1.1203	1	1	1	1	1	1	1	1	1	1	1	1	1	1	1	1	1	1	1	1	1	1	1	1	1	1	1	1	1	1.15301	2.12038	2.7849	2.99947	2.99947	2.99947	2.99947	2.99947	2.99947	2.99947	2.97562	2.55785	1.72274	1	1	1	1.04477	2.04944	2.88246	2.08182	1	1	1	1	1	1
1	1	1	1	1	1	2.77327	3.486	3.04125	1.29357	1	1	1	1	1	1	1	1	1	1	1	1	1	1	1	1	1	1	1	1	1	1	1	1	1	1	1	1.84238	2.85262	2.99947	2.99947	2.99947	2.99947	2.99947	2.99947	2.99947	2.99947	2.99947	2.99947	2.99947	2.99947	2.55288	1.34474	1.75014	2.7454	3	3	1.73205	1	1	1	1	1	1
1	1	1	1	1	1	2.77327	3.486	3.486	3.19763	1.5135	1	1	1	1	1	1	1	1	1	1	1	1	1	1	1	1	1	1	1	1	1	1	1	1	1.01839	2.27303	2.99718	2.99947	2.99947	2.99947	2.99947	2.99947	2.99947	2.99947	2.99947	2.99947	2.99947	2.99947	2.99947	2.99947	2.99947	2.99051	3	3	3	3	1.29112	1	1	1	1	1	1
1	1	1	1	1	1	2.77327	3.486	3.486	3.486	3.31682	1.7627	1	1	1	1	1	1	1	1	1	1	1	1	1	1	1	1	1	1	1	1	1	1	1.0019	2.34776	2.99947	2.99947	2.99947	2.99947	2.99947	2.99947	2.99947	2.99947	2.99947	2.99947	2.99947	2.99947	2.99947	2.99947	2.99947	2.99947	2.99947	2.99839	2.9954	3	2.88679	1	1	1	1	1	1	1
1	1	1	1	1	1	2.77327	3.486	3.486	3.486	3.486	3.40275	2.03043	1	1	1	1	1	1	1	1	1	1	1	1	1	1	1	1	1	1	1	1	1	2.05816	2.99947	2.99947	2.99947	2.99947	2.99947	2.99947	2.99947	2.99947	2.99947	2.99947	2.99947	2.99947	2.99947	2.99947	2.99947	2.99947	2.99947	2.99947	2.99947	2.99748	2.99755	2.64575	1	1	1	1	1	1	1
1	1	1	1	1	1	2.77327	3.486	3.486	3.486	3.486	3.486	3.4579	2.31026	1	1	1	1	1	1	1	1	1	1	1	1	1	1	1	1	1	1	1	1.43485	2.95131	2.99947	2.99947	2.99947	2.99947	2.99947	2.99947	2.99947	2.99947	2.99947	2.99947	2.99947	2.99947	2.99947	2.99947	2.99947	2.99947	2.99947	2.99947	2.99947	2.99947	2.99409	2.38054	1	1	1	1	1	1	1
1	1	1	1	1	1	2.77327	3.486	3.486	3.486	3.486	3.486	3.486	3.48371	2.59159	1.0178	1	1	1	1	1	1	1	1	1	1	1	1	1	1	1	1	1	2.48394	2.99947	2.99947	2.99947	2.99947	2.99947	2.99947	2.99947	2.99947	2.99947	2.99947	2.99947	2.99947	2.99947	2.99947	2.99947	2.99947	2.99947	2.99947	2.99947	2.99947	2.99947	2.99947	1	1	1	1	1	1	1	1
1	1	1	1	1	1	2.77327	3.486	3.486	3.486	3.486	3.486	3.486	3.486	3.486	2.84157	1.1203	1	1	1	1	1	1	1	1	1	1	1	1	1	1	1	1.3701	2.98277	2.99947	2.99947	2.99947	2.99947	2.99947	2.99947	2.99947	2.99947	2.99947	2.99947	2.99947	2.99947	2.99947	2.99947	2.99947	2.99947	2.99947	2.99947	2.99947	2.99947	2.99947	2.99947	2.55785	1	1	1	1	1	1	1
1	1	1	1	1	1	2.77327	3.486	3.486	3.486	3.486	3.486	3.486	3.486	3.486	3.486	3.04125	1.29357	1	1	1	1	1	1	1	1	1	1	1	1	1	1	2.12843	2.99947	2.99947	2.99947	2.99947	2.99947	2.99947	2.99947	2.99947	2.99947	2.99947	2.99947	2.99947	2.99947	2.99947	2.99947	2.99947	2.99947	2.99947	2.99947	2.99947	2.99947	2.99947	2.99947	2.97562	1.2306	1	1	1	1	1	1
1	1	1	1	1	1	2.77327	3.486	3.486	3.486	3.486	3.486	3.486	3.486	3.486	3.486	3.486	3.19763	1.5135	1	1	1	1	1	1	1	1	1	1	1	1	1	2.57006	2.99947	2.99947	2.99947	2.99947	2.99947	2.99947	2.99947	2.99947	2.99947	2.99947	2.99947	2.99947	2.99947	2.99947	2.99947	2.99947	2.99947	2.99947	2.99947	2.99947	2.99947	2.99947	2.99947	2.99947	1.84434	1	1	1	1	1	1
1	1	1	1	1	1	2.77327	3.486	3.486	3.486	3.486	3.486	3.486	3.486	3.486	3.486	3.486	3.486	3.31682	1.7627	1	1	1	1	1	1	1	1	1	1	1	1	2.82981	2.99947	2.99947	2.99947	2.99947	2.99947	2.99947	2.99947	2.99947	2.99947	2.99947	2.99947	2.99947	2.99947	2.99947	2.99947	2.99947	2.99947	2.99947	2.99947	2.99947	2.99947	2.99947	2.99947	2.99947	2.19157	1	1	1	1	1	1
1	1	1	1	1	1	2.77327	3.486	3.486	3.486	3.486	3.486	3.486	3.486	3.486	3.486	3.486	3.486	3.486	3.40275	2.03043	1	1	1	1	1	1	1	1	1	1	1	2.96057	2.99947	2.99947	2.99947	2.99947	2.99947	2.99947	2.99947	2.99947	2.99947	2.99947	2.99947	2.99947	2.99947	2.99947	2.99947	2.99947	2.99947	2.99947	2.99947	2.99947	2.99947	2.99947	2.99947	2.99947	2.35791	1	1	1	1	1	1
1	1	1	1	1	1	2.77327	3.486	3.486	3.486	3.486	3.486	3.486	3.486	3.486	3.486	3.486	3.486	3.486	3.486	3.4579	2.31026	1	1	1	1	1	1	1	1	1	1	2.99735	2.99947	2.99947	2.99947	2.99947	2.99947	2.99947	2.99947	2.99947	2.99947	2.99947	2.99947	2.99947	2.99947	2.99947	2.99947	2.99947	2.99947	2.99947	2.99947	2.99947	2.99947	2.99947	2.99947	2.99947	2.40412	1	1	1	1	1	1
1	1	1	1	1	1	2.77327	3.486	3.486	3.486	3.486	3.486	3.486	3.486	3.486	3.486	3.486	3.486	3.486	3.486	3.486	3.48371	2.59159	1.0178	1	1	1	1	1	1	1	1	2.96585	2.99947	2.99947	2.99947	2.99947	2.99947	2.99947	2.99947	2.99947	2.99947	2.99947	2.99947	2.99947	2.99947	2.99947	2.99947	2.99947	2.99947	2.99947	2.99947	2.99947	2.99947	2.99947	2.99947	2.99947	2.27647	1	1	1	1	1	1
1	1	1	1	1	1	2.77327	3.486	3.486	3.486	3.486	3.486	3.486	3.486	3.486	3.486	3.486	3.486	3.486	3.486	3.486	3.486	3.486	2.84157	1.1203	1	1	1	1	1	1.45609	2.54664	2.99947	2.99947	2.99947	2.99947	2.99947	2.99947	2.99947	2.99947	2.99947	2.99947	2.99947	2.99947	2.99947	2.99947	2.99947	2.99947	2.99947	2.99947	2.99947	2.99947	2.99947	2.99947	2.99947	2.99947	2.99947	2.01011	1	1	1	1	1	1
1	1	1	1	1	1	2.77327	3.486	3.486	3.486	3.486	3.486	3.486	3.486	3.486	3.486	3.486	3.486	3.486	3.486	3.486	3.486	3.486	3.486	3.04125	1.29357	1	1	1.20956	2.31144	2.96551	3	2.99328	2.99947	2.99947	2.99947	2.99947	2.99947	2.99947	2.99947	2.99947	2.99947	2.99947	2.99947	2.99947	2.99947	2.99947	2.99947	2.99947	2.99947	2.99947	2.99947	2.99947	2.99947	2.99947	2.99947	2.99947	1.49711	1	1	1	1	1	1
1	1	1	1	1	1	2.77327	3.486	3.486	3.486	3.486	3.486	3.486	3.486	3.486	3.486	3.486	3.486	3.486	3.486	3.486	3.486	3.486	3.486	3.486	3.19763	1	2.04944	2.88246	3	3	3	2.99504	2.99947	2.99947	2.99947	2.99947	2.99947	2.99947	2.99947	2.99947	2.99947	2.99947	2.99947	2.99947	2.99947	2.99947	2.99947	2.99947	2.99947	2.99947	2.99947	2.99947	2.99947	2.99947	2.99947	2.7849	1.00326	1	1	1	1	1	1
1	1	1	1	1	1	2.77327	3.486	3.486	3.486	3.486	3.486	3.486	3.486	3.486	3.486	3.486	3.486	3.486	3.486	3.486	3.486	3.486	3.486	3.486	3.486	3.43903	3.09767	3	3	3	3	2.99986	2.99602	2.99947	2.99947	2.99947	2.99947	2.99947	2.99947	2.99947	2.99947	2.99947	2.99947	2.99947	2.99947	2.99947	2.99947	2.99947	2.99947	2.99947	2.99947	2.99947	2.99947	2.99947	2.99947	2.12038	1	1	1	1	1	1	1
1	1	1	1	1	1	2.77327	3.486	3.486	3.486	3.486	3.486	3.486	3.486	3.486	3.486	3.486	3.486	3.486	3.486	3.486	3.486	3.486	3.486	3.486	3.486	3.486	3.46267	3.14366	3	3	3	3	2.99408	2.99947	2.99947	2.99947	2.99947	2.99947	2.99947	2.99947	2.99947	2.99947	2.99947	2.99947	2.99947	2.99947	2.99947	2.99947	2.99947	2.99947	2.99947	2.99947	2.99947	2.99947	2.85262	1.15301	1	1	1	1	1	1	1
1	1	1	1	1	1	2.77327	3.486	3.486	3.486	3.486	3.486	3.486	3.486	3.486	3.486	3.486	3.486	3.486	3.486	3.486	3.486	3.486	3.486	3.486	3.486	3.486	3.486	3.47808	3.1978	3	3	3	2.99996	2.99416	2.99947	2.99947	2.99947	2.99947	2.99947	2.99947	2.99947	2.99947	2.99947	2.99947	2.99947	2.99947	2.99947	2.99947	2.99947	2.99947	2.99947	2.99947	2.99947	2.99718	1.84238	1	1	1	1	1	1	1	1
1	1	1	1	1	1	2.77327	3.486	3.486	3.486	3.486	3.486	3.486	3.486	3.486	3.486	3.486	3.486	3.486	3.486	3.486	3.486	3.486	3.486	3.486	3.486	3.486	3.486	3.486	3.48535	3.25818	3.00169	3	3	2.99813	2.99639	2.99947	2.99947	2.99947	2.99947	2.99947	2.99947	2.99947	2.99947	2.99947	2.99947	2.99947	2.99947	2.99947	2.99947	2.99947	2.99947	2.99947	2.99947	2.27303	1	1	1	1	1	1	1	1	1
1	1	1	1	1	1	2.77327	3.486	3.486	3.486	3.486	3.486	3.486	3.486	3.486	3.486	3.486	3.486	3.486	3.486	3.486	3.486	3.486	3.486	3.486	3.486	3.486	3.486	3.486	3.486	3.486	3.31657	3.01199	3	3	2.99712	2.99943	2.99947	2.99947	2.99947	2.99947	2.99947	2.99947	2.99947	2.99947	2.99947	2.99947	2.99947	2.99947	2.99947	2.99947	2.99947	2.99947	2.21197	1.01839	1	1	1	1	1	1	1	1	1
1	1	1	1	1	1	2.77327	3.486	3.486	3.486	3.486	3.486	3.486	3.486	3.486	3.486	3.486	3.486	3.486	3.486	3.486	3.486	3.486	3.486	3.486	3.486	3.486	3.486	3.486	3.486	3.486	3.486	3.36625	3.03155	3	3	3.01666	2.99945	2.99947	2.99947	2.99947	2.99947	2.99947	2.99947	2.99947	2.99947	2.99947	2.99947	2.99947	2.99947	2.99947	2.99943	3.01444	3	1	1	1	1	1	1	1	1	1	1
1	1	1	1	1	1	2.77327	3.486	3.486	3.486	3.486	3.486	3.486	3.486	3.486	3.486	3.486	3.486	3.486	3.486	3.486	3.486	3.486	3.486	3.486	3.486	3.486	3.486	3.486	3.486	3.486	3.486	3.486	3.40697	3	3	3	3.01599	3.01575	2.99944	2.99947	2.99947	2.99947	2.99947	2.99947	2.99947	2.99947	2.99947	2.99947	2.99943	2.99945	3.01851	3	3	1	1	1	1	1	1	1	1	1	1
1	1	1	1	1	1	2.77327	3.486	3.486	3.486	3.486	3.486	3.486	3.486	3.486	3.486	3.486	3.486	3.486	3.486	3.486	3.486	3.486	3.486	3.486	3.486	3.486	3.486	3.486	3.486	3.486	3.486	3.486	3.486	3.486	3	3	3	3	3.01633	3.01729	2.99946	2.99938	2.99921	2.99931	2.99918	2.99929	2.99942	3.00828	3.01837	3	3	3	1	1	1	1	1	1	1	1	1	1	1
1	1	1	1	1	1	2.77327	3.486	3.486	3.486	3.486	3.486	3.486	3.486	3.486	3.486	3.486	3.486	3.486	3.486	3.486	3.486	3.486	3.486	3.486	3.486	3.486	3.486	3.486	3.486	3.486	3.486	3.486	3.486	3.486	3.486	3	3	3	3	3	3	3	3	3	3	3	3	3	3	3	3	3	1	1	1	1	1	1	1	1	1	1	1
1	1	1	1	1	1	2.77327	3.486	3.486	3.486	3.486	3.486	3.486	3.486	3.486	3.486	3.486	3.486	3.486	3.486	3.486	3.486	3.486	3.486	3.486	3.486	3.486	3.486	3.486	3.486	3.486	3.486	3.486	3.486	3.486	3.486	3.486	3	3	3	3	3	3	3	3	3	3	3	3	3	3	3	3	1	1	1	1	1	1	1	1	1	1	1
1	1	1	1	1	1	2.77327	3.486	3.486	3.486	3.486	3.486	3.486	3.486	3.486	3.486	3.486	3.486	3.486	3.486	3.486	3.486	3.486	3.486	3.486	3.486	3.486	3.486	3.486	3.486	3.486	3.486	3.486	3.486	3.486	3.486	3.486	3.486	3.486	3	3	3	3	3	3	3	3	3	3	3	3	3	3	1	1	1	1	1	1	1	1	1	1	1
1	1	1	1	1	1	2.77327	3.486	3.486	3.486	3.486	3.486	3.486	3.486	3.486	3.486	3.486	3.486	3.486	3.486	3.486	3.486	3.486	3.486	3.486	3.486	3.486	3.486	3.486	3.486	3.486	3.486	3.486	3.486	3.486	3.486	3.486	3.486	3.486	3.486	3	3	3	3	3	3	3	3	3	3	3	3	3	1	1	1	1	1	1	1	1	1	1	1
1	1	1	1	1	1	2.77327	3.486	3.486	3.486	3.486	3.486	3.486	3.486	3.486	3.486	3.486	3.486	3.486	3.486	3.486	3.486	3.486	3.486	3.486	3.486	3.486	3.486	3.486	3.486	3.486	3.486	3.486	3.486	3.486	3.486	3.486	3.486	3.486	3.486	3.486	3	3	3	3	3	3	3	3	3	3	3	3	1	1	1	1	1	1	1	1	1	1	1
1	1	1	1	1	1	2.77327	3.486	3.486	3.486	3.486	3.486	3.486	3.486	3.486	3.486	3.486	3.486	3.486	3.486	3.486	3.486	3.486	3.486	3.486	3.486	3.486	3.486	3.486	3.486	3.486	3.486	3.486	3.486	3.486	3.486	3.486	3.486	3.486	3.486	3.486	3.486	3	3	3	3	3	3	3	3	3	3	1	1	1	1	1	1	1	1	1	1	1	1
1	1	1	1	1	1	2.77327	3.486	3.486	3.486	3.486	3.486	3.486	3.486	3.486	3.486	3.486	3.486	3.486	3.486	3.486	3.486	3.486	3.486	3.486	3.486	3.486	3.486	3.486	3.486	3.486	3.486	3.486	3.486	3.486	3.486	3.486	3.486	3.486	3.486	3.486	3.486	3.486	3	3	3	3	3	3	3	3	3	1	1	1	1	1	1	1	1	1	1	1	1
1	1	1	1	1	1	2.77327	3.486	3.486	3.486	3.486	3.486	3.486	3.486	3.486	3.486	3.486	3.486	3.486	3.486	3.486	3.486	3.486	3.486	3.486	3.486	3.486	3.486	3.486	3.486	3.486	3.486	3.486	3.486	3.486	3.486	3.486	3.486	3.486	3.486	3.486	3.486	3.486	3.486	3	3	3	3	3	3	3	3	1	1	1	1	1	1	1	1	1	1	1	1
1	1	1	1	1	1	2.77327	3.486	3.486	3.486	3.486	3.486	3.486	3.486	3.486	3.486	3.486	3.486	3.486	3.486	3.486	3.486	3.486	3.486	3.486	3.486	3.486	3.486	3.486	3.486	3.486	3.486	3.486	3.486	3.486	3.486	3.486	3.486	3.486	3.486	3.486	3.486	3.486	3.486	3.486	3	3	3	3	3	3	3	1	1	1	1	1	1	1	1	1	1	1	1
1	1	1	1	1	1	2.77327	3.486	3.486	3.486	3.486	3.486	3.486	3.486	3.486	3.486	3.486	3.486	3.486	3.486	3.486	3.486	3.486	3.486	3.486	3.486	3.486	3.486	3.486	3.486	3.486	3.486	3.486	3.486	3.486	3.486	3.486	3.486	3.486	3.486	3.486	3.486	3.486	3.486	3.486	3.486	3.486	3	3	3	3	3	1	1	1	1	1	1	1	1	1	1	1	1
1	1	1	1	1	1	2.77327	3.486	3.486	3.486	3.486	3.486	3.486	3.486	3.486	3.486	3.486	3.486	3.486	3.486	3.486	3.486	3.486	3.486	3.486	3.486	3.486	3.486	3.486	3.486	3.486	3.486	3.486	3.486	3.486	3.486	3.486	3.486	3.486	3.486	3.486	3.486	3.486	3.486	3.486	3.486	3.486	3.486	3	3	3	3	1	1	1	1	1	1	1	1	1	1	1	1
1	1	1	1	1	1	2.77327	3.486	3.486	3.486	3.486	3.486	3.486	3.486	3.486	3.486	3.486	3.486	3.486	3.486	3.486	3.486	3.486	3.486	3.486	3.486	3.486	3.486	3.486	3.486	3.486	3.486	3.486	3.486	3.486	3.486	3.486	3.486	3.486	3.486	3.486	3.486	3.486	3.486	3.486	3.486	3.486	3.486	3.486	3	3	1	1	1	1	1	1	1	1	1	1	1	1	1
1	1	1	1	1	1	2.77327	3.486	3.486	3.486	3.486	3.486	3.486	3.486	3.486	3.486	3.486	3.486	3.486	3.486	3.486	3.486	3.486	3.486	3.486	3.486	3.486	3.486	3.486	3.486	3.486	3.486	3.486	3.486	3.486	3.486	3.486	3.486	3.486	3.486	3.486	3.486	3.486	3.486	3.486	3.486	3.486	3.486	3.486	3.486	3	1	1	1	1	1	1	1	1	1	1	1	1	1
1	1	1	1	1	1	2.77327	3.486	3.486	3.486	3.486	3.486	3.486	3.486	3.486	3.486	3.486	3.486	3.486	3.486	3.486	3.486	3.486	3.486	3.486	3.486	3.486	3.486	3.486	3.486	3.486	3.486	3.486	3.486	3.486	3.486	3.486	3.486	3.486	3.486	3.486	3.486	3.486	3.486	3.486	3.486	3.486	3.486	3.486	3.486	3.486	1	1	1	1	1	1	1	1	1	1	1	1	1
1	1	1	1	1	1	2.77327	3.486	3.486	3.486	3.486	3.486	3.486	3.486	3.486	3.486	3.486	3.486	3.486	3.486	3.486	3.486	3.486	3.486	3.486	3.486	3.486	3.486	3.486	3.486	3.486	3.486	3.486	3.486	3.486	3.486	3.486	3.486	3.486	3.486	3.486	3.486	3.486	3.486	3.486	3.486	3.486	3.486	3.486	3.486	3.486	3.486	1	1	1	1	1	1	1	1	1	1	1	1
1	1	1	1	1	1	2.77327	3.486	3.486	3.486	3.486	3.486	3.486	3.486	3.486	3.486	3.486	3.486	3.486	3.486	3.486	3.486	3.486	3.486	3.486	3.486	3.486	3.486	3.486	3.486	3.486	3.486	3.486	3.486	3.486	3.486	3.486	3.486	3.486	3.486	3.486	3.486	3.486	3.486	3.486	3.486	3.486	3.486	3.486	3.486	3.486	3.486	3.486	1	1	1	1	1	1	1	1	1	1	1
1	1	1	1	1	1	2.77327	3.486	3.486	3.486	3.486	3.486	3.486	3.486	3.486	3.486	3.486	3.486	3.486	3.486	3.486	3.486	3.486	3.486	3.486	3.486	3.486	3.486	3.486	3.486	3.486	3.486	3.486	3.486	3.486	3.486	3.486	3.486	3.486	3.486	3.486	3.486	3.486	3.486	3.486	3.486	3.486	3.486	3.486	3.486	3.486	3.486	3.486	3.486	2.59159	1.0178	1	1	1	1	1	1	1	1
1	1	1	1	1	1	2.77327	3.486	3.486	3.486	3.486	3.486	3.486	3.486	3.486	3.486	3.486	3.486	3.486	3.486	3.486	3.486	3.486	3.486	3.486	3.486	3.486	3.486	3.486	3.486	3.486	3.486	3.486	3.486	3.486	3.486	3.486	3.486	3.486	3.486	3.486	3.486	3.486	3.486	3.486	3.486	3.486	3.486	3.486	3.486	3.486	3.486	3.486	3.486	3.486	2.84157	1.1203	1	1	1	1	1	1	1
1	1	1	1	1	1	2.77327	3.486	3.486	3.486	3.486	3.486	3.486	3.486	3.486	3.486	3.486	3.486	3.486	3.486	3.486	3.486	3.486	3.486	3.486	3.486	3.486	3.486	3.486	3.486	3.486	3.486	3.486	3.486	3.486	3.486	3.486	3.486	3.486	3.486	3.486	3.486	3.486	3.486	3.486	3.486	3.486	3.486	3.486	3.486	3.486	3.486	3.486	3.486	3.486	3.486	3.04125	1.29357	1	1	1	1	1	1
1	1	1	1	1	1	2.77327	3.486	3.486	3.486	3.486	3.486	3.486	3.486	3.486	3.486	3.486	3.486	3.486	3.486	3.486	3.486	3.486	3.486	3.486	3.486	3.486	3.486	3.486	3.486	3.486	3.486	3.486	3.486	3.486	3.486	3.486	3.486	3.486	3.486	3.486	3.486	3.486	3.486	3.486	3.486	3.486	3.486	3.486	3.486	3.486	3.42144	3.21562	2.99102	2.74812	2.48156	2.18269	1.25286	1	1	1	1	1	1
1	1	1	1	1	1	2.77327	3.486	3.486	3.486	3.486	3.486	3.486	3.486	3.486	3.486	3.486	3.486	3.486	3.486	3.486	3.486	3.486	3.486	3.486	3.486	3.486	3.486	3.486	3.486	3.486	3.486	3.486	3.486	3.486	3.486	3.486	3.486	3.486	3.486	3.486	3.486	3.486	3.42144	3.21562	2.99102	2.74812	2.48156	2.18269	1.83579	1.40573	1.01386	1	1	1	1	1	1	1	1	1	1	1	1
1	1	1	1	1	1	2.77327	3.486	3.486	3.486	3.486	3.486	3.486	3.486	3.486	3.486	3.486	3.486	3.486	3.486	3.486	3.486	3.486	3.486	3.486	3.486	3.486	3.486	3.486	3.486	3.486	3.486	3.486	3.486	3.486	3.42144	3.21562	2.99102	2.74812	2.48156	2.18269	1.83579	1.40573	1.01386	1	1	1	1	1	1	1	1	1	1	1	1	1	1	1	1	1	1	1	1
1	1	1	1	1	1	2.77327	3.486	3.486	3.486	3.486	3.486	3.486	3.486	3.486	3.486	3.486	3.486	3.486	3.486	3.486	3.486	3.486	3.486	3.486	3.486	3.486	3.42144	3.21562	2.99102	2.74812	2.48156	2.18269	1.83579	1.40573	1.01386	1	1	1	1	1	1	1	1	1	1	1	1	1	1	1	1	1	1	1	1	1	1	1	1	1	1	1	1
1	1	1	1	1	1	2.77327	3.486	3.486	3.486	3.486	3.486	3.486	3.486	3.486	3.486	3.486	3.486	3.486	3.42578	3.23433	3.02649	2.80329	2.5607	2.29259	1.32	1.40573	1.01386	1	1	1	1	1	1	1	1	1	1	1	1	1	1	1	1	1	1	1	1	1	1	1	1	1	1	1	1	1	1	1	1	1	1	1	1
1	1	1	1	1	1	2.77327	3.486	3.486	3.486	3.486	3.42144	3.21562	2.99102	2.74812	1.32	2.29259	1.98865	1.62896	1.32983	1.32	1.32	1.32	1.2757	1.15124	1.01539	1	1	1	1	1	1	1	1	1	1	1	1	1	1	1	1	1	1	1	1	1	1	1	1	1	1	1	1	1	1	1	1	1	1	1	1	1	1
1	1	1	1	1	1	1.66027	2.48156	2.18269	1.83579	1.40573	1.01386	1	1	1	1.02388	1.10627	1.16353	1.19329	1.2018	1.17854	1.13275	1.05645	1.00031	1	1	1	1	1	1	1	1	1	1	1	1	1	1	1	1	1	1	1	1	1	1	1	1	1	1	1	1	1	1	1	1	1	1	1	1	1	1	1	1
1	1	1	1	1	1	1	1	1	1	1	1	1	1	1	1	1	1	1	1	1	1	1	1	1	1	1	1	1	1	1	1	1	1	1	1	1	1	1	1	1	1	1	1	1	1	1	1	1	1	1	1	1	1	1	1	1	1	1	1	1	1	1	1
1	1	1	1	1	1	1	1	1	1	1	1	1	1	1	1	1	1	1	1	1	1	1	1	1	1	1	1	1	1	1	1	1	1	1	1	1	1	1	1	1	1	1	1	1	1	1	1	1	1	1	1	1	1	1	1	1	1	1	1	1	1	1	1
1	1	1	1	1	1	1	1	1	1	1	1	1	1	1	1	1	1	1	1	1	1	1	1	1	1	1	1	1	1	1	1	1	1	1	1	1	1	1	1	1	1	1	1	1	1	1	1	1	1	1	1	1	1	1	1	1	1	1	1	1	1	1	1
1	1	1	1	1	1	1	1	1	1	1	1	1	1	1	1	1	1	1	1	1	1	1	1	1	1	1	1	1	1	1	1	1	1	1	1	1	1	1	1	1	1	1	1	1	1	1	1	1	1	1	1	1	1	1	1	1	1	1	1	1	1	1	1
1	1	1	1	1	1	1	1	1	1	1	1	1	1	1	1	1	1	1	1	1	1	1	1	1	1	1	1	1	1	1	1	1	1	1	1	1	1	1	1	1	1	1	1	1	1	1	1	1	1	1	1	1	1	1	1	1	1	1	1	1	1	1	1
1	1	1	1	1	1	1	1	1	1	1	1	1	1	1	1	1	1	1	1	1	1	1	1	1	1	1	1	1	1	1	1	1	1	1	1	1	1	1	1	1	1	1	1	1	1	1	1	1	1	1	1	1	1	1	1	1	1	1	1	1	1	1	1
