1	1	1	1	1	1	1	1	1	1	1	1	1	1	1	1	1	1	1	1	1	1	1	1	1	1	1	1	1	1	1	1	1	1	1	1	1	1	1	1	1	1	1	1	1	1	1	1	1	1	1	1	1	1	1	1	1	1	1	1	1	1	1	1
1	1	1	1	1	1	1	1	1	1	1	1	1	1	1	1	1	1	1	1	1	1	1	1	1	1	1	1	1	1	1	1	1	1	1	1	1	1	1	1	1	1	1	1	1	1	1	1	1	1	1	1	1	1	1	1	1	1	1	1	1	1	1	1
1	1	1	1	1	1	1	1	1	1	1	1	1	1	1	1	1	1	1	1	1	1	1	1	1	1	1	1	1	1	1	1	1	1	1	1	1	1	1	1	1	1	1	1	1	1	1	1	1	1	1	1	1	1	1	1	1	1	1	1	1	1	1	1
1	1	1	1	1	1	1	1	1	1	1	1	1	1	1	1	1	1	1	1	1	1.21555	1.11255	1	1	1	1	1	1	1	1	1	1	1	1	1	1	1	1	1	1	1	1	1	1	1	1	1	1	1	1	1	1	1	1	1	1	1	1	1	1	1	1	1
1	1	1	1	1	1	1	1	1	1	1	1	1	1	1	1	1	1	1	1	1.1813	2.97855	2.91913	1.60685	1	1	1	1	1	1	1	1	1	1	1	1	1	1	1	1	1	1	1	1	1	1	1	1	1	1	1	1	1	1	1	1	1	1	1	1	1	1	1	1
1	1	1	1	1	1	1	1	1	1	1	1	1	1	1	1	1	1	1	1	2.5488	3.2	3.2	3.15397	2.24932	1.02596	1	1	1	1	1	1	1	1	1	1	1	1	1	1	1	1	1	1	1	1	1	1	1	1	1	1	1	1	1	1	1	1	1	1	1	1	1	1
1	1	1	1	1	1	1	1	1	1	1	1	1	1	1	1	1	1	1	1.93588	3.19688	3.2	3.2	3.2	3.2	2.7888	1.41369	1	1	1	1	1	1	1	1	1	1	1	1	1	1	1	1	1	1	1	1	1	1	1	1	1	1	1	1	1	1	1	1	1	1	1	1	1
1	1	1	1	1	1	1	1	1	1	1	1	1	1	1	1	1	1	1.337	3.06755	3.2	3.2	3.2	3.2	3.2	3.2	3.09856	2.03243	1	1	1	1	1	1	1	1	1	1	1	1	1	1	1	1	1	1	1	1	1	1	1	1	1	1	1	1	1	1	1	1	1	1	1	1
1	1	1	1	1	1	1	1	1	1	1	1	1	1	1	1	1	1	2.45848	3.2	3.2	3.2	3.2	3.2	3.2	3.2	3.2	3.2	2.62682	1.2446	1	1	1	1	1	1	1	1	1	1	1	1	1	1	1	1	1	1	1	1	1	1	1	1	1	1	1	1	1	1	1	1	1	1
1	1	1	1	1	1	1	1	1	1	1	1	1	1	1	1	1	1	1.67355	2.9555	3.2	3.2	3.2	3.2	3.2	3.2	3.2	3.2	3.2	3.02017	1.81185	1	1	1	1	1	1	1	1	1	1	1	1	1	1	1	1	1	1	1	1	1	1	1	1	1	1	1	1	1	1	1	1	1
1	1	1	1	1	1	1	1	1	1	1	1	1	1	1	1	1	1	1	1.15208	2.50866	3.19386	3.2	3.2	3.2	3.2	3.2	3.2	3.2	3.2	3.18704	2.44352	1.1103	1	1	1	1	1	1	1	1	1	1	1	1	1	1	1	1	1	1	1	1	1	1	1	1	1	1	1	1	1	1	1
1	1	1	1	1	1	1	1	1	1	1	1	1	1	1	1	1	1	1	1	1	1.88724	3.05008	3.2	3.2	3.2	3.2	3.2	3.2	3.2	3.2	3.2	2.91682	1.60282	1	1	1	1	1	1	1	1	1	1	1	1	1	1	1	1	1	1	1	1	1	1	1	1	1	1	1	1	1	1
1	1	1	1	1	1	1	1	1	1	1	1	1	1	1	1	1	1	1	1	1	1	1.29996	2.6868	3.2	3.2	3.2	3.2	3.2	3.2	3.2	3.2	3.2	3.15308	2.2453	1.02482	1	1	1	1	1	1	1	1	1	1	1	1	1	1	1	1	1	1	1	1	1	1	1	1	1	1	1	1
1	1	1	1	1	1	1	1	1	1	1	1	1	1	1	1	1	1	1	1	1	1	1	1.00183	2.11012	3.12031	3.2	3.2	3.2	3.2	3.2	3.2	3.2	3.2	3.2	2.7859	1.41005	1	1	1	1	1	1	1	1	1	1	1	1	1	1	1	1	1	1	1	1	1	1	1	1	1	1	1
1	1	1	1	1	1	1	1	1	1	1	1	1	1	1	1	1	1	1	1	1	1	1	1	1	1.4784	2.83737	3.2	3.2	3.2	3.2	3.2	3.2	3.2	3.2	3.2	3.09723	2.02796	1	1	1	1	1	1	1	1	1	1	1	1	1	1	1	1	1	1	1	1	1	1	1	1	1	1
1	1	1	1	1	1	1	1	1	1	1	1	1	1	1	1	1	1	1	1	1	1	1	1	1	1	1.04963	2.31992	3.16803	3.2	3.2	3.2	3.2	3.2	3.2	3.2	3.2	3.2	2.62296	1.24136	1	1	1	1	1	1	1	1	1	1	1	1	1	1	1	1	1	1	1	1	1	1	1	1
1	1	1	1	1	1	1	1	1	1	1	1	1	1	1	1	1	1	1	1	1	1	1	1	1	1	1	1	1.67793	2.95775	3.2	3.2	3.2	3.2	3.2	3.2	3.2	3.2	3.2	3.01826	1.80731	1	1	1	1	1	1	1	1	1	1	1	1	1	1	1	1	1	1	1	1	1	1	1
1	1	1	1	1	1	1	1	1	1	1	1	1	1	1	1	1	1	1	1	1	1	1	1	1	1	1	1	1	1.15464	2.51225	3.19418	3.2	3.2	3.2	3.2	3.2	3.2	3.2	3.2	3.18654	2.43936	1.10794	1	1	1	1	1	1	1	1	1	1	1	1	1	1	1	1	1	1	1	1	1
1	1	1	1	1	1	1	1	1	1	1	1	1	1	1	1	1	1	1	1	1	1	1	1	1	1	1	1	1	1	1	1.89161	3.05171	3.2	3.2	3.2	3.2	3.2	3.2	3.2	3.2	3.2	2.07073	1	1	1	1	1	1	1	1	1	1	1	1	1	1	1	1	1	1	1	1	1
1	1	1	1	1	1	1	1	1	1	1	1	1	1	1	1	1	1	1	1	1	1	1	1	1	1	1	1	1	1	1	1	1.30325	2.69012	3.2	3.2	3.2	3.2	3.2	3.2	3.2	3.13295	1.52166	1	1	1	1	1	1	1	1	1	1	1	1	1	1	1	1	1	1	1	1	1
1	1	1	1	1	1	1	1	1	1	1	1	1	1	1	1	1	1	1	1	1	1	1	1	1	1	1	1	1	1	1	1	1	1.00215	2.11439	3.12147	3.2	3.2	3.2	3.2	3.2	2.15873	1	1	1	1	1	1	1	1	1	1	1	1	1	1	1	1	1	1	1	1	1	1
1	1	1	1	1	1	1	1	1	1	1	1	1	1	1	1	1	1	1	1	1	1	1	1	1	1	1	1	1	1	1	1	1	1	1	1.48219	2.84005	3.2	3.2	3.2	2.72334	1.00697	1	1	1	1	1	1	1	1	1	1	1	1	1	1	1	1	1	1	1	1	1	1
1	1	1	1	1	1	1	1	1	1	1	1	1	1	1	1	1	1	1	1	1	1	1	1	1	1	1	1	1	1	1	1	1	1	1	1	1.05121	2.3238	3.16876	3.06784	1.33765	1	1	1	1	1	1	1	1	1	1	1	1	1	1	1	1	1	1	1	1	1	1	1
1	1	1	1	1	1	1	1	1	1	1	1	1	1	1	1	1	1	1	1	1	1	1	1	1	1	1	1	1	1	1	1	1	1	1	1	1	1	1.68206	1.60325	1	1	1	1	1	1	1	1	1	1	1	1	1	1	1	1	1	1	1	1	1	1	1	1
1	1	1	1	1	1	1	1	1	1	1	1	1	1	1	1	1	1	1	1	1	1	1	1	1	1	1	1	1	1	1	1	1	1	1	1	1	1	1	1	1	1	1	1	1	1	1	1	1	1	1	1	1	1	1	1	1	1	1	1	1	1	1	1
1	1	1	1	1	1	1	1	1	1	1	1	1	1	1	1	1	1	1	1	1	1	1	1	1	1	1	1	1	1	1	1	1	1	1	1	1	1	1	1	1	1.06417	1.56056	1.88884	1.99338	1.98558	1.78663	1.34413	1	1	1	1	1	1	1	1	1	1	1	1	1	1	1	1
1	1	1	1	1	1	1	1	1	1	1	1	1	1	1	1	1	1	1	1	1	1	1	1	1	1	1	1	1	1	1	1	1	1	1	1	1	1	1	1.69921	2.47355	2.91691	2.99151	2.99151	2.99151	2.99151	2.99151	2.99151	2.7739	2.21802	1.31365	1	1	1	1	1	1	1	1	1	1	1	1	1
1	1	1	1	1	1	1	1	1	1	1	1	1	1	1	1	1	1	1	1	1	1	1	1	1	1	1	1	1	1	1	1	1	1	1	1	1	1.47076	2.60451	2.99151	2.99151	2.99151	2.99151	2.99151	2.99151	2.99151	2.99151	2.99151	2.99151	2.99151	2.94015	2.21231	1.09009	1	1	1	1	1	1	1	1	1	1	1
1	1	1	1	1	1	1	1	1	1	1	1	1	1	1	1	1	1	1	1	1	1	1	1	1	1	1	1	1	1	1	1	1	1	1	1	1.90684	2.9345	2.99151	2.99151	2.99151	2.99151	2.99151	2.99151	2.99151	2.99151	2.99151	2.99151	2.99151	2.99151	2.99151	2.99151	2.69633	1.35114	1	1	1	1	1	1	1	1	1	1
1	1	1	1	1	1	1	1	1	1	1	1	1	1	1	1	1	1	1	1	1	1	1	1	1	1	1	1	1	1	1	1	1	1	1	2.01178	2.98367	2.99151	2.99151	2.99151	2.99151	2.99151	2.99151	2.99151	2.99151	2.99151	2.99151	2.99151	2.99151	2.99151	2.99151	2.99151	2.99151	2.8158	1.37969	1	1	1	1	1	1	1	1	1
1	1	1	1	1	1	1	1	1	1	1	1	1	1	1	1	1	1	1	1	1	1	1	1	1	1	1	1	1	1	1	1	1	1	1.76883	2.97583	2.99151	2.99151	2.99151	2.99151	2.99151	2.99151	2.99151	2.99151	2.99151	2.99151	2.99151	2.99151	2.99151	2.99151	2.99151	2.99151	2.99151	2.99151	2.74058	1.14886	1	1	1	1	1	1	1	1
1	1	1	1	1	1	1	1	1	1	1	1	1	1	1	1	1	1	1	1	1	1	1	1	1	1	1	1	1	1	1	1	1	1.23628	2.86337	2.99151	2.99151	2.99151	2.99151	2.99151	2.99151	2.99151	2.99151	2.99151	2.99151	2.99151	2.99151	2.99151	2.99151	2.99151	2.99151	2.99151	2.99151	2.99151	2.99151	2.34159	1	1	1	1	1	1	1	1
1	1	1	1	1	1	1	1	1	1	1	1	1	1	1	1	1	1	1	1	1	1	1	1	1	1	1	1	1	1	1	1	1	2.30816	2.99151	2.99151	2.99151	2.99151	2.99151	2.99151	2.99151	2.99151	2.99151	2.99151	2.99151	2.99151	2.99151	2.99151	2.99151	2.99151	2.99151	2.99151	2.99151	2.99151	2.99151	2.97594	1.50883	1	1	1	1	1	1	1
1	1	1	1	1	1	1	1	1	1	1	1	1	1	1	1	1	1	1	1	1	1	1	1	1	1	1	1	1	1	1	1	1.21885	2.93388	2.99151	2.99151	2.99151	2.99151	2.99151	2.99151	2.99151	2.99151	2.99151	2.99151	2.99151	2.99151	2.99151	2.99151	2.99151	2.99151	2.99151	2.99151	2.99151	2.99151	2.99151	2.99151	2.42175	1	1	1	1	1	1	1
1	1	1	1	1	1	1	1	1	1	1	1	1	1	1	1	1	1	1	1	1	1	1	1	1	1	1	1	1	1	1	1	2.00383	2.99151	2.99151	2.99151	2.99151	2.99151	2.99151	2.99151	2.99151	2.99151	2.99151	2.99151	2.99151	2.99151	2.99151	2.99151	2.99151	2.99151	2.99151	2.99151	2.99151	2.99151	2.99151	2.99151	2.9277	1.12291	1	1	1	1	1	1
1	1	1	1	1	1	1	1	1	1	1	1	1	1	1	1	1	1	1	1	1	1	1	1	1	1	1	1	1	1	1	1	2.49311	2.99151	2.99151	2.99151	2.99151	2.99151	2.99151	2.99151	2.99151	2.99151	2.99151	2.99151	2.99151	2.99151	2.99151	2.99151	2.99151	2.99151	2.99151	2.99151	2.99151	2.99151	2.99151	2.99151	2.99151	1.74152	1	1	1	1	1	1
1	1	1	1	1	1	1	1	1	1	1	1	1	1	1	1	1	1	1	1	1	1	1	1	1	1	1	1	1	1	1	1	2.78212	2.99151	2.99151	2.99151	2.99151	2.99151	2.99151	2.99151	2.99151	2.99151	2.99151	2.99151	2.99151	2.99151	2.99151	2.99151	2.99151	2.99151	2.99151	2.99151	2.99151	2.99151	2.99151	2.99151	2.99151	2.13455	1	1	1	1	1	1
1	1	1	1	1	1	1	1	1	1	1	1	1	1	1	1	1	1	1	1	1	1	1	1	1	1	1	1	1	1	1	1	2.93576	2.99151	2.99151	2.99151	2.99151	2.99151	2.99151	2.99151	2.99151	2.99151	2.99151	2.99151	2.99151	2.99151	2.99151	2.99151	2.99151	2.99151	2.99151	2.99151	2.99151	2.99151	2.99151	2.99151	2.99151	2.33119	1	1	1	1	1	1
1	1	1	1	1	1	1	1	1	1	1	1	1	1	1	1	1	1	1	1	1	1	1	1	1	1	1	1	1	1	1	1	2.98321	2.99151	2.99151	2.99151	2.99151	2.99151	2.99151	2.99151	2.99151	2.99151	2.99151	2.99151	2.99151	2.99151	2.99151	2.99151	2.99151	2.99151	2.99151	2.99151	2.99151	2.99151	2.99151	2.99151	2.99151	2.39045	1	1	1	1	1	1
1	1	1	1	1	1	1	1	1	1	1	1	1	1	1	1	1	1	1	1	1	1	1	1	1	1	1	1	1	1	1	1	2.91433	2.99151	2.99151	2.99151	2.99151	2.99151	2.99151	2.99151	2.99151	2.99151	2.99151	2.99151	2.99151	2.99151	2.99151	2.99151	2.99151	2.99151	2.99151	2.99151	2.99151	2.99151	2.99151	2.99151	2.99151	2.30416	1	1	1	1	1	1
1	1	1	1	1	1	1	1	1	1	1	1	1	1	1	1	1	1	1	1	1	1	1	1	1	1	1	1	1	1	1	1	2.73634	2.99151	2.99151	2.99151	2.99151	2.99151	2.99151	2.99151	2.99151	2.99151	2.99151	2.99151	2.99151	2.99151	2.99151	2.99151	2.99151	2.99151	2.99151	2.99151	2.99151	2.99151	2.99151	2.99151	2.99151	2.07455	1	1	1	1	1	1
1	1	1	1	1	1	1	1	1	1	1	1	1	1	1	1	1	1	1	1	1	1	1	1	1	1	1	1	1	1	1	1	2.41472	2.99151	2.99151	2.99151	2.99151	2.99151	2.99151	2.99151	2.99151	2.99151	2.99151	2.99151	2.99151	2.99151	2.99151	2.99151	2.99151	2.99151	2.99151	2.99151	2.99151	2.99151	2.99151	2.99151	2.99151	1.62748	1	1	1	1	1	1
1	1	1	1	1	1	1	1	1	1	1	1	1	1	1	1	1	1	1	1	1	1	1	1	1	1	1	1	1	1	1	1	1.86817	2.99151	2.99151	2.99151	2.99151	2.99151	2.99151	2.99151	2.99151	2.99151	2.99151	2.99151	2.99151	2.99151	2.99151	2.99151	2.99151	2.99151	2.99151	2.99151	2.99151	2.99151	2.99151	2.99151	2.86553	1.04373	1	1	1	1	1	1
1	1	1	1	1	1	1	1	1	1	1	1	1	1	1	1	1	1	1	1	1	1	1	1	1	1	1	1	1	1	1	1	1.09767	2.86535	2.99151	2.99151	2.99151	2.99151	2.99151	2.99151	2.99151	2.99151	2.99151	2.99151	2.99151	2.99151	2.99151	2.99151	2.99151	2.99151	2.99151	2.99151	2.99151	2.99151	2.99151	2.99151	2.27765	1	1	1	1	1	1	1
1	1	1	1	1	1	1	1	1	1	1	1	1	1	1	1	1	1	1	1	1	1	1	1	1	1	1	1	1	1	1	1	1	2.11673	2.99151	2.99151	2.99151	2.99151	2.99151	2.99151	2.99151	2.99151	2.99151	2.99151	2.99151	2.99151	2.99151	2.99151	2.99151	2.99151	2.99151	2.99151	2.99151	2.99151	2.99151	2.9284	1.31526	1	1	1	1	1	1	1
1	1	1	1	1	1	1	1	1	1	1	1	1	1	1	1	1	1	1	1	1	1	1	1	1	1	1	1	1	1	1	1	1	1.08508	2.73779	2.99151	2.99151	2.99151	2.99151	2.99151	2.99151	2.99151	2.99151	2.99151	2.99151	2.99151	2.99151	2.99151	2.99151	2.99151	2.99151	2.99151	2.99151	2.99151	2.99151	2.10684	1	1	1	1	1	1	1	1
1	1	1	1	1	1	1	1	1	1	1	1	1	1	1	1	1	1	1	1	1	1	1	1	1	1	1	1	1	1	1	1	1	1	1.50097	2.91272	2.99151	2.99151	2.99151	2.99151	2.99151	2.99151	2.99151	2.99151	2.99151	2.99151	2.99151	2.99151	2.99151	2.99151	2.99151	2.99151	2.99151	2.99151	2.54276	1.02561	1	1	1	1	1	1	1	1
1	1	1	1	1	1	1	1	1	1	1	1	1	1	1	1	1	1	1	1	1	1	1	1	1	1	1	1	1	1	1	1	1	1	1	1.69517	2.92307	2.99151	2.99151	2.99151	2.99151	2.99151	2.99151	2.99151	2.99151	2.99151	2.99151	2.99151	2.99151	2.99151	2.99151	2.99151	2.99151	2.62749	1.15344	1	1	1	1	1	1	1	1	1
1	1	1	1	1	1	1	1	1	1	1	1	1	1	1	1	1	1	1	1	1	1	1	1	1	1	1	1	1	1	1	1	1	1	1	1	1.56439	2.79764	2.99151	2.99151	2.99151	2.99151	2.99151	2.99151	2.99151	2.99151	2.99151	2.99151	2.99151	2.99151	2.99151	2.99151	2.41069	1.11336	1	1	1	1	1	1	1	1	1	1
1	1	1	1	1	1	1	1	1	1	1	1	1	1	1	1	1	1	1	1	1	1	1	1	1	1	1	1	1	1	1	1	1	1	1	1	1	1.16639	2.27744	2.94206	2.99151	2.99151	2.99151	2.99151	2.99151	2.99151	2.99151	2.99151	2.99151	2.99151	2.77264	1.81978	1	1	1	1	1	1	1	1	1	1	1	1
1	1	1	1	1	1	1	1	1	1	1	1	1	1	1	1	1	1	1	1	1	1	1	1	1	1	1	1	1	1	1	1	1	1	1	1	1	1	1	1.2811	2.12771	2.64772	2.95128	2.99151	2.99151	2.99151	2.99151	2.85862	2.47041	1.82426	1.03903	1	1	1	1	1	1	1	1	1	1	1	1	1
1	1	1	1	1	1	1	1	1	1	1	1	1	1	1	1	1	1	1	1	1	1	1	1	1	1	1	1	1	1	1	1	1	1	1	1	1	1	1	1	1	1	1.06298	1.40676	1.54401	1.53393	1.26634	1.00099	1	1	1	1	1	1	1	1	1	1	1	1	1	1	1	1
1	1	1	1	1	1	1	1	1	1	1	1	1	1	1	1	1	1	1	1	1	1	1	1	1	1	1	1	1	1	1	1	1	1	1	1	1	1	1	1	1	1	1	1	1	1	1	1	1	1	1	1	1	1	1	1	1	1	1	1	1	1	1	1
1	1	1	1	1	1	1	1	1	1	1	1	1	1	1	1	1	1	1	1	1	1	1	1	1	1	1	1	1	1	1	1	1	1	1	1	1	1	1	1	1	1	1	1	1	1	1	1	1	1	1	1	1	1	1	1	1	1	1	1	1	1	1	1
1	1	1	1	1	1	1	1	1	1	1	1	1	1	1	1	1	1	1	1	1	1	1	1	1	1	1	1	1	1	1	1	1	1	1	1	1	1	1	1	1	1	1	1	1	1	1	1	1	1	1	1	1	1	1	1	1	1	1	1	1	1	1	1
1	1	1	1	1	1	1	1	1	1	1	1	1	1	1	1	1	1	1	1	1	1	1	1	1	1	1	1	1	1	1	1	1	1	1	1	1	1	1	1	1	1	1	1	1	1	1	1	1	1	1	1	1	1	1	1	1	1	1	1	1	1	1	1
1	1	1	1	1	1	1	1	1	1	1	1	1	1	1	1	1	1	1	1	1	1	1	1	1	1	1	1	1	1	1	1	1	1	1	1	1	1	1	1	1	1	1	1	1	1	1	1	1	1	1	1	1	1	1	1	1	1	1	1	1	1	1	1
1	1	1	1	1	1	1	1	1	1	1	1	1	1	1	1	1	1	1	1	1	1	1	1	1	1	1	1	1	1	1	1	1	1	1	1	1	1	1	1	1	1	1	1	1	1	1	1	1	1	1	1	1	1	1	1	1	1	1	1	1	1	1	1
1	1	1	1	1	1	1	1	1	1	1	1	1	1	1	1	1	1	1	1	1	1	1	1	1	1	1	1	1	1	1	1	1	1	1	1	1	1	1	1	1	1	1	1	1	1	1	1	1	1	1	1	1	1	1	1	1	1	1	1	1	1	1	1
1	1	1	1	1	1	1	1	1	1	1	1	1	1	1	1	1	1	1	1	1	1	1	1	1	1	1	1	1	1	1	1	1	1	1	1	1	1	1	1	1	1	1	1	1	1	1	1	1	1	1	1	1	1	1	1	1	1	1	1	1	1	1	1
1	1	1	1	1	1	1	1	1	1	1	1	1	1	1	1	1	1	1	1	1	1	1	1	1	1	1	1	1	1	1	1	1	1	1	1	1	1	1	1	1	1	1	1	1	1	1	1	1	1	1	1	1	1	1	1	1	1	1	1	1	1	1	1
1	1	1	1	1	1	1	1	1	1	1	1	1	1	1	1	1	1	1	1	1	1	1	1	1	1	1	1	1	1	1	1	1	1	1	1	1	1	1	1	1	1	1	1	1	1	1	1	1	1	1	1	1	1	1	1	1	1	1	1	1	1	1	1
1	1	1	1	1	1	1	1	1	1	1	1	1	1	1	1	1	1	1	1	1	1	1	1	1	1	1	1	1	1	1	1	1	1	1	1	1	1	1	1	1	1	1	1	1	1	1	1	1	1	1	1	1	1	1	1	1	1	1	1	1	1	1	1
1	1	1	1	1	1	1	1	1	1	1	1	1	1	1	1	1	1	1	1	1	1	1	1	1	1	1	1	1	1	1	1	1	1	1	1	1	1	1	1	1	1	1	1	1	1	1	1	1	1	1	1	1	1	1	1	1	1	1	1	1	1	1	1
