0	0	0	0	0	0	0	0	0	0	0	0	0	0	0	0	0	0	0	0	0	0	0	0	0	0	0	0	0	0	0	0	0	0	0	0	0	0	0	0	0	0	0	0	0	0	0	0	0	0	0	0	0	0	0	0	0	0	0	0	0	0	0	0
0	0	0	0	0	0	0	0	0	0	0	0	0	0	0	0	0	0	0	0	0	0	0	0	0	0	0	0	0	0	0	0	0	0	0	0	0	0	0	0	0	0	0	0	0	0	0	0	0	0	0	0	0	0	0	0	0	0	0	0	0	0	0	0
0	0	0	0	0	0	0	0	0	0	0	0	0	0	0	0	0	0	0	0	0	0	0	0	0	0	0	0	0	0	0	0	0	0	0	0	0	0	0	0	0	0	0	0.0487653	0.00126273	0	0	0	0	0	0	0	0	0	0	0	0	0	0	0	0	0	0	0
0	0	0	0	0	0	0	0	0	0	0	0	0	0	0	0	0	0	0	0	0	0	0	0	0	0	0	0	0	0	0	0	0	0	0	0	0	0	0	0	0.0447517	0.3228	0.508486	0.579444	0.243505	0	0	0	0	0	0	0	0	0	0	0	0	0	0	0	0	0	0	0
0	0	0	0	0	0	0	0	0	0	0	0	0	0	0	0	0	0	0	0	0	0	0	0	0	0	0	0	0	0	0	0	0	0	0	0	0	0	0.140863	0.397998	0.55136	0.579444	0.579444	0.579444	0.459019	0	0	0	0	0	0	0	0	0	0	0	0	0	0	0	0	0	0	0
0	0	0	0	0	0	0	0	0	0	0	0	0	0	0	0	0	0	0	0	0	0	0	0	0	0	0	0	0	0	0	0	0	0	0	0.00215554	0.248742	0.462082	0.574103	0.579444	0.579444	0.579444	0.579444	0.579444	0.573392	0.135522	0	0	0	0	0	0	0	0	0	0	0	0	0	0	0	0	0	0
0	0	0	0	0	0	0	0	0	0	0	0	0	0	0	0	0	0	0	0	0	0	0	0	0	0	0	0	0	0	0	0	0	0.0606738	0.338194	0.518345	0.579444	0.579444	0.579444	0.579444	0.579444	0.579444	0.579444	0.579444	0.579444	0.0554706	0	0	0	0	0	0	0	0	0	0	0	0	0	0	0	0	0	0
0	0	0	0	0	0	0	0	0	0	0	0	0	0	0	0	0	0	0	0	0	0	0	0	0	0	0	0	0	0	0	0.161143	0.410823	0.557107	0.579444	0.579444	0.579444	0.579444	0.579444	0.579444	0.579444	0.579444	0.579444	0.579444	0.579444	0.578783	0.0114202	0	0	0	0	0	0	0	0	0	0	0	0	0	0	0	0	0
0	0	0	0	0	0	0	0	0	0	0	0	0	0	0	0	0	0	0	0	0	0	0	0	0	0	0	0	0.00759445	0.267576	0.473345	0.576382	0.579444	0.579444	0.579444	0.579444	0.579444	0.579444	0.579444	0.579444	0.579444	0.579444	0.579444	0.579444	0.579444	0.579444	0.0811753	0	0	0	0	0	0	0	0	0	0	0	0	0	0	0	0	0
0	0	0	0	0	0	0	0	0	0	0	0	0	0	0	0	0	0	0	0	0	0	0	0	0	0	0.077985	0.353005	0.527388	0.579444	0.579444	0.579444	0.579444	0.579444	0.579444	0.579444	0.579444	0.579444	0.579444	0.579444	0.579444	0.579444	0.579444	0.579444	0.579444	0.579444	0.578324	0	0	0	0	0	0	0	0	0	0	0	0	0	0	0	0	0
0	0	0	0	0	0	0	0	0	0	0	0	0	0	0	0	0	0	0	0	0	0	0	0	0.18175	0.423398	0.562192	0.579444	0.579444	0.579444	0.579444	0.579444	0.579444	0.579444	0.579444	0.579444	0.579444	0.579444	0.579444	0.579444	0.579444	0.579444	0.579444	0.579444	0.579444	0.579444	0.579442	0.0178703	0	0	0	0	0	0	0	0	0	0	0	0	0	0	0	0
0	0	0	0	0	0	0	0	0	0	0	0	0	0	0	0	0	0	0	0	0	0.0160505	0.285421	0.484361	0.578023	0.579444	0.579444	0.579444	0.579444	0.579444	0.579444	0.579444	0.579444	0.579444	0.579444	0.579444	0.579444	0.579444	0.579444	0.579444	0.579444	0.579444	0.579444	0.579444	0.579444	0.579444	0.579444	0.578085	0	0	0	0	0	0	0	0	0	0	0	0	0	0	0	0
0	0	0	0	0	0	0	0	0	0	0	0	0	0	0	0	0	0	0	0.0964667	0.367292	0.535566	0.579444	0.579444	0.579444	0.579444	0.579444	0.579444	0.579444	0.579444	0.579444	0.579444	0.579444	0.579444	0.579444	0.579444	0.579444	0.579444	0.579444	0.579444	0.579444	0.579444	0.579444	0.579444	0.579444	0.579444	0.579444	0.578786	0.0141947	0	0	0	0	0	0	0	0	0	0	0	0	0	0	0
0	0	0	0	0	0	0	0	0	0	0	0	0	0	0	0	0	0.202376	0.435537	0.566579	0.579444	0.579444	0.579444	0.579444	0.579444	0.579444	0.579444	0.579444	0.579444	0.579444	0.579444	0.579444	0.579444	0.579444	0.579444	0.579444	0.579444	0.579444	0.579444	0.579444	0.579444	0.579444	0.579444	0.579444	0.579444	0.579444	0.579444	0.579444	0.209714	0	0	0	0	0	0	0	0	0	0	0	0	0	0	0
0	0	0	0	0	0	0	0	0	0	0	0	0	0	0.0272382	0.302334	0.495146	0.579042	0.579444	0.579444	0.579444	0.579444	0.579444	0.579444	0.579444	0.579444	0.579444	0.579444	0.579444	0.579444	0.579444	0.579444	0.579444	0.579444	0.579444	0.579444	0.579444	0.579444	0.579444	0.579444	0.579444	0.579444	0.579444	0.579444	0.579444	0.579444	0.579444	0.579444	0.578783	0.0108462	0	0	0	0	0	0	0	0	0	0	0	0	0	0
0	0	0	0	0	0	0	0	0	0	0	0	0.11568	0.381103	0.543014	0.579444	0.579444	0.579444	0.579444	0.579444	0.579444	0.579444	0.579444	0.579444	0.579444	0.579444	0.579444	0.579444	0.579444	0.579444	0.579444	0.579444	0.579444	0.579444	0.579444	0.579444	0.579444	0.579444	0.579444	0.579444	0.579444	0.579444	0.579444	0.579444	0.579444	0.579444	0.579444	0.579444	0.579444	0.0696695	0	0	0	0	0	0	0	0	0	0	0	0	0	0
0	0	0	0	0	0	0	0	0	0	0.223206	0.447471	0.57032	0.579444	0.579444	0.579444	0.579444	0.579444	0.579444	0.579444	0.579444	0.579444	0.579444	0.579444	0.579444	0.579444	0.579444	0.579444	0.579444	0.579444	0.579444	0.579444	0.579444	0.579444	0.579444	0.579444	0.579444	0.579444	0.579444	0.579444	0.579444	0.579444	0.579444	0.579444	0.579444	0.579444	0.579444	0.579444	0.579444	0.578241	0	0	0	0	0	0	0	0	0	0	0	0	0	0
0	0	0	0	0	0	0	0.0408145	0.318633	0.505714	0.579444	0.579444	0.579444	0.579444	0.579444	0.579444	0.579444	0.579444	0.579444	0.579444	0.579444	0.579444	0.579444	0.579444	0.579444	0.579444	0.579444	0.579444	0.579444	0.579444	0.579444	0.579444	0.579444	0.579444	0.579444	0.579444	0.579444	0.579444	0.579444	0.579444	0.579444	0.579444	0.579444	0.579444	0.579444	0.579444	0.579444	0.579444	0.579444	0.579088	0.0172034	0	0	0	0	0	0	0	0	0	0	0	0	0
0	0	0	0	0	0.135522	0.394481	0.549682	0.579444	0.579444	0.579444	0.579444	0.579444	0.579444	0.579444	0.579444	0.579444	0.579444	0.579444	0.579444	0.579444	0.579444	0.579444	0.579444	0.579444	0.579444	0.579444	0.579444	0.579444	0.579444	0.579444	0.579444	0.579444	0.579444	0.579444	0.579444	0.579444	0.579444	0.579444	0.579444	0.579444	0.579444	0.579444	0.579444	0.579444	0.579444	0.579444	0.579444	0.579444	0.579444	0.578077	0	0	0	0	0	0	0	0	0	0	0	0	0
0	0	0.00126273	0.243505	0.459019	0.573392	0.579444	0.579444	0.579444	0.579444	0.579444	0.579444	0.579444	0.579444	0.579444	0.579444	0.579444	0.579444	0.579444	0.579444	0.579444	0.579444	0.579444	0.579444	0.579444	0.579444	0.579444	0.579444	0.579444	0.579444	0.579444	0.579444	0.579444	0.579444	0.579444	0.579444	0.579444	0.579444	0.579444	0.579444	0.579444	0.579444	0.579444	0.579444	0.579444	0.579444	0.579444	0.579444	0.579444	0.579444	0.578782	0.0135052	0	0	0	0	0	0	0	0	0	0	0	0
0	0	0.0487653	0.579444	0.579444	0.579444	0.579444	0.579444	0.579444	0.579444	0.579444	0.579444	0.579444	0.579444	0.579444	0.579444	0.579444	0.579444	0.579444	0.579444	0.579444	0.579444	0.579444	0.579444	0.579444	0.579444	0.579444	0.579444	0.579444	0.579444	0.579444	0.579444	0.579444	0.579444	0.579444	0.579444	0.579444	0.579444	0.579444	0.579444	0.579444	0.579444	0.579444	0.579444	0.579444	0.579444	0.579444	0.579444	0.579444	0.579444	0.579444	0.15762	0	0	0	0	0	0	0	0	0	0	0	0
0	0	0	0.508486	0.579444	0.579444	0.579444	0.579444	0.579444	0.579444	0.579444	0.579444	0.579444	0.579444	0.579444	0.579444	0.579444	0.579444	0.579444	0.579444	0.579444	0.579444	0.579444	0.579444	0.579444	0.579444	0.579444	0.579444	0.579444	0.579444	0.579444	0.579444	0.579444	0.579444	0.579444	0.579444	0.579444	0.579444	0.579444	0.579444	0.579444	0.579444	0.579444	0.579444	0.579444	0.579444	0.579444	0.579444	0.579444	0.579444	0.579444	0.578905	0.0190575	0	0	0	0	0	0	0	0	0	0	0
0	0	0	0.3228	0.579444	0.579444	0.579444	0.579444	0.579444	0.579444	0.579444	0.579444	0.579444	0.579444	0.579444	0.579444	0.579444	0.579444	0.579444	0.579444	0.579444	0.579444	0.579444	0.579444	0.579444	0.579444	0.579444	0.579444	0.579444	0.579444	0.579444	0.579444	0.579444	0.579444	0.579444	0.579444	0.579444	0.579444	0.579444	0.579444	0.579444	0.579444	0.579444	0.579444	0.579444	0.579444	0.579444	0.579444	0.579444	0.579444	0.579444	0.579444	0.578862	0.0228905	0	0	0	0	0	0	0	0	0	0
0	0	0	0.0447517	0.55136	0.579444	0.579444	0.579444	0.579444	0.579444	0.579444	0.579444	0.579444	0.579444	0.579444	0.579444	0.579444	0.579444	0.579444	0.579444	0.579444	0.579444	0.579444	0.579444	0.579444	0.579444	0.579444	0.579444	0.579444	0.579444	0.579444	0.579444	0.579444	0.579444	0.579444	0.579444	0.579444	0.579444	0.579444	0.579444	0.579444	0.579444	0.579444	0.579444	0.579444	0.579444	0.579444	0.579444	0.579444	0.579444	0.579444	0.579444	0.579444	0.578843	0.022518	0	0	0	0	0	0	0	0	0
0	0	0	0	0.397998	0.579444	0.579444	0.579444	0.579444	0.579444	0.579444	0.579444	0.579444	0.579444	0.579444	0.579444	0.579444	0.579444	0.579444	0.579444	0.579444	0.579444	0.579444	0.579444	0.579444	0.579444	0.579444	0.579444	0.579444	0.579444	0.579444	0.579444	0.579444	0.579444	0.579444	0.579444	0.579444	0.579444	0.579444	0.579444	0.579444	0.579444	0.579444	0.579444	0.579444	0.579444	0.579444	0.579444	0.579444	0.579444	0.579444	0.579444	0.579444	0.579444	0.578874	0.0177303	0	0	0	0	0	0	0	0
0	0	0	0	0.140863	0.574103	0.579444	0.579444	0.579444	0.579444	0.579444	0.579444	0.579444	0.579444	0.579444	0.579444	0.579444	0.579444	0.579444	0.579444	0.579444	0.579444	0.579444	0.579444	0.579444	0.579444	0.579444	0.579444	0.579444	0.579444	0.579444	0.579444	0.579444	0.579444	0.579444	0.579444	0.579444	0.579444	0.579444	0.579444	0.579444	0.579444	0.579444	0.579444	0.579444	0.579444	0.579444	0.579444	0.579444	0.579444	0.579444	0.579444	0.579444	0.579444	0.579444	0.578882	0.000693987	0	0	0	0	0	0	0
0	0	0	0	0	0.462082	0.579444	0.579444	0.579444	0.579444	0.579444	0.579444	0.579444	0.579444	0.579444	0.579444	0.579444	0.579444	0.579444	0.579444	0.579444	0.579444	0.579444	0.579444	0.579444	0.579444	0.579444	0.579444	0.579444	0.579444	0.579444	0.579444	0.579444	0.579444	0.579444	0.579444	0.579444	0.579444	0.579444	0.579444	0.579444	0.579444	0.579444	0.579444	0.579444	0.579444	0.579444	0.579444	0.579444	0.579444	0.579444	0.579444	0.579444	0.579444	0.579444	0.579444	0.310504	0	0	0	0	0	0	0
0	0	0	0	0	0.248742	0.579444	0.579444	0.579444	0.579444	0.579444	0.579444	0.579444	0.579444	0.579444	0.579444	0.579444	0.579444	0.579444	0.579444	0.579444	0.579444	0.579444	0.579444	0.579444	0.579444	0.579444	0.579444	0.579444	0.579444	0.579444	0.579444	0.579444	0.579444	0.579444	0.579444	0.579444	0.579444	0.579444	0.579444	0.579444	0.579444	0.579444	0.579444	0.579444	0.579444	0.579444	0.579444	0.579444	0.579444	0.579444	0.579444	0.579444	0.579444	0.579444	0.579444	0.501018	0	0	0	0	0	0	0
0	0	0	0	0	0.00215554	0.518345	0.579444	0.579444	0.579444	0.579444	0.579444	0.579444	0.579444	0.579444	0.579444	0.579444	0.579444	0.579444	0.579444	0.579444	0.579444	0.579444	0.579444	0.579444	0.579444	0.579444	0.579444	0.579444	0.579444	0.579444	0.579444	0.579444	0.579444	0.579444	0.579444	0.579444	0.579444	0.579444	0.579444	0.579444	0.579444	0.579444	0.579444	0.579444	0.579444	0.579444	0.579444	0.579444	0.579444	0.579444	0.579444	0.579444	0.579444	0.579444	0.579444	0.578607	0.137087	0	0	0	0	0	0
0	0	0	0	0	0	0.338194	0.579444	0.579444	0.579444	0.579444	0.579444	0.579444	0.579444	0.579444	0.579444	0.579444	0.579444	0.579444	0.579444	0.579444	0.579444	0.579444	0.579444	0.579444	0.579444	0.579444	0.579444	0.579444	0.579444	0.579444	0.579444	0.579444	0.579444	0.579444	0.579444	0.579444	0.579444	0.579444	0.579444	0.579444	0.579444	0.579444	0.579444	0.579444	0.579444	0.579444	0.579444	0.579444	0.579444	0.579444	0.579444	0.579444	0.579444	0.579444	0.579444	0.579444	0.309536	0	0	0	0	0	0
0	0	0	0	0	0	0.0606738	0.557107	0.579444	0.579444	0.579444	0.579444	0.579444	0.579444	0.579444	0.579444	0.579444	0.579444	0.579444	0.579444	0.579444	0.579444	0.579444	0.579444	0.579444	0.579444	0.579444	0.579444	0.579444	0.579444	0.579444	0.579444	0.579444	0.579444	0.579444	0.579444	0.579444	0.579444	0.579444	0.579444	0.579444	0.579444	0.579444	0.579444	0.579444	0.579444	0.579444	0.579444	0.579444	0.579444	0.579444	0.579444	0.579444	0.579444	0.579444	0.579444	0.579444	0.390539	0	0	0	0	0	0
0	0	0	0	0	0	0	0.410823	0.579444	0.579444	0.579444	0.579444	0.579444	0.579444	0.579444	0.579444	0.579444	0.579444	0.579444	0.579444	0.579444	0.579444	0.579444	0.579444	0.579444	0.579444	0.579444	0.579444	0.579444	0.579444	0.579444	0.579444	0.579444	0.579444	0.579444	0.579444	0.579444	0.579444	0.579444	0.579444	0.579444	0.579444	0.579444	0.579444	0.579444	0.579444	0.579444	0.579444	0.579444	0.579444	0.579444	0.579444	0.579444	0.579444	0.579444	0.579444	0.579444	0.417101	0	0	0	0	0	0
0	0	0	0	0	0	0	0.161143	0.576382	0.579444	0.579444	0.579444	0.579444	0.579444	0.579444	0.579444	0.579444	0.579444	0.579444	0.579444	0.579444	0.579444	0.579444	0.579444	0.579444	0.579444	0.579444	0.579444	0.579444	0.579444	0.579444	0.579444	0.579444	0.579444	0.579444	0.579444	0.579444	0.579444	0.579444	0.579444	0.579444	0.579444	0.579444	0.579444	0.579444	0.579444	0.579444	0.579444	0.579444	0.579444	0.579444	0.579444	0.579444	0.579444	0.579444	0.579444	0.579444	0.433844	0	0	0	0	0	0
0	0	0	0	0	0	0	0	0.473345	0.579444	0.579444	0.579444	0.579444	0.579444	0.579444	0.579444	0.579444	0.579444	0.579444	0.579444	0.579444	0.579444	0.579444	0.579444	0.579444	0.579444	0.579444	0.579444	0.579444	0.579444	0.579444	0.579444	0.579444	0.579444	0.579444	0.579444	0.579444	0.579444	0.579444	0.579444	0.579444	0.579444	0.579444	0.579444	0.579444	0.579444	0.579444	0.579444	0.579444	0.579444	0.579444	0.579444	0.579444	0.579444	0.579444	0.579444	0.579444	0.390539	0	0	0	0	0	0
0	0	0	0	0	0	0	0	0.267576	0.579444	0.579444	0.579444	0.579444	0.579444	0.579444	0.579444	0.579444	0.579444	0.579444	0.579444	0.579444	0.579444	0.579444	0.579444	0.579444	0.579444	0.579444	0.579444	0.579444	0.579444	0.579444	0.579444	0.579444	0.579444	0.579444	0.579444	0.579444	0.579444	0.579444	0.579444	0.579444	0.579444	0.579444	0.579444	0.579444	0.579444	0.579444	0.579444	0.579444	0.579444	0.579444	0.579444	0.579444	0.579444	0.579444	0.579444	0.579444	0.401267	0	0	0	0	0	0
0	0	0	0	0	0	0	0	0.00759445	0.527388	0.579444	0.579444	0.579444	0.579444	0.579444	0.579444	0.579444	0.579444	0.579444	0.579444	0.579444	0.579444	0.579444	0.579444	0.579444	0.579444	0.579444	0.579444	0.579444	0.579444	0.579444	0.579444	0.579444	0.579444	0.579444	0.579444	0.579444	0.579444	0.579444	0.579444	0.579444	0.579444	0.579444	0.579444	0.579444	0.579444	0.579444	0.579444	0.579444	0.579444	0.579444	0.579444	0.579444	0.579444	0.579444	0.579444	0.579444	0.518345	0.00215554	0	0	0	0	0
0	0	0	0	0	0	0	0	0	0.353005	0.579444	0.579444	0.579444	0.579444	0.579444	0.579444	0.579444	0.579444	0.579444	0.579444	0.579444	0.579444	0.579444	0.579444	0.579444	0.579444	0.579444	0.579444	0.579444	0.579444	0.579444	0.579444	0.579444	0.579444	0.579444	0.579444	0.579444	0.579444	0.579444	0.579444	0.579444	0.579444	0.579444	0.579444	0.579444	0.579444	0.579444	0.579444	0.579444	0.579444	0.579444	0.579444	0.579444	0.579444	0.579444	0.579444	0.579444	0.579444	0.248742	0	0	0	0	0
0	0	0	0	0	0	0	0	0	0.077985	0.562192	0.579444	0.579444	0.579444	0.579444	0.579444	0.579444	0.579444	0.579444	0.579444	0.579444	0.579444	0.579444	0.579444	0.579444	0.579444	0.579444	0.579444	0.579444	0.579444	0.579444	0.579444	0.579444	0.579444	0.579444	0.579444	0.579444	0.579444	0.579444	0.579444	0.579444	0.579444	0.579444	0.579444	0.579444	0.579444	0.579444	0.579444	0.579444	0.579444	0.579444	0.579444	0.579444	0.579444	0.579444	0.579444	0.579444	0.579444	0.462082	0	0	0	0	0
0	0	0	0	0	0	0	0	0	0	0.423398	0.579444	0.579444	0.579444	0.579444	0.579444	0.579444	0.579444	0.579444	0.579444	0.579444	0.579444	0.579444	0.579444	0.579444	0.579444	0.579444	0.579444	0.579444	0.579444	0.579444	0.579444	0.579444	0.579444	0.579444	0.579444	0.579444	0.579444	0.579444	0.579444	0.579444	0.579444	0.579444	0.579444	0.579444	0.579444	0.579444	0.579444	0.579444	0.579444	0.579444	0.579444	0.579444	0.579444	0.579444	0.579444	0.579444	0.579444	0.574103	0.140863	0	0	0	0
0	0	0	0	0	0	0	0	0	0	0.18175	0.578023	0.579444	0.579444	0.579444	0.579444	0.579444	0.579444	0.579444	0.579444	0.579444	0.579444	0.579444	0.579444	0.579444	0.579444	0.579444	0.579444	0.579444	0.579444	0.579444	0.579444	0.579444	0.579444	0.579444	0.579444	0.579444	0.579444	0.579444	0.579444	0.579444	0.579444	0.579444	0.579444	0.579444	0.579444	0.579444	0.579444	0.579444	0.579444	0.579444	0.579444	0.579444	0.579444	0.579444	0.579444	0.579444	0.579444	0.579444	0.397998	0	0	0	0
0	0	0	0	0	0	0	0	0	0	0	0.484361	0.579444	0.579444	0.579444	0.579444	0.579444	0.579444	0.579444	0.579444	0.579444	0.579444	0.579444	0.579444	0.579444	0.579444	0.579444	0.579444	0.579444	0.579444	0.579444	0.579444	0.579444	0.579444	0.579444	0.579444	0.579444	0.579444	0.579444	0.579444	0.579444	0.579444	0.579444	0.579444	0.579444	0.579444	0.579444	0.579444	0.579444	0.579444	0.579444	0.579444	0.579444	0.579444	0.579444	0.579444	0.579444	0.579444	0.579444	0.55136	0.0447517	0	0	0
0	0	0	0	0	0	0	0	0	0	0	0.285421	0.579444	0.579444	0.579444	0.579444	0.579444	0.579444	0.579444	0.579444	0.579444	0.579444	0.579444	0.579444	0.579444	0.579444	0.579444	0.579444	0.579444	0.579444	0.579444	0.579444	0.579444	0.579444	0.579444	0.579444	0.579444	0.579444	0.579444	0.579444	0.579444	0.579444	0.579444	0.579444	0.579444	0.579444	0.579444	0.579444	0.579444	0.579444	0.579444	0.579444	0.579444	0.579444	0.579444	0.579444	0.579444	0.579444	0.579444	0.579444	0.3228	0	0	0
0	0	0	0	0	0	0	0	0	0	0	0.0160505	0.535566	0.579444	0.579444	0.579444	0.579444	0.579444	0.579444	0.579444	0.579444	0.579444	0.579444	0.579444	0.579444	0.579444	0.579444	0.579444	0.579444	0.579444	0.579444	0.579444	0.579444	0.579444	0.579444	0.579444	0.579444	0.579444	0.579444	0.579444	0.579444	0.579444	0.579444	0.579444	0.579444	0.579444	0.579444	0.579444	0.579444	0.579444	0.579444	0.579444	0.579444	0.579444	0.579444	0.579444	0.579444	0.579444	0.579444	0.579444	0.508486	0	0	0
0	0	0	0	0	0	0	0	0	0	0	0	0.367292	0.579444	0.579444	0.579444	0.579444	0.579444	0.579444	0.579444	0.579444	0.579444	0.579444	0.579444	0.579444	0.579444	0.579444	0.579444	0.579444	0.579444	0.579444	0.579444	0.579444	0.579444	0.579444	0.579444	0.579444	0.579444	0.579444	0.579444	0.579444	0.579444	0.579444	0.579444	0.579444	0.579444	0.579444	0.579444	0.579444	0.579444	0.579444	0.579444	0.579444	0.579444	0.579444	0.579444	0.579444	0.579444	0.579444	0.579444	0.579444	0.0487653	0	0
0	0	0	0	0	0	0	0	0	0	0	0	0.0964667	0.566579	0.579444	0.579444	0.579444	0.579444	0.579444	0.579444	0.579444	0.579444	0.579444	0.579444	0.579444	0.579444	0.579444	0.579444	0.579444	0.579444	0.579444	0.579444	0.579444	0.579444	0.579444	0.579444	0.579444	0.579444	0.579444	0.579444	0.579444	0.579444	0.579444	0.579444	0.579444	0.579444	0.579444	0.579444	0.579444	0.579444	0.579444	0.579444	0.579444	0.579444	0.579444	0.579444	0.579444	0.579444	0.573392	0.459019	0.243505	0.00126273	0	0
0	0	0	0	0	0	0	0	0	0	0	0	0	0.435537	0.579444	0.579444	0.579444	0.579444	0.579444	0.579444	0.579444	0.579444	0.579444	0.579444	0.579444	0.579444	0.579444	0.579444	0.579444	0.579444	0.579444	0.579444	0.579444	0.579444	0.579444	0.579444	0.579444	0.579444	0.579444	0.579444	0.579444	0.579444	0.579444	0.579444	0.579444	0.579444	0.579444	0.579444	0.579444	0.579444	0.579444	0.579444	0.579444	0.579444	0.579444	0.579444	0.549682	0.394481	0.135522	0	0	0	0	0
0	0	0	0	0	0	0	0	0	0	0	0	0	0.202376	0.579042	0.579444	0.579444	0.579444	0.579444	0.579444	0.579444	0.579444	0.579444	0.579444	0.579444	0.579444	0.579444	0.579444	0.579444	0.579444	0.579444	0.579444	0.579444	0.579444	0.579444	0.579444	0.579444	0.579444	0.579444	0.579444	0.579444	0.579444	0.579444	0.579444	0.579444	0.579444	0.579444	0.579444	0.579444	0.579444	0.579444	0.579444	0.579444	0.579444	0.505714	0.318633	0.0408145	0	0	0	0	0	0	0
0	0	0	0	0	0	0	0	0	0	0	0	0	0	0.495146	0.579444	0.579444	0.579444	0.579444	0.579444	0.579444	0.579444	0.579444	0.579444	0.579444	0.579444	0.579444	0.579444	0.579444	0.579444	0.579444	0.579444	0.579444	0.579444	0.579444	0.579444	0.579444	0.579444	0.579444	0.579444	0.579444	0.579444	0.579444	0.579444	0.579444	0.579444	0.579444	0.579444	0.579444	0.579444	0.579444	0.57032	0.447471	0.223206	0	0	0	0	0	0	0	0	0	0
0	0	0	0	0	0	0	0	0	0	0	0	0	0	0.302334	0.579444	0.579444	0.579444	0.579444	0.579444	0.579444	0.579444	0.579444	0.579444	0.579444	0.579444	0.579444	0.579444	0.579444	0.579444	0.579444	0.579444	0.579444	0.579444	0.579444	0.579444	0.579444	0.579444	0.579444	0.579444	0.579444	0.579444	0.579444	0.579444	0.579444	0.579444	0.579444	0.579444	0.579444	0.543014	0.381103	0.11568	0	0	0	0	0	0	0	0	0	0	0	0
0	0	0	0	0	0	0	0	0	0	0	0	0	0	0.0272382	0.543014	0.579444	0.579444	0.579444	0.579444	0.579444	0.579444	0.579444	0.579444	0.579444	0.579444	0.579444	0.579444	0.579444	0.579444	0.579444	0.579444	0.579444	0.579444	0.579444	0.579444	0.579444	0.579444	0.579444	0.579444	0.579444	0.579444	0.579444	0.579444	0.579444	0.579444	0.579042	0.495146	0.302334	0.0272382	0	0	0	0	0	0	0	0	0	0	0	0	0	0
0	0	0	0	0	0	0	0	0	0	0	0	0	0	0	0.381103	0.579444	0.579444	0.579444	0.579444	0.579444	0.579444	0.579444	0.579444	0.579444	0.579444	0.579444	0.579444	0.579444	0.579444	0.579444	0.579444	0.579444	0.579444	0.579444	0.579444	0.579444	0.579444	0.579444	0.579444	0.579444	0.579444	0.579444	0.579444	0.566579	0.435537	0.202376	0	0	0	0	0	0	0	0	0	0	0	0	0	0	0	0	0
0	0	0	0	0	0	0	0	0	0	0	0	0	0	0	0.11568	0.57032	0.579444	0.579444	0.579444	0.579444	0.579444	0.579444	0.579444	0.579444	0.579444	0.579444	0.579444	0.579444	0.579444	0.579444	0.579444	0.579444	0.579444	0.579444	0.579444	0.579444	0.579444	0.579444	0.579444	0.579444	0.579444	0.535566	0.367292	0.0964667	0	0	0	0	0	0	0	0	0	0	0	0	0	0	0	0	0	0	0
0	0	0	0	0	0	0	0	0	0	0	0	0	0	0	0	0.447471	0.579444	0.579444	0.579444	0.579444	0.579444	0.579444	0.579444	0.579444	0.579444	0.579444	0.579444	0.579444	0.579444	0.579444	0.579444	0.579444	0.579444	0.579444	0.579444	0.579444	0.579444	0.579444	0.578023	0.484361	0.285421	0.0160505	0	0	0	0	0	0	0	0	0	0	0	0	0	0	0	0	0	0	0	0	0
0	0	0	0	0	0	0	0	0	0	0	0	0	0	0	0	0.223206	0.579444	0.579444	0.579444	0.579444	0.579444	0.579444	0.579444	0.579444	0.579444	0.579444	0.579444	0.579444	0.579444	0.579444	0.579444	0.579444	0.579444	0.579444	0.579444	0.579444	0.562192	0.423398	0.18175	0	0	0	0	0	0	0	0	0	0	0	0	0	0	0	0	0	0	0	0	0	0	0	0
0	0	0	0	0	0	0	0	0	0	0	0	0	0	0	0	0	0.505714	0.579444	0.579444	0.579444	0.579444	0.579444	0.579444	0.579444	0.579444	0.579444	0.579444	0.579444	0.579444	0.579444	0.579444	0.579444	0.579444	0.579444	0.527388	0.353005	0.077985	0	0	0	0	0	0	0	0	0	0	0	0	0	0	0	0	0	0	0	0	0	0	0	0	0	0
0	0	0	0	0	0	0	0	0	0	0	0	0	0	0	0	0	0.318633	0.579444	0.579444	0.579444	0.579444	0.579444	0.579444	0.579444	0.579444	0.579444	0.579444	0.579444	0.579444	0.579444	0.579444	0.576382	0.473345	0.267576	0.00759445	0	0	0	0	0	0	0	0	0	0	0	0	0	0	0	0	0	0	0	0	0	0	0	0	0	0	0	0
0	0	0	0	0	0	0	0	0	0	0	0	0	0	0	0	0	0.0408145	0.549682	0.579444	0.579444	0.579444	0.579444	0.579444	0.579444	0.579444	0.579444	0.579444	0.579444	0.579444	0.557107	0.410823	0.161143	0	0	0	0	0	0	0	0	0	0	0	0	0	0	0	0	0	0	0	0	0	0	0	0	0	0	0	0	0	0	0
0	0	0	0	0	0	0	0	0	0	0	0	0	0	0	0	0	0	0.394481	0.579444	0.579444	0.579444	0.579444	0.579444	0.579444	0.579444	0.579444	0.579444	0.518345	0.338194	0.0606738	0	0	0	0	0	0	0	0	0	0	0	0	0	0	0	0	0	0	0	0	0	0	0	0	0	0	0	0	0	0	0	0	0
0	0	0	0	0	0	0	0	0	0	0	0	0	0	0	0	0	0	0.135522	0.573392	0.579444	0.579444	0.579444	0.579444	0.579444	0.574103	0.462082	0.248742	0.00215554	0	0	0	0	0	0	0	0	0	0	0	0	0	0	0	0	0	0	0	0	0	0	0	0	0	0	0	0	0	0	0	0	0	0	0
0	0	0	0	0	0	0	0	0	0	0	0	0	0	0	0	0	0	0	0.459019	0.579444	0.579444	0.579444	0.55136	0.397998	0.140863	0	0	0	0	0	0	0	0	0	0	0	0	0	0	0	0	0	0	0	0	0	0	0	0	0	0	0	0	0	0	0	0	0	0	0	0	0	0
0	0	0	0	0	0	0	0	0	0	0	0	0	0	0	0	0	0	0	0.243505	0.579444	0.508486	0.3228	0.0447517	0	0	0	0	0	0	0	0	0	0	0	0	0	0	0	0	0	0	0	0	0	0	0	0	0	0	0	0	0	0	0	0	0	0	0	0	0	0	0	0
0	0	0	0	0	0	0	0	0	0	0	0	0	0	0	0	0	0	0	0.00126273	0.0487653	0	0	0	0	0	0	0	0	0	0	0	0	0	0	0	0	0	0	0	0	0	0	0	0	0	0	0	0	0	0	0	0	0	0	0	0	0	0	0	0	0	0	0
0	0	0	0	0	0	0	0	0	0	0	0	0	0	0	0	0	0	0	0	0	0	0	0	0	0	0	0	0	0	0	0	0	0	0	0	0	0	0	0	0	0	0	0	0	0	0	0	0	0	0	0	0	0	0	0	0	0	0	0	0	0	0	0
0	0	0	0	0	0	0	0	0	0	0	0	0	0	0	0	0	0	0	0	0	0	0	0	0	0	0	0	0	0	0	0	0	0	0	0	0	0	0	0	0	0	0	0	0	0	0	0	0	0	0	0	0	0	0	0	0	0	0	0	0	0	0	0
