1	1	1	1	1	1	1	1	1	1	1	1	1	1	1	1	1	1	1	1	1	1	1	1	1	1	1	1	1	1	1	1	1	1	1	1	1	1	1	1	1	1	1	1	1	1	1	1	1	1	1	1	1	1	1	1	1	1	1	1	1	1	1	1
1	1	1	1	1	1	1	1	1	1	1	1	1	1	1	1	1	1	1	1	1	1	1	1	1	1	1	1	1	1	1	1	1	1	1	1	1	1	1	1	1	1	1	1	1	1	1	1	1	1	1	1	1	1	1	1	1	1	1	1	1	1	1	1
1	1	1	1	1	1	1	1	1	1	1	1	1	1	1	1	1	1	1	1	1	1	1	1	1	1	1	1	1	1	1	1	1	1	1	1	1	1	1	1	1	1	1	1	1	1	1	1	1	1	1	1	1	1	1	1	1	1	1	1	1	1	1	1
1	1	1	1	1	1	1	1	1	1	1	1	1	1	1	1	1	1	1	1	1	1	1	1	1	1	1	1	1	1	1	1	1	1	1	1	1	1	1	1	1	1	1	1	1	1	1	1	1	1	1	1	1	1	1	1	1	1	1	1	1	1	1	1
1	1	1	1	1	1	1	1	1	1	1	1	1	1	1	1	1	1	1	1	1	1	1	1	1	1	1	1	1	1	1	1	1	1	1	1	1	1	1	1	1	1	1	1	1	1	1	1	1	1	1	1	1	1	1	1	1	1	1	1	1	1	1	1
1	1	1	1	1	1	1	1	1	1	1	1	1	1	1	1	1	1	1	1	1	1	1	1	1	1	1	1	1	1	1	1	1	1	1	1	1	1	1	1	1	1	1	1	1	1	1	1	1	1	1	1	1	1	1	1	1	1	1	1	1	1	1	1
1	1	1	1	1	1	1	1	1	1	1	1	1	1	1	1	1	1	1	1	1	1	1	1	1	1	1	1	1	1	1	1	1	1	1	1	1	1	1	1	1	1	1	1	1	1	1	1	1	1	1	1	1	1	1	1	1	1	1	1	1	1	1	1
1	1	1	1	1	1	1	1	1	1	1	1	1	1	1	1	1	1	1	1	1	1	1	1	1	1	1	1	1	1	1	1	1	1	1	1	1	1	1	1	1	1	1	1	1	1	1	1	1	1	1	1	1	1	1	1	1	1	1	1	1	1	1	1
1	1	1	1	1	1	1	1	1	1	1	1	1	1	1	1	1	1	1	1	1	1	1	1	1	1	1	1	1	1	1	1	1	1	1	1	1	1	1	1	1	1	1	1	1	1	1	1	1	1	1	1	1	1	1	1	1	1	1	1	1	1	1	1
1	1	1	1	1	1	1	1	1	1	1	1	1	1	1	1	1	1	1	1	1	1	1	1	1	1	1	1	1	1	1	1	1	1	1	1	1	1	1	1	1	1	1	1	1	1	1	1	1	1	1	1	1	1	1	1	1	1	1	1	1	1	1	1
1	1	1	1	1	1	1	1	1	1	1	1	1	1	1	1	1	1	1	1	1	1	1	1	1	1	1	1	1	1	1	1	1	1	1	1	1	1	1	1	1	1	1	1	1	1	1	1	1	1	1	1	1	1	1	1	1	1	1	1	1	1	1	1
1	1	1	1	1	1	1	1	1	1	1	1	1	1	1	1	1	1	1	1	1	1	1	1	1	1	1	1	1	1	1	1	1	1	1	1	1	1	1	1	1	1	1	1	1	1	1	1	1	1	1	1	1	1	1	1	1	1	1	1	1	1	1	1
1	1	1	1	1	1	1	1	1	1	1	1	1	1	1	1	1	1	1	1	1	1	1	1	1	1	1	1	1	1	1	1	1	1	1	1	1	1	1	1	1	1	1	1	1	1	1	1	1	1	1	1	1	1	1	1	1	1	1	1	1	1	1	1
1	1	1	1	1	1	1	1	1	1	1	1	1	1	1	1	1	1	1	1	1	1	1	1	1	1	1	1	1	1	1	1	1	1	1	1	1	1	1	1	1	1	1	1	1	1	1	1	1	1	1	1	1	1	1	1	1	1	1	1	1	1	1	1
1	1	1	1	1	1	1	1	1	1	1	1	1	1	1	1	1	1	1	1	1	1	1	1	1	1	1	1	1	1	1	1	1	1	1	1	1	1	1	1	1	1	1	1	1	1	1	1	1	1	1	1	1	1	1	1	1	1	1	1	1	1	1	1
1	1	1	1	1	1	1	1	1	1	1	1	1	1	1	1	1	1	1	1	1	1	1	1	1	1	1	1	1	1	1	1	1	1	1	1	1	1	1	1	1	1	1	1	1	1	1	1	1	1	1	1	1	1	1	1	1	1	1	1	1	1	1	1
1	1	1	1	1	1	1	1	1	1	1	1	1	1	1	1	1	1	1	1	1	1	1	1	1	1	1	1	1	1	1	1	1	1	1	1	1	1	1	1	1	1	1	1	1	1	1	1	1	1	1	1	1	1	1	1	1	1	1	1	1	1	1	1
1	1	1	1	1	1	1	1	1	1	1	1	1	1	1	1	1	1	1	1	1	1	1	1	1	1	1	1	1	1	1	1	1	1	1	1	1	1	1	1	1	1	1	1	1	1	1	1	1	1	1	1	1	1	1	1	1	1	1	1	1	1	1	1
1	1	1	1	1	1	1	1	1	1	1	1	1	1	1	1	1	1	1	1	1	1	1	1	1	1	1	1	1	1	1	1	1	1	1	1	1	1	1	1	1	1	1	1	1	1	1	1	1	1	1	1	1	1	1	1	1	1	1	1	1	1	1	1
1	1	1	1	1	1	1	1	1	1	1	1	1	1	1	1	1	1	1	1	1	1	1	1	1	1	1	1	1	1	1	1	1	1	1	1	1	1	1	1	1	1	1	1	1	1	1	1	1	1	1	1	1	1	1	1	1	1	1	1	1	1	1	1
1	1	1	1	1	1	1	1	1	1	1	1	1	1	1	1	1	1	1	1	1	1	1	1	1	1	1	1	1	1	1	1	1	1	1	1	1	1	1	1	1	1	1	1	1	1	1	1	1	1	1	1	1	1	1	1	1	1	1	1	1	1	1	1
1	1	1	1	1	1	1	1	1	1	1	1	1	1	1	1	1	1	1	1	1	1	1	1	1	1	1	1	1	1	1	1	1	1	1	1	1	1	1	1	1	1	1	1	1	1	1	1	1	1	1	1	1	1	1	1	1	1	1	1	1	1	1	1
1	1	1	1	1	1	1	1	1	1	1	1	1	1	1	1	1	1	1	1	1	1	1	1	1	1	1	1	1	1	1	1	1	1	1	1	1	1	1	1	1	1	1	1	1	1	1	1	1	1	1	1	1	1	1	1	1	1	1	1	1	1	1	1
1	1	1	1	1	1	1	1	1	1	1	1	1	1	1	1	1	1	1	1	1	1	1	1	1	1	1	1	1	1	1	1	1	1	1	1	1	1	1	1	1	1	1	1	1	1	1	1	1	1	1	1	1	1	1	1	1	1	1	1	1	1	1	1
1	1	1	1	1	1	1	1	1	1	1	1	1	1	1	1	1	1	1	1	1	1	1	1	1	1	1	1	1	1	1	1	1	1	1	1	1	1	1	1	1	1	1	1	1	1	1	1	1	1	1	1	1	1	1	1	1	1	1	1	1	1	1	1
2.04935	2.04935	2.04935	2.04935	2.04935	2.04935	2.04935	2.04935	2.04935	2.04935	2.04935	2.04935	2.04935	2.04935	2.04935	2.04935	2.04935	2.04935	2.04935	2.04935	2.04935	2.04935	2.04935	2.04935	2.04935	2.04935	2.04935	2.04935	2.04935	2.04935	2.04935	2.04935	2.04935	2.04935	2.04935	2.04935	2.04935	2.04935	2.04935	2.04935	2.04935	2.04935	2.04935	2.04935	2.04935	2.04935	2.04935	2.04935	2.04935	2.04935	2.04935	2.04935	2.04935	2.04935	2.04935	2.04935	2.04935	2.04935	2.04935	2.04935	2.04935	2.04935	2.04935	2.04935
3.00417	3.00417	3.00417	3.00417	3.00417	3.00417	3.00417	3.00417	3.00417	3.00417	3.00417	3.00417	3.00417	3.00417	3.00417	3.00417	3.00417	3.00417	3.00417	3.00417	3.00417	3.00417	3.00417	3.00417	3.00417	3.00417	3.00417	3.00417	3.00417	3.00417	3.00417	3.00417	3.00417	3.00417	3.00417	3.00417	3.00417	3.00417	3.00417	3.00417	3.00417	3.00417	3.00417	3.00417	3.00417	3.00417	3.00417	3.00417	3.00417	3.00417	3.00417	3.00417	3.00417	3.00417	3.00417	3.00417	3.00417	3.00417	3.00417	3.00417	3.00417	3.00417	3.00417	3.00417
3.00417	3.00417	3.00417	3.00417	3.00417	3.00417	3.00417	3.00417	3.00417	3.00417	3.00417	3.00417	3.00417	3.00417	3.00417	3.00417	3.00417	3.00417	3.00417	3.00417	3.00417	3.00417	3.00417	3.00417	3.00417	3.00417	3.00417	3.00417	3.00417	3.00417	3.00417	3.00417	3.00417	3.00417	3.00417	3.00417	3.00417	3.00417	3.00417	3.00417	3.00417	3.00417	3.00417	3.00417	3.00417	3.00417	3.00417	3.00417	3.00417	3.00417	3.00417	3.00417	3.00417	3.00417	3.00417	3.00417	3.00417	3.00417	3.00417	3.00417	3.00417	3.00417	3.00417	3.00417
3.00417	3.00417	3.00417	3.00417	3.00417	3.00417	3.00417	3.00417	3.00417	3.00417	3.00417	3.00417	3.00417	3.00417	3.00417	3.00417	3.00417	3.00417	3.00417	3.00417	3.00417	3.00417	3.00417	3.00417	3.00417	3.00417	3.00417	3.00417	3.00417	3.00417	3.00417	3.00417	3.00417	3.00417	3.00417	3.00417	3.00417	3.00417	3.00417	3.00417	3.00417	3.00417	3.00417	3.00417	3.00417	3.00417	3.00417	3.00417	3.00417	3.00417	3.00417	3.00417	3.00417	3.00417	3.00417	3.00417	3.00417	3.00417	3.00417	3.00417	3.00417	3.00417	3.00417	3.00417
3.00417	3.00417	3.00417	3.00417	3.00417	3.00417	3.00417	3.00417	3.00417	3.00417	3.00417	3.00417	3.00417	3.00417	3.00417	3.00417	3.00417	3.00417	3.00417	3.00417	3.00417	3.00417	3.00417	3.00417	3.00417	3.00417	3.00417	3.00417	3.00417	3.00417	3.00417	3.00417	3.00417	3.00417	3.00417	3.00417	3.00417	3.00417	3.00417	3.00417	3.00417	3.00417	3.00417	3.00417	3.00417	3.00417	3.00417	3.00417	3.00417	3.00417	3.00417	3.00417	3.00417	3.00417	3.00417	3.00417	3.00417	3.00417	3.00417	3.00417	3.00417	3.00417	3.00417	3.00417
3.00417	3.00417	3.00417	3.00417	3.00417	3.00417	3.00417	3.00417	3.00417	3.00417	3.00417	3.00417	3.00417	3.00417	3.00417	3.00417	3.00417	3.00417	3.00417	3.00417	3.00417	3.00417	3.00417	3.00417	3.00417	3.00417	3.00417	3.00417	3.00417	3.00417	3.00417	3.00417	3.00417	3.00417	3.00417	3.00417	3.00417	3.00417	3.00417	3.00417	3.00417	3.00417	3.00417	3.00417	3.00417	3.00417	3.00417	3.00417	3.00417	3.00417	3.00417	3.00417	3.00417	3.00417	3.00417	3.00417	3.00417	3.00417	3.00417	3.00417	3.00417	3.00417	3.00417	3.00417
3.00417	3.00417	3.00417	3.00417	3.00417	3.00417	3.00417	3.00417	3.00417	3.00417	3.00417	3.00417	3.00417	3.00417	3.00417	3.00417	3.00417	3.00417	3.00417	3.00417	3.00417	3.00417	3.00417	3.00417	3.00417	3.00417	3.00417	3.00417	3.00417	3.00417	3.00417	3.00417	3.00417	3.00417	3.00417	3.00417	3.00417	3.00417	3.00417	3.00417	3.00417	3.00417	3.00417	3.00417	3.00417	3.00417	3.00417	3.00417	3.00417	3.00417	3.00417	3.00417	3.00417	3.00417	3.00417	3.00417	3.00417	3.00417	3.00417	3.00417	3.00417	3.00417	3.00417	3.00417
3.00417	3.00417	3.00417	3.00417	3.00417	3.00417	3.00417	3.00417	3.00417	3.00417	3.00417	3.00417	3.00417	3.00417	3.00417	3.00417	3.00417	3.00417	3.00417	3.00417	3.00417	3.00417	3.00417	3.00417	3.00417	3.00417	3.00417	3.00417	3.00417	3.00417	3.00417	3.00417	3.00417	3.00417	3.00417	3.00417	3.00417	3.00417	3.00417	3.00417	3.00417	3.00417	3.00417	3.00417	3.00417	3.00417	3.00417	3.00417	3.00417	3.00417	3.00417	3.00417	3.00417	3.00417	3.00417	3.00417	3.00417	3.00417	3.00417	3.00417	3.00417	3.00417	3.00417	3.00417
3.00417	3.00417	3.00417	3.00417	3.00417	3.00417	3.00417	3.00417	3.00417	3.00417	3.00417	3.00417	3.00417	3.00417	3.00417	3.00417	3.00417	3.00417	3.00417	3.00417	3.00417	3.00417	3.00417	3.00417	3.00417	3.00417	3.00417	3.00417	3.00417	3.00417	3.00417	3.00417	3.00417	3.00417	3.00417	3.00417	3.00417	3.00417	3.00417	3.00417	3.00417	3.00417	3.00417	3.00417	3.00417	3.00417	3.00417	3.00417	3.00417	3.00417	3.00417	3.00417	3.00417	3.00417	3.00417	3.00417	3.00417	3.00417	3.00417	3.00417	3.00417	3.00417	3.00417	3.00417
3.00417	3.00417	3.00417	3.00417	3.00417	3.00417	3.00417	3.00417	3.00417	3.00417	3.00417	3.00417	3.00417	3.00417	3.00417	3.00417	3.00417	3.00417	3.00417	3.00417	3.00417	3.00417	3.00417	3.00417	3.00417	3.00417	3.00417	3.00417	3.00417	3.00417	3.00417	3.00417	3.00417	3.00417	3.00417	3.00417	3.00417	3.00417	3.00417	3.00417	3.00417	3.00417	3.00417	3.00417	3.00417	3.00417	3.00417	3.00417	3.00417	3.00417	3.00417	3.00417	3.00417	3.00417	3.00417	3.00417	3.00417	3.00417	3.00417	3.00417	3.00417	3.00417	3.00417	3.00417
3.00417	3.00417	3.00417	3.00417	3.00417	3.00417	3.00417	3.00417	3.00417	3.00417	3.00417	3.00417	3.00417	3.00417	3.00417	3.00417	3.00417	3.00417	3.00417	3.00417	3.00417	3.00417	3.00417	3.00417	3.00417	3.00417	3.00417	3.00417	3.00417	3.00417	3.00417	3.00417	3.00417	3.00417	3.00417	3.00417	3.00417	3.00417	3.00417	3.00417	3.00417	3.00417	3.00417	3.00417	3.00417	3.00417	3.00417	3.00417	3.00417	3.00417	3.00417	3.00417	3.00417	3.00417	3.00417	3.00417	3.00417	3.00417	3.00417	3.00417	3.00417	3.00417	3.00417	3.00417
3.00417	3.00417	3.00417	3.00417	3.00417	3.00417	3.00417	3.00417	3.00417	3.00417	3.00417	3.00417	3.00417	3.00417	3.00417	3.00417	3.00417	3.00417	3.00417	3.00417	3.00417	3.00417	3.00417	3.00417	3.00417	3.00417	3.00417	3.00417	3.00417	3.00417	3.00417	3.00417	3.00417	3.00417	3.00417	3.00417	3.00417	3.00417	3.00417	3.00417	3.00417	3.00417	3.00417	3.00417	3.00417	3.00417	3.00417	3.00417	3.00417	3.00417	3.00417	3.00417	3.00417	3.00417	3.00417	3.00417	3.00417	3.00417	3.00417	3.00417	3.00417	3.00417	3.00417	3.00417
3.00417	3.00417	3.00417	3.00417	3.00417	3.00417	3.00417	3.00417	3.00417	3.00417	3.00417	3.00417	3.00417	3.00417	3.00417	3.00417	3.00417	3.00417	3.00417	3.00417	3.00417	3.00417	3.00417	3.00417	3.00417	3.00417	3.00417	3.00417	3.00417	3.00417	3.00417	3.00417	3.00417	3.00417	3.00417	3.00417	3.00417	3.00417	3.00417	3.00417	3.00417	3.00417	3.00417	3.00417	3.00417	3.00417	3.00417	3.00417	3.00417	3.00417	3.00417	3.00417	3.00417	3.00417	3.00417	3.00417	3.00417	3.00417	3.00417	3.00417	3.00417	3.00417	3.00417	3.00417
3.00417	3.00417	3.00417	3.00417	3.00417	3.00417	3.00417	3.00417	3.00417	3.00417	3.00417	3.00417	3.00417	3.00417	3.00417	3.00417	3.00417	3.00417	3.00417	3.00417	3.00417	3.00417	3.00417	3.00417	3.00417	3.00417	3.00417	3.00417	3.00417	3.00417	3.00417	3.00417	3.00417	3.00417	3.00417	3.00417	3.00417	3.00417	3.00417	3.00417	3.00417	3.00417	3.00417	3.00417	3.00417	3.00417	3.00417	3.00417	3.00417	3.00417	3.00417	3.00417	3.00417	3.00417	3.00417	3.00417	3.00417	3.00417	3.00417	3.00417	3.00417	3.00417	3.00417	3.00417
3.00417	3.00417	3.00417	3.00417	3.00417	3.00417	3.00417	3.00417	3.00417	3.00417	3.00417	3.00417	3.00417	3.00417	3.00417	3.00417	3.00417	3.00417	3.00417	3.00417	3.00417	3.00417	3.00417	3.00417	3.00417	3.00417	3.00417	3.00417	3.00417	3.00417	3.00417	3.00417	3.00417	3.00417	3.00417	3.00417	3.00417	3.00417	3.00417	3.00417	3.00417	3.00417	3.00417	3.00417	3.00417	3.00417	3.00417	3.00417	3.00417	3.00417	3.00417	3.00417	3.00417	3.00417	3.00417	3.00417	3.00417	3.00417	3.00417	3.00417	3.00417	3.00417	3.00417	3.00417
3.00417	3.00417	3.00417	3.00417	3.00417	3.00417	3.00417	3.00417	3.00417	3.00417	3.00417	3.00417	3.00417	3.00417	3.00417	3.00417	3.00417	3.00417	3.00417	3.00417	3.00417	3.00417	3.00417	3.00417	3.00417	3.00417	3.00417	3.00417	3.00417	3.00417	3.00417	3.00417	3.00417	3.00417	3.00417	3.00417	3.00417	3.00417	3.00417	3.00417	3.00417	3.00417	3.00417	3.00417	3.00417	3.00417	3.00417	3.00417	3.00417	3.00417	3.00417	3.00417	3.00417	3.00417	3.00417	3.00417	3.00417	3.00417	3.00417	3.00417	3.00417	3.00417	3.00417	3.00417
3.00417	3.00417	3.00417	3.00417	3.00417	3.00417	3.00417	3.00417	3.00417	3.00417	3.00417	3.00417	3.00417	3.00417	3.00417	3.00417	3.00417	3.00417	3.00417	3.00417	3.00417	3.00417	3.00417	3.00417	3.00417	3.00417	3.00417	3.00417	3.00417	3.00417	3.00417	3.00417	3.00417	3.00417	3.00417	3.00417	3.00417	3.00417	3.00417	3.00417	3.00417	3.00417	3.00417	3.00417	3.00417	3.00417	3.00417	3.00417	3.00417	3.00417	3.00417	3.00417	3.00417	3.00417	3.00417	3.00417	3.00417	3.00417	3.00417	3.00417	3.00417	3.00417	3.00417	3.00417
3.00417	3.00417	3.00417	3.00417	3.00417	3.00417	3.00417	3.00417	3.00417	3.00417	3.00417	3.00417	3.00417	3.00417	3.00417	3.00417	3.00417	3.00417	3.00417	3.00417	3.00417	3.00417	3.00417	3.00417	3.00417	3.00417	3.00417	3.00417	3.00417	3.00417	3.00417	3.00417	3.00417	3.00417	3.00417	3.00417	3.00417	3.00417	3.00417	3.00417	3.00417	3.00417	3.00417	3.00417	3.00417	3.00417	3.00417	3.00417	3.00417	3.00417	3.00417	3.00417	3.00417	3.00417	3.00417	3.00417	3.00417	3.00417	3.00417	3.00417	3.00417	3.00417	3.00417	3.00417
3.00417	3.00417	3.00417	3.00417	3.00417	3.00417	3.00417	3.00417	3.00417	3.00417	3.00417	3.00417	3.00417	3.00417	3.00417	3.00417	3.00417	3.00417	3.00417	3.00417	3.00417	3.00417	3.00417	3.00417	3.00417	3.00417	3.00417	3.00417	3.00417	3.00417	3.00417	3.00417	3.00417	3.00417	3.00417	3.00417	3.00417	3.00417	3.00417	3.00417	3.00417	3.00417	3.00417	3.00417	3.00417	3.00417	3.00417	3.00417	3.00417	3.00417	3.00417	3.00417	3.00417	3.00417	3.00417	3.00417	3.00417	3.00417	3.00417	3.00417	3.00417	3.00417	3.00417	3.00417
3.00417	3.00417	3.00417	3.00417	3.00417	3.00417	3.00417	3.00417	3.00417	3.00417	3.00417	3.00417	3.00417	3.00417	3.00417	3.00417	3.00417	3.00417	3.00417	3.00417	3.00417	3.00417	3.00417	3.00417	3.00417	3.00417	3.00417	3.00417	3.00417	3.00417	3.00417	3.00417	3.00417	3.00417	3.00417	3.00417	3.00417	3.00417	3.00417	3.00417	3.00417	3.00417	3.00417	3.00417	3.00417	3.00417	3.00417	3.00417	3.00417	3.00417	3.00417	3.00417	3.00417	3.00417	3.00417	3.00417	3.00417	3.00417	3.00417	3.00417	3.00417	3.00417	3.00417	3.00417
3.00417	3.00417	3.00417	3.00417	3.00417	3.00417	3.00417	3.00417	3.00417	3.00417	3.00417	3.00417	3.00417	3.00417	3.00417	3.00417	3.00417	3.00417	3.00417	3.00417	3.00417	3.00417	3.00417	3.00417	3.00417	3.00417	3.00417	3.00417	3.00417	3.00417	3.00417	3.00417	3.00417	3.00417	3.00417	3.00417	3.00417	3.00417	3.00417	3.00417	3.00417	3.00417	3.00417	3.00417	3.00417	3.00417	3.00417	3.00417	3.00417	3.00417	3.00417	3.00417	3.00417	3.00417	3.00417	3.00417	3.00417	3.00417	3.00417	3.00417	3.00417	3.00417	3.00417	3.00417
3.00417	3.00417	3.00417	3.00417	3.00417	3.00417	3.00417	3.00417	3.00417	3.00417	3.00417	3.00417	3.00417	3.00417	3.00417	3.00417	3.00417	3.00417	3.00417	3.00417	3.00417	3.00417	3.00417	3.00417	3.00417	3.00417	3.00417	3.00417	3.00417	3.00417	3.00417	3.00417	3.00417	3.00417	3.00417	3.00417	3.00417	3.00417	3.00417	3.00417	3.00417	3.00417	3.00417	3.00417	3.00417	3.00417	3.00417	3.00417	3.00417	3.00417	3.00417	3.00417	3.00417	3.00417	3.00417	3.00417	3.00417	3.00417	3.00417	3.00417	3.00417	3.00417	3.00417	3.00417
3.00417	3.00417	3.00417	3.00417	3.00417	3.00417	3.00417	3.00417	3.00417	3.00417	3.00417	3.00417	3.00417	3.00417	3.00417	3.00417	3.00417	3.00417	3.00417	3.00417	3.00417	3.00417	3.00417	3.00417	3.00417	3.00417	3.00417	3.00417	3.00417	3.00417	3.00417	3.00417	3.00417	3.00417	3.00417	3.00417	3.00417	3.00417	3.00417	3.00417	3.00417	3.00417	3.00417	3.00417	3.00417	3.00417	3.00417	3.00417	3.00417	3.00417	3.00417	3.00417	3.00417	3.00417	3.00417	3.00417	3.00417	3.00417	3.00417	3.00417	3.00417	3.00417	3.00417	3.00417
3.00417	3.00417	3.00417	3.00417	3.00417	3.00417	3.00417	3.00417	3.00417	3.00417	3.00417	3.00417	3.00417	3.00417	3.00417	3.00417	3.00417	3.00417	3.00417	3.00417	3.00417	3.00417	3.00417	3.00417	3.00417	3.00417	3.00417	3.00417	3.00417	3.00417	3.00417	3.00417	3.00417	3.00417	3.00417	3.00417	3.00417	3.00417	3.00417	3.00417	3.00417	3.00417	3.00417	3.00417	3.00417	3.00417	3.00417	3.00417	3.00417	3.00417	3.00417	3.00417	3.00417	3.00417	3.00417	3.00417	3.00417	3.00417	3.00417	3.00417	3.00417	3.00417	3.00417	3.00417
3.00417	3.00417	3.00417	3.00417	3.00417	3.00417	3.00417	3.00417	3.00417	3.00417	3.00417	3.00417	3.00417	3.00417	3.00417	3.00417	3.00417	3.00417	3.00417	3.00417	3.00417	3.00417	3.00417	3.00417	3.00417	3.00417	3.00417	3.00417	3.00417	3.00417	3.00417	3.00417	3.00417	3.00417	3.00417	3.00417	3.00417	3.00417	3.00417	3.00417	3.00417	3.00417	3.00417	3.00417	3.00417	3.00417	3.00417	3.00417	3.00417	3.00417	3.00417	3.00417	3.00417	3.00417	3.00417	3.00417	3.00417	3.00417	3.00417	3.00417	3.00417	3.00417	3.00417	3.00417
3.00417	3.00417	3.00417	3.00417	3.00417	3.00417	3.00417	3.00417	3.00417	3.00417	3.00417	3.00417	3.00417	3.00417	3.00417	3.00417	3.00417	3.00417	3.00417	3.00417	3.00417	3.00417	3.00417	3.00417	3.00417	3.00417	3.00417	3.00417	3.00417	3.00417	3.00417	3.00417	3.00417	3.00417	3.00417	3.00417	3.00417	3.00417	3.00417	3.00417	3.00417	3.00417	3.00417	3.00417	3.00417	3.00417	3.00417	3.00417	3.00417	3.00417	3.00417	3.00417	3.00417	3.00417	3.00417	3.00417	3.00417	3.00417	3.00417	3.00417	3.00417	3.00417	3.00417	3.00417
1.6107	1.6107	1.6107	1.6107	1.6107	1.6107	1.6107	1.6107	1.6107	1.6107	1.6107	1.6107	1.6107	1.6107	1.6107	1.6107	1.6107	1.6107	1.6107	1.6107	1.6107	1.6107	1.6107	1.6107	1.6107	1.6107	1.6107	1.6107	1.6107	1.6107	1.6107	1.6107	1.6107	1.6107	1.6107	1.6107	1.6107	1.6107	1.6107	1.6107	1.6107	1.6107	1.6107	1.6107	1.6107	1.6107	1.6107	1.6107	1.6107	1.6107	1.6107	1.6107	1.6107	1.6107	1.6107	1.6107	1.6107	1.6107	1.6107	1.6107	1.6107	1.6107	1.6107	1.6107
1	1	1	1	1	1	1	1	1	1	1	1	1	1	1	1	1	1	1	1	1	1	1	1	1	1	1	1	1	1	1	1	1	1	1	1	1	1	1	1	1	1	1	1	1	1	1	1	1	1	1	1	1	1	1	1	1	1	1	1	1	1	1	1
1	1	1	1	1	1	1	1	1	1	1	1	1	1	1	1	1	1	1	1	1	1	1	1	1	1	1	1	1	1	1	1	1	1	1	1	1	1	1	1	1	1	1	1	1	1	1	1	1	1	1	1	1	1	1	1	1	1	1	1	1	1	1	1
1	1	1	1	1	1	1	1	1	1	1	1	1	1	1	1	1	1	1	1	1	1	1	1	1	1	1	1	1	1	1	1	1	1	1	1	1	1	1	1	1	1	1	1	1	1	1	1	1	1	1	1	1	1	1	1	1	1	1	1	1	1	1	1
1	1	1	1	1	1	1	1	1	1	1	1	1	1	1	1	1	1	1	1	1	1	1	1	1	1	1	1	1	1	1	1	1	1	1	1	1	1	1	1	1	1	1	1	1	1	1	1	1	1	1	1	1	1	1	1	1	1	1	1	1	1	1	1
1	1	1	1	1	1	1	1	1	1	1	1	1	1	1	1	1	1	1	1	1	1	1	1	1	1	1	1	1	1	1	1	1	1	1	1	1	1	1	1	1	1	1	1	1	1	1	1	1	1	1	1	1	1	1	1	1	1	1	1	1	1	1	1
1	1	1	1	1	1	1	1	1	1	1	1	1	1	1	1	1	1	1	1	1	1	1	1	1	1	1	1	1	1	1	1	1	1	1	1	1	1	1	1	1	1	1	1	1	1	1	1	1	1	1	1	1	1	1	1	1	1	1	1	1	1	1	1
1	1	1	1	1	1	1	1	1	1	1	1	1	1	1	1	1	1	1	1	1	1	1	1	1	1	1	1	1	1	1	1	1	1	1	1	1	1	1	1	1	1	1	1	1	1	1	1	1	1	1	1	1	1	1	1	1	1	1	1	1	1	1	1
1	1	1	1	1	1	1	1	1	1	1	1	1	1	1	1	1	1	1	1	1	1	1	1	1	1	1	1	1	1	1	1	1	1	1	1	1	1	1	1	1	1	1	1	1	1	1	1	1	1	1	1	1	1	1	1	1	1	1	1	1	1	1	1
1	1	1	1	1	1	1	1	1	1	1	1	1	1	1	1	1	1	1	1	1	1	1	1	1	1	1	1	1	1	1	1	1	1	1	1	1	1	1	1	1	1	1	1	1	1	1	1	1	1	1	1	1	1	1	1	1	1	1	1	1	1	1	1
1	1	1	1	1	1	1	1	1	1	1	1	1	1	1	1	1	1	1	1	1	1	1	1	1	1	1	1	1	1	1	1	1	1	1	1	1	1	1	1	1	1	1	1	1	1	1	1	1	1	1	1	1	1	1	1	1	1	1	1	1	1	1	1
1	1	1	1	1	1	1	1	1	1	1	1	1	1	1	1	1	1	1	1	1	1	1	1	1	1	1	1	1	1	1	1	1	1	1	1	1	1	1	1	1	1	1	1	1	1	1	1	1	1	1	1	1	1	1	1	1	1	1	1	1	1	1	1
1	1	1	1	1	1	1	1	1	1	1	1	1	1	1	1	1	1	1	1	1	1	1	1	1	1	1	1	1	1	1	1	1	1	1	1	1	1	1	1	1	1	1	1	1	1	1	1	1	1	1	1	1	1	1	1	1	1	1	1	1	1	1	1
