1	1	1	1	1	1	1	1	1	1	1	1	1	1	1	1	1	1	1	1	1	1	1	1	1	1	1	1	1	1	1	1	1	1	1	1	1	1	1	1	1	1	1	1	1	1	1	1	1	1	1	1	1	1	1	1	1	1	1	1	1	1	1	1
1	1	1	1	1	1	1	1	1	1	1	1	1	1	1	1	1	1	1	1	1	1	1	1	1	1	1	1	1	1	1	1	1	1	1	1	1	1	1	1	1	1	1	1	1	1	1	1	1	1	1	1	1	1	1	1	1	1	1	1	1	1	1	1
1	1	1	1	1	1	1	1	1	1	1	1	1	1	1	1	1	1	1	1	1	1	1	1	1	1	1	1	1	1	1	1	1	1	1	1	1	1	1	1	1	1	1	1	1	1	1	1	1	1	1	1	1	1	1	1	1	1	1	1	1	1	1	1
1	1	1	1	1	1	1	1	1	1	1	1	1	1	1	1	1	1	1	1	1	1.21555	1.11255	1	1	1	1	1	1	1	1	1	1	1	1	1	1	1	1	1	1	1	1	1	1	1	1	1	1	1	1	1	1	1	1	1	1	1	1	1	1	1	1	1
1	1	1	1	1	1	1	1	1	1	1	1	1	1	1	1	1	1	1	1	1.1813	2.97855	2.91913	1.60685	1	1	1	1	1	1	1	1	1	1	1	1	1	1	1	1	1	1	1	1	1	1	1	1	1	1	1	1	1	1	1	1	1	1	1	1	1	1	1	1
1	1	1	1	1	1	1	1	1	1	1	1	1	1	1	1	1	1	1	1	2.5488	3.2	3.2	3.15397	2.24932	1.02596	1	1	1	1	1	1	1	1	1	1	1	1	1	1	1	1	1	1	1	1	1	1	1	1	1	1	1	1	1	1	1	1	1	1	1	1	1	1
1	1	1	1	1	1	1	1	1	1	1	1	1	1	1	1	1	1	1	1.93588	3.19688	3.2	3.2	3.2	3.2	2.7888	1.41369	1	1	1	1	1	1	1	1	1	1	1	1	1	1	1	1	1	1	1	1	1	1	1	1	1	1	1	1	1	1	1	1	1	1	1	1	1
1	1	1	1	1	1	1	1	1	1	1	1	1	1	1	1	1	1	1.337	3.06755	3.2	3.2	3.2	3.2	3.2	3.2	3.09856	2.03243	1	1	1	1	1	1	1	1	1	1	1	1	1	1	1	1	1	1	1	1	1	1	1	1	1	1	1	1	1	1	1	1	1	1	1	1
1	1	1	1	1	1	1	1	1	1	1	1	1	1	1	1	1	1	2.45848	3.2	3.2	3.2	3.2	3.2	3.2	3.2	3.2	3.2	2.62682	1.2446	1	1	1	1	1	1	1	1	1	1	1	1	1	1	1	1	1	1	1	1	1	1	1	1	1	1	1	1	1	1	1	1	1	1
1	1	1	1	1	1	1	1	1	1	1	1	1	1	1	1	1	1	1.67355	2.9555	3.2	3.2	3.2	3.2	3.2	3.2	3.2	3.2	3.2	3.02017	1.81185	1	1	1	1	1	1	1	1	1	1	1	1	1	1	1	1	1	1	1	1	1	1	1	1	1	1	1	1	1	1	1	1	1
1	1	1	1	1	1	1	1	1	1	1	1	1	1	1	1	1	1	1	1.15208	2.50866	3.19386	3.2	3.2	3.2	3.2	3.2	3.2	3.2	3.2	3.18704	2.44352	1.1103	1	1	1	1	1	1	1	1	1	1	1	1	1	1	1	1	1	1	1	1	1	1	1	1	1	1	1	1	1	1	1
1	1	1	1	1	1	1	1	1	1	1	1	1	1	1	1	1	1	1	1	1	1.88724	3.05008	3.2	3.2	3.2	3.2	3.2	3.2	3.2	3.2	3.2	2.91682	1.60282	1	1	1	1	1	1	1	1	1	1	1	1	1	1	1	1	1	1	1	1	1	1	1	1	1	1	1	1	1	1
1	1	1	1	1	1	1	1	1	1	1	1	1	1	1	1	1	1	1	1	1	1	1.29996	2.6868	3.2	3.2	3.2	3.2	3.2	3.2	3.2	3.2	3.2	3.15308	2.2453	1.02482	1	1	1	1	1	1	1	1	1	1	1	1	1	1	1	1	1	1	1	1	1	1	1	1	1	1	1	1
1	1	1	1	1	1	1	1	1	1	1	1	1	1	1	1	1	1	1	1	1	1	1	1.00183	2.11012	3.12031	3.2	3.2	3.2	3.2	3.2	3.2	3.2	3.2	3.2	2.7859	1.41005	1	1	1	1	1	1	1	1	1	1	1	1	1	1	1	1	1	1	1	1	1	1	1	1	1	1	1
1	1	1	1	1	1	1	1	1	1	1	1	1	1	1	1	1	1	1	1	1	1	1	1	1	1.4784	2.83737	3.2	3.2	3.2	3.2	3.2	3.2	3.2	3.2	3.2	3.09723	2.02796	1	1	1	1	1	1	1	1	1	1	1	1	1	1	1	1	1	1	1	1	1	1	1	1	1	1
1	1	1	1	1	1	1	1	1	1	1	1	1	1	1	1	1	1	1	1	1	1	1	1	1	1	1.04963	2.31992	3.16803	3.2	3.2	3.2	3.2	3.2	3.2	3.2	3.2	3.2	2.62296	1.24136	1	1	1	1	1	1	1	1	1	1	1	1	1	1	1	1	1	1	1	1	1	1	1	1
1	1	1	1	1	1	1	1	1	1	1	1	1	1	1	1	1	1	1	1	1	1	1	1	1	1	1	1	1.67793	2.95775	3.2	3.2	3.2	3.2	3.2	3.2	3.2	3.2	3.2	3.01826	1.80731	1	1	1	1	1	1	1	1	1	1	1	1	1	1	1	1	1	1	1	1	1	1	1
1	1	1	1	1	1	1	1	1	1	1	1	1	1	1	1	1	1	1	1	1	1	1	1	1	1	1	1	1	1.15464	2.51225	3.19418	3.2	3.2	3.2	3.2	3.2	3.2	3.2	3.2	3.18654	2.43936	1.10794	1	1	1	1	1	1	1	1	1	1	1	1	1	1	1	1	1	1	1	1	1
1	1	1	1	1	1	1	1	1	1	1	1	1	1	1	1	1	1	1	1	1	1	1	1	1	1	1	1	1	1	1	1.89161	3.05171	3.2	3.2	3.2	3.2	3.2	3.2	3.2	3.2	3.2	2.07073	1	1	1	1	1	1	1	1	1	1	1	1	1	1	1	1	1	1	1	1	1
1	1	1	1	1	1	1	1	1	1	1	1	1	1	1	1	1	1	1	1	1	1	1	1	1	1	1	1	1	1	1	1	1.30325	2.69012	3.2	3.2	3.2	3.2	3.2	3.2	3.2	3.13295	1.52166	1	1	1	1	1	1	1	1	1	1	1	1	1	1	1	1	1	1	1	1	1
1	1	1	1	1	1	1	1	1	1	1	1	1	1	1	1	1	1	1	1	1	1	1	1	1	1	1	1	1	1	1	1	1	1.00215	2.11439	3.12147	3.2	3.2	3.2	3.2	3.2	2.15873	1	1	1	1	1	1	1	1	1	1	1	1	1	1	1	1	1	1	1	1	1	1
1	1	1	1	1	1	1	1	1	1	1	1	1	1	1	1	1	1	1	1	1	1	1	1	1	1	1	1	1	1	1	1	1	1	1	1.48219	2.84005	3.2	3.2	3.2	2.72334	1.00697	1	1	1	1	1	1	1	1	1	1	1	1	1	1	1	1	1	1	1	1	1	1
1	1	1	1	1	1	1	1	1	1	1	1	1	1	1	1	1	1	1	1	1	1	1	1	1	1	1	1	1	1	1	1	1	1	1	1	1.05121	2.3238	3.16876	3.06784	1.33765	1	1	1	1	1	1	1	1	1	1	1	1	1	1	1	1	1	1	1	1	1	1	1
1	1	1	1	1	1	1	1	1	1	1	1	1	1	1	1	1	1	1	1	1	1	1	1	1	1	1	1	1	1	1	1	1	1	1	1	1	1	1.68206	1.60325	1	1	1	1	1	1	1	1	1	1	1	1	1	1	1	1	1	1	1	1	1	1	1	1
1	1	1	1	1	1	1	1	1	1	1	1	1	1	1	1	1	1	1	1	1	1	1	1	1	1	1	1	1	1	1	1	1	1	1	1	1	1	1	1	1	1	1	1	1	1	1	1	1	1	1	1	1	1	1	1	1	1	1	1	1	1	1	1
1	1	1	1	1	1	1	1	1	1	1	1	1	1	1	1	1	1	1	1	1	1	1	1	1	1	1	1	1	1	1	1	1	1	1	1	1	1	1	1	1	1.06414	1.55943	1.88682	1.99108	1.9833	1.78489	1.34357	1	1	1	1	1	1	1	1	1	1	1	1	1	1	1	1
1	1	1	1	1	1	1	1	1	1	1	1	1	1	1	1	1	1	1	1	1	1	1	1	1	1	1	1	1	1	1	1	1	1	1	1	1	1	1	1.69771	2.47	2.91226	2.98668	2.98668	2.98668	2.98668	2.98668	2.98668	2.7696	2.21512	1.31316	1	1	1	1	1	1	1	1	1	1	1	1	1
1	1	1	1	1	1	1	1	1	1	1	1	1	1	1	1	1	1	1	1	1	1	1	1	1	1	1	1	1	1	1	1	1	1	1	1	1	1.46988	2.60063	2.98668	2.98668	2.98668	2.98668	2.98668	2.98668	2.98668	2.98668	2.98668	2.98668	2.98668	2.93544	2.20943	1.09003	1	1	1	1	1	1	1	1	1	1	1
1	1	1	1	1	1	1	1	1	1	1	1	1	1	1	1	1	1	1	1	1	1	1	1	1	1	1	1	1	1	1	1	1	1	1	1	1.90477	2.9298	2.98668	2.98668	2.98668	2.98668	2.98668	2.98668	2.98668	2.98668	2.98668	2.98668	2.98668	2.98668	2.98668	2.98668	2.69222	1.35056	1	1	1	1	1	1	1	1	1	1
1	1	1	1	1	1	1	1	1	1	1	1	1	1	1	1	1	1	1	1	1	1	1	1	1	1	1	1	1	1	1	1	1	1	1	2.00943	2.97886	2.98668	2.98668	2.98668	2.98668	2.98668	2.98668	2.98668	2.98668	2.98668	2.98668	2.98668	2.98668	2.98668	2.98668	2.98668	2.98668	2.81139	1.37904	1	1	1	1	1	1	1	1	1
1	1	1	1	1	1	1	1	1	1	1	1	1	1	1	1	1	1	1	1	1	1	1	1	1	1	1	1	1	1	1	1	1	1	1.76714	2.97103	2.98668	2.98668	2.98668	2.98668	2.98668	2.98668	2.98668	2.98668	2.98668	2.98668	2.98668	2.98668	2.98668	2.98668	2.98668	2.98668	2.98668	2.98668	2.73636	1.14872	1	1	1	1	1	1	1	1
1	1	1	1	1	1	1	1	1	1	1	1	1	1	1	1	1	1	1	1	1	1	1	1	1	1	1	1	1	1	1	1	1	1.23597	2.85885	2.98668	2.98668	2.98668	2.98668	2.98668	2.98668	2.98668	2.98668	2.98668	2.98668	2.98668	2.98668	2.98668	2.98668	2.98668	2.98668	2.98668	2.98668	2.98668	2.98668	2.33837	1	1	1	1	1	1	1	1
1	1	1	1	1	1	1	1	1	1	1	1	1	1	1	1	1	1	1	1	1	1	1	1	1	1	1	1	1	1	1	1	1	2.30503	2.98668	2.98668	2.98668	2.98668	2.98668	2.98668	2.98668	2.98668	2.98668	2.98668	2.98668	2.98668	2.98668	2.98668	2.98668	2.98668	2.98668	2.98668	2.98668	2.98668	2.98668	2.97114	1.50785	1	1	1	1	1	1	1
1	1	1	1	1	1	1	1	1	1	1	1	1	1	1	1	1	1	1	1	1	1	1	1	1	1	1	1	1	1	1	1	1.21857	2.92919	2.98668	2.98668	2.98668	2.98668	2.98668	2.98668	2.98668	2.98668	2.98668	2.98668	2.98668	2.98668	2.98668	2.98668	2.98668	2.98668	2.98668	2.98668	2.98668	2.98668	2.98668	2.98668	2.41833	1	1	1	1	1	1	1
1	1	1	1	1	1	1	1	1	1	1	1	1	1	1	1	1	1	1	1	1	1	1	1	1	1	1	1	1	1	1	1	2.0015	2.98668	2.98668	2.98668	2.98668	2.98668	2.98668	2.98668	2.98668	2.98668	2.98668	2.98668	2.98668	2.98668	2.98668	2.98668	2.98668	2.98668	2.98668	2.98668	2.98668	2.98668	2.98668	2.98668	2.92302	1.12281	1	1	1	1	1	1
1	1	1	1	1	1	1	1	1	1	1	1	1	1	1	1	1	1	1	1	1	1	1	1	1	1	1	1	1	1	1	1	2.48951	2.98668	2.98668	2.98668	2.98668	2.98668	2.98668	2.98668	2.98668	2.98668	2.98668	2.98668	2.98668	2.98668	2.98668	2.98668	2.98668	2.98668	2.98668	2.98668	2.98668	2.98668	2.98668	2.98668	2.98668	1.7399	1	1	1	1	1	1
1	1	1	1	1	1	1	1	1	1	1	1	1	1	1	1	1	1	1	1	1	1	1	1	1	1	1	1	1	1	1	1	2.7778	2.98668	2.98668	2.98668	2.98668	2.98668	2.98668	2.98668	2.98668	2.98668	2.98668	2.98668	2.98668	2.98668	2.98668	2.98668	2.98668	2.98668	2.98668	2.98668	2.98668	2.98668	2.98668	2.98668	2.98668	2.13187	1	1	1	1	1	1
1	1	1	1	1	1	1	1	1	1	1	1	1	1	1	1	1	1	1	1	1	1	1	1	1	1	1	1	1	1	1	1	2.93107	2.98668	2.98668	2.98668	2.98668	2.98668	2.98668	2.98668	2.98668	2.98668	2.98668	2.98668	2.98668	2.98668	2.98668	2.98668	2.98668	2.98668	2.98668	2.98668	2.98668	2.98668	2.98668	2.98668	2.98668	2.32801	1	1	1	1	1	1
1	1	1	1	1	1	1	1	1	1	1	1	1	1	1	1	1	1	1	1	1	1	1	1	1	1	1	1	1	1	1	1	2.9784	2.98668	2.98668	2.98668	2.98668	2.98668	2.98668	2.98668	2.98668	2.98668	2.98668	2.98668	2.98668	2.98668	2.98668	2.98668	2.98668	2.98668	2.98668	2.98668	2.98668	2.98668	2.98668	2.98668	2.98668	2.38711	1	1	1	1	1	1
1	1	1	1	1	1	1	1	1	1	1	1	1	1	1	1	1	1	1	1	1	1	1	1	1	1	1	1	1	1	1	1	2.90969	2.98668	2.98668	2.98668	2.98668	2.98668	2.98668	2.98668	2.98668	2.98668	2.98668	2.98668	2.98668	2.98668	2.98668	2.98668	2.98668	2.98668	2.98668	2.98668	2.98668	2.98668	2.98668	2.98668	2.98668	2.30104	1	1	1	1	1	1
1	1	1	1	1	1	1	1	1	1	1	1	1	1	1	1	1	1	1	1	1	1	1	1	1	1	1	1	1	1	1	1	2.73213	2.98668	2.98668	2.98668	2.98668	2.98668	2.98668	2.98668	2.98668	2.98668	2.98668	2.98668	2.98668	2.98668	2.98668	2.98668	2.98668	2.98668	2.98668	2.98668	2.98668	2.98668	2.98668	2.98668	2.98668	2.07204	1	1	1	1	1	1
1	1	1	1	1	1	1	1	1	1	1	1	1	1	1	1	1	1	1	1	1	1	1	1	1	1	1	1	1	1	1	1	2.41131	2.98668	2.98668	2.98668	2.98668	2.98668	2.98668	2.98668	2.98668	2.98668	2.98668	2.98668	2.98668	2.98668	2.98668	2.98668	2.98668	2.98668	2.98668	2.98668	2.98668	2.98668	2.98668	2.98668	2.98668	1.62617	1	1	1	1	1	1
1	1	1	1	1	1	1	1	1	1	1	1	1	1	1	1	1	1	1	1	1	1	1	1	1	1	1	1	1	1	1	1	1.8662	2.98668	2.98668	2.98668	2.98668	2.98668	2.98668	2.98668	2.98668	2.98668	2.98668	2.98668	2.98668	2.98668	2.98668	2.98668	2.98668	2.98668	2.98668	2.98668	2.98668	2.98668	2.98668	2.98668	2.861	1.04371	1	1	1	1	1	1
1	1	1	1	1	1	1	1	1	1	1	1	1	1	1	1	1	1	1	1	1	1	1	1	1	1	1	1	1	1	1	1	1.0976	2.86083	2.98668	2.98668	2.98668	2.98668	2.98668	2.98668	2.98668	2.98668	2.98668	2.98668	2.98668	2.98668	2.98668	2.98668	2.98668	2.98668	2.98668	2.98668	2.98668	2.98668	2.98668	2.98668	2.2746	1	1	1	1	1	1	1
1	1	1	1	1	1	1	1	1	1	1	1	1	1	1	1	1	1	1	1	1	1	1	1	1	1	1	1	1	1	1	1	1	2.1141	2.98668	2.98668	2.98668	2.98668	2.98668	2.98668	2.98668	2.98668	2.98668	2.98668	2.98668	2.98668	2.98668	2.98668	2.98668	2.98668	2.98668	2.98668	2.98668	2.98668	2.98668	2.92372	1.31477	1	1	1	1	1	1	1
1	1	1	1	1	1	1	1	1	1	1	1	1	1	1	1	1	1	1	1	1	1	1	1	1	1	1	1	1	1	1	1	1	1.08502	2.73357	2.98668	2.98668	2.98668	2.98668	2.98668	2.98668	2.98668	2.98668	2.98668	2.98668	2.98668	2.98668	2.98668	2.98668	2.98668	2.98668	2.98668	2.98668	2.98668	2.98668	2.10424	1	1	1	1	1	1	1	1
1	1	1	1	1	1	1	1	1	1	1	1	1	1	1	1	1	1	1	1	1	1	1	1	1	1	1	1	1	1	1	1	1	1	1.50001	2.90807	2.98668	2.98668	2.98668	2.98668	2.98668	2.98668	2.98668	2.98668	2.98668	2.98668	2.98668	2.98668	2.98668	2.98668	2.98668	2.98668	2.98668	2.98668	2.53904	1.02561	1	1	1	1	1	1	1	1
1	1	1	1	1	1	1	1	1	1	1	1	1	1	1	1	1	1	1	1	1	1	1	1	1	1	1	1	1	1	1	1	1	1	1	1.69368	2.91841	2.98668	2.98668	2.98668	2.98668	2.98668	2.98668	2.98668	2.98668	2.98668	2.98668	2.98668	2.98668	2.98668	2.98668	2.98668	2.98668	2.62355	1.15329	1	1	1	1	1	1	1	1	1
1	1	1	1	1	1	1	1	1	1	1	1	1	1	1	1	1	1	1	1	1	1	1	1	1	1	1	1	1	1	1	1	1	1	1	1	1.56326	2.79328	2.98668	2.98668	2.98668	2.98668	2.98668	2.98668	2.98668	2.98668	2.98668	2.98668	2.98668	2.98668	2.98668	2.98668	2.4073	1.11327	1	1	1	1	1	1	1	1	1	1
1	1	1	1	1	1	1	1	1	1	1	1	1	1	1	1	1	1	1	1	1	1	1	1	1	1	1	1	1	1	1	1	1	1	1	1	1	1.16621	2.27439	2.93735	2.98668	2.98668	2.98668	2.98668	2.98668	2.98668	2.98668	2.98668	2.98668	2.98668	2.76834	1.81795	1	1	1	1	1	1	1	1	1	1	1	1
1	1	1	1	1	1	1	1	1	1	1	1	1	1	1	1	1	1	1	1	1	1	1	1	1	1	1	1	1	1	1	1	1	1	1	1	1	1	1	1.28069	2.12506	2.64373	2.94655	2.98668	2.98668	2.98668	2.98668	2.85411	2.46686	1.82242	1.03901	1	1	1	1	1	1	1	1	1	1	1	1	1
1	1	1	1	1	1	1	1	1	1	1	1	1	1	1	1	1	1	1	1	1	1	1	1	1	1	1	1	1	1	1	1	1	1	1	1	1	1	1	1	1	1	1.06295	1.40604	1.54293	1.53288	1.26597	1.00099	1	1	1	1	1	1	1	1	1	1	1	1	1	1	1	1
1	1	1	1	1	1	1	1	1	1	1	1	1	1	1	1	1	1	1	1	1	1	1	1	1	1	1	1	1	1	1	1	1	1	1	1	1	1	1	1	1	1	1	1	1	1	1	1	1	1	1	1	1	1	1	1	1	1	1	1	1	1	1	1
1	1	1	1	1	1	1	1	1	1	1	1	1	1	1	1	1	1	1	1	1	1	1	1	1	1	1	1	1	1	1	1	1	1	1	1	1	1	1	1	1	1	1	1	1	1	1	1	1	1	1	1	1	1	1	1	1	1	1	1	1	1	1	1
1	1	1	1	1	1	1	1	1	1	1	1	1	1	1	1	1	1	1	1	1	1	1	1	1	1	1	1	1	1	1	1	1	1	1	1	1	1	1	1	1	1	1	1	1	1	1	1	1	1	1	1	1	1	1	1	1	1	1	1	1	1	1	1
1	1	1	1	1	1	1	1	1	1	1	1	1	1	1	1	1	1	1	1	1	1	1	1	1	1	1	1	1	1	1	1	1	1	1	1	1	1	1	1	1	1	1	1	1	1	1	1	1	1	1	1	1	1	1	1	1	1	1	1	1	1	1	1
1	1	1	1	1	1	1	1	1	1	1	1	1	1	1	1	1	1	1	1	1	1	1	1	1	1	1	1	1	1	1	1	1	1	1	1	1	1	1	1	1	1	1	1	1	1	1	1	1	1	1	1	1	1	1	1	1	1	1	1	1	1	1	1
1	1	1	1	1	1	1	1	1	1	1	1	1	1	1	1	1	1	1	1	1	1	1	1	1	1	1	1	1	1	1	1	1	1	1	1	1	1	1	1	1	1	1	1	1	1	1	1	1	1	1	1	1	1	1	1	1	1	1	1	1	1	1	1
1	1	1	1	1	1	1	1	1	1	1	1	1	1	1	1	1	1	1	1	1	1	1	1	1	1	1	1	1	1	1	1	1	1	1	1	1	1	1	1	1	1	1	1	1	1	1	1	1	1	1	1	1	1	1	1	1	1	1	1	1	1	1	1
1	1	1	1	1	1	1	1	1	1	1	1	1	1	1	1	1	1	1	1	1	1	1	1	1	1	1	1	1	1	1	1	1	1	1	1	1	1	1	1	1	1	1	1	1	1	1	1	1	1	1	1	1	1	1	1	1	1	1	1	1	1	1	1
1	1	1	1	1	1	1	1	1	1	1	1	1	1	1	1	1	1	1	1	1	1	1	1	1	1	1	1	1	1	1	1	1	1	1	1	1	1	1	1	1	1	1	1	1	1	1	1	1	1	1	1	1	1	1	1	1	1	1	1	1	1	1	1
1	1	1	1	1	1	1	1	1	1	1	1	1	1	1	1	1	1	1	1	1	1	1	1	1	1	1	1	1	1	1	1	1	1	1	1	1	1	1	1	1	1	1	1	1	1	1	1	1	1	1	1	1	1	1	1	1	1	1	1	1	1	1	1
1	1	1	1	1	1	1	1	1	1	1	1	1	1	1	1	1	1	1	1	1	1	1	1	1	1	1	1	1	1	1	1	1	1	1	1	1	1	1	1	1	1	1	1	1	1	1	1	1	1	1	1	1	1	1	1	1	1	1	1	1	1	1	1
1	1	1	1	1	1	1	1	1	1	1	1	1	1	1	1	1	1	1	1	1	1	1	1	1	1	1	1	1	1	1	1	1	1	1	1	1	1	1	1	1	1	1	1	1	1	1	1	1	1	1	1	1	1	1	1	1	1	1	1	1	1	1	1
