1	1	1	1	1	1	1	1	1	1	1	1	1	1	1	1	1	1	1	1	1	1	1	1	1	1	1	1	1	1	1	1	1	1	1	1	1	1	1	1	1	1	1	1	1	1	1	1	1	1	1	1	1	1	1	1	1	1	1	1	1	1	1	1
1	1	1	1	1	1	1	1	1	1	1	1	1	1	1	1	1	1	1	1	1	1	1	1	1	1	1	1	1	1	1	1	1	1	1	1	1	1	1	1	1	1	1	1	1	1	1	1	1	1	1	1	1	1	1	1	1	1	1	1	1	1	1	1
1	1	1	1	1	1	1	1	1	1	1	1	1	1	1	1	1	1	1	1	1	1	1	1	1	1	1	1	1	1	1	1	1	1	1	1	1	1	1	1	1	1	1	1.116	1.00282	1	1	1	1	1	1	1	1	1	1	1	1	1	1	1	1	1	1	1
1	1	1	1	1	1	1	1	1	1	1	1	1	1	1	1	1	1	1	1	1	1	1	1	1	1	1	1	1	1	1	1	1	1	1	1	1	1	1	1	1.10592	1.99525	2.73192	3.02915	1.70789	1	1	1	1	1	1	1	1	1	1	1	1	1	1	1	1	1	1	1
1	1	1	1	1	1	1	1	1	1	1	1	1	1	1	1	1	1	1	1	1	1	1	1	1	1	1	1	1	1	1	1	1	1	1	1	1	1	1.37233	2.28474	2.91074	3.02915	3.02915	3.02915	2.52901	1	1	1	1	1	1	1	1	1	1	1	1	1	1	1	1	1	1	1
1	1	1	1	1	1	1	1	1	1	1	1	1	1	1	1	1	1	1	1	1	1	1	1	1	1	1	1	1	1	1	1	1	1	1	1.00483	1.7262	2.54146	3.00656	3.02915	3.02915	3.02915	3.02915	3.02915	3.00355	1.35622	1	1	1	1	1	1	1	1	1	1	1	1	1	1	1	1	1	1
1	1	1	1	1	1	1	1	1	1	1	1	1	1	1	1	1	1	1	1	1	1	1	1	1	1	1	1	1	1	1	1	1	1.14647	2.05332	2.77282	3.02915	3.02915	3.02915	3.02915	3.02915	3.02915	3.02915	3.02915	3.02915	1.60653	1	1	1	1	1	1	1	1	1	1	1	1	1	1	1	1	1	1
1	1	1	1	1	1	1	1	1	1	1	1	1	1	1	1	1	1	1	1	1	1	1	1	1	1	1	1	1	1	1	1.43482	2.33546	2.93489	3.02915	3.02915	3.02915	3.02915	3.02915	3.02915	3.02915	3.02915	3.02915	3.02915	3.02915	3.02637	1.19903	1	1	1	1	1	1	1	1	1	1	1	1	1	1	1	1	1
1	1	1	1	1	1	1	1	1	1	1	1	1	1	1	1	1	1	1	1	1	1	1	1	1	1	1	1	1.01713	1.79287	2.58736	3.0162	3.02915	3.02915	3.02915	3.02915	3.02915	3.02915	3.02915	3.02915	3.02915	3.02915	3.02915	3.02915	3.02915	3.02915	1.76479	1	1	1	1	1	1	1	1	1	1	1	1	1	1	1	1	1
1	1	1	1	1	1	1	1	1	1	1	1	1	1	1	1	1	1	1	1	1	1	1	1	1	1	1.19221	2.1098	2.81045	3.02915	3.02915	3.02915	3.02915	3.02915	3.02915	3.02915	3.02915	3.02915	3.02915	3.02915	3.02915	3.02915	3.02915	3.02915	3.02915	3.02915	3.02452	1	1	1	1	1	1	1	1	1	1	1	1	1	1	1	1	1
1	1	1	1	1	1	1	1	1	1	1	1	1	1	1	1	1	1	1	1	1	1	1	1	1.50035	2.38552	2.9563	3.02915	3.02915	3.02915	3.02915	3.02915	3.02915	3.02915	3.02915	3.02915	3.02915	3.02915	3.02915	3.02915	3.02915	3.02915	3.02915	3.02915	3.02915	3.02915	3.02914	1.28188	1	1	1	1	1	1	1	1	1	1	1	1	1	1	1	1
1	1	1	1	1	1	1	1	1	1	1	1	1	1	1	1	1	1	1	1	1	1.03662	1.85719	2.63247	3.02314	3.02915	3.02915	3.02915	3.02915	3.02915	3.02915	3.02915	3.02915	3.02915	3.02915	3.02915	3.02915	3.02915	3.02915	3.02915	3.02915	3.02915	3.02915	3.02915	3.02915	3.02915	3.02915	3.02362	1	1	1	1	1	1	1	1	1	1	1	1	1	1	1	1
1	1	1	1	1	1	1	1	1	1	1	1	1	1	1	1	1	1	1	1.24293	2.16482	2.84458	3.02915	3.02915	3.02915	3.02915	3.02915	3.02915	3.02915	3.02915	3.02915	3.02915	3.02915	3.02915	3.02915	3.02915	3.02915	3.02915	3.02915	3.02915	3.02915	3.02915	3.02915	3.02915	3.02915	3.02915	3.02915	3.02637	1.23633	1	1	1	1	1	1	1	1	1	1	1	1	1	1	1
1	1	1	1	1	1	1	1	1	1	1	1	1	1	1	1	1	1.56788	2.43415	2.97479	3.02915	3.02915	3.02915	3.02915	3.02915	3.02915	3.02915	3.02915	3.02915	3.02915	3.02915	3.02915	3.02915	3.02915	3.02915	3.02915	3.02915	3.02915	3.02915	3.02915	3.02915	3.02915	3.02915	3.02915	3.02915	3.02915	3.02915	3.02915	2.27468	1	1	1	1	1	1	1	1	1	1	1	1	1	1	1
1	1	1	1	1	1	1	1	1	1	1	1	1	1	1.06305	1.91913	2.67682	3.02745	3.02915	3.02915	3.02915	3.02915	3.02915	3.02915	3.02915	3.02915	3.02915	3.02915	3.02915	3.02915	3.02915	3.02915	3.02915	3.02915	3.02915	3.02915	3.02915	3.02915	3.02915	3.02915	3.02915	3.02915	3.02915	3.02915	3.02915	3.02915	3.02915	3.02915	3.02637	1.19095	1	1	1	1	1	1	1	1	1	1	1	1	1	1
1	1	1	1	1	1	1	1	1	1	1	1	1.29764	2.21849	2.87573	3.02915	3.02915	3.02915	3.02915	3.02915	3.02915	3.02915	3.02915	3.02915	3.02915	3.02915	3.02915	3.02915	3.02915	3.02915	3.02915	3.02915	3.02915	3.02915	3.02915	3.02915	3.02915	3.02915	3.02915	3.02915	3.02915	3.02915	3.02915	3.02915	3.02915	3.02915	3.02915	3.02915	3.02915	1.69911	1	1	1	1	1	1	1	1	1	1	1	1	1	1
1	1	1	1	1	1	1	1	1	1	1.63793	2.48223	2.99058	3.02915	3.02915	3.02915	3.02915	3.02915	3.02915	3.02915	3.02915	3.02915	3.02915	3.02915	3.02915	3.02915	3.02915	3.02915	3.02915	3.02915	3.02915	3.02915	3.02915	3.02915	3.02915	3.02915	3.02915	3.02915	3.02915	3.02915	3.02915	3.02915	3.02915	3.02915	3.02915	3.02915	3.02915	3.02915	3.02915	3.02419	1	1	1	1	1	1	1	1	1	1	1	1	1	1
1	1	1	1	1	1	1	1.09613	1.97965	2.72045	3.02915	3.02915	3.02915	3.02915	3.02915	3.02915	3.02915	3.02915	3.02915	3.02915	3.02915	3.02915	3.02915	3.02915	3.02915	3.02915	3.02915	3.02915	3.02915	3.02915	3.02915	3.02915	3.02915	3.02915	3.02915	3.02915	3.02915	3.02915	3.02915	3.02915	3.02915	3.02915	3.02915	3.02915	3.02915	3.02915	3.02915	3.02915	3.02915	3.02764	1.2739	1	1	1	1	1	1	1	1	1	1	1	1	1
1	1	1	1	1	1.35622	2.27089	2.90369	3.02915	3.02915	3.02915	3.02915	3.02915	3.02915	3.02915	3.02915	3.02915	3.02915	3.02915	3.02915	3.02915	3.02915	3.02915	3.02915	3.02915	3.02915	3.02915	3.02915	3.02915	3.02915	3.02915	3.02915	3.02915	3.02915	3.02915	3.02915	3.02915	3.02915	3.02915	3.02915	3.02915	3.02915	3.02915	3.02915	3.02915	3.02915	3.02915	3.02915	3.02915	3.02915	3.0236	1	1	1	1	1	1	1	1	1	1	1	1	1
1	1	1.00282	1.70789	2.52901	3.00355	3.02915	3.02915	3.02915	3.02915	3.02915	3.02915	3.02915	3.02915	3.02915	3.02915	3.02915	3.02915	3.02915	3.02915	3.02915	3.02915	3.02915	3.02915	3.02915	3.02915	3.02915	3.02915	3.02915	3.02915	3.02915	3.02915	3.02915	3.02915	3.02915	3.02915	3.02915	3.02915	3.02915	3.02915	3.02915	3.02915	3.02915	3.02915	3.02915	3.02915	3.02915	3.02915	3.02915	3.02915	3.02636	1.22732	1	1	1	1	1	1	1	1	1	1	1	1
1	1	1.116	3.02915	3.02915	3.02915	3.02915	3.02915	3.02915	3.02915	3.02915	3.02915	3.02915	3.02915	3.02915	3.02915	3.02915	3.02915	3.02915	3.02915	3.02915	3.02915	3.02915	3.02915	3.02915	3.02915	3.02915	3.02915	3.02915	3.02915	3.02915	3.02915	3.02915	3.02915	3.02915	3.02915	3.02915	3.02915	3.02915	3.02915	3.02915	3.02915	3.02915	3.02915	3.02915	3.02915	3.02915	3.02915	3.02915	3.02915	3.02915	2.10191	1	1	1	1	1	1	1	1	1	1	1	1
1	1	1	2.73192	3.02915	3.02915	3.02915	3.02915	3.02915	3.02915	3.02915	3.02915	3.02915	3.02915	3.02915	3.02915	3.02915	3.02915	3.02915	3.02915	3.02915	3.02915	3.02915	3.02915	3.02915	3.02915	3.02915	3.02915	3.02915	3.02915	3.02915	3.02915	3.02915	3.02915	3.02915	3.02915	3.02915	3.02915	3.02915	3.02915	3.02915	3.02915	3.02915	3.02915	3.02915	3.02915	3.02915	3.02915	3.02915	3.02915	3.02915	3.02688	1.29554	1	1	1	1	1	1	1	1	1	1	1
1	1	1	1.99525	3.02915	3.02915	3.02915	3.02915	3.02915	3.02915	3.02915	3.02915	3.02915	3.02915	3.02915	3.02915	3.02915	3.02915	3.02915	3.02915	3.02915	3.02915	3.02915	3.02915	3.02915	3.02915	3.02915	3.02915	3.02915	3.02915	3.02915	3.02915	3.02915	3.02915	3.02915	3.02915	3.02915	3.02915	3.02915	3.02915	3.02915	3.02915	3.02915	3.02915	3.02915	3.02915	3.02915	3.02915	3.02915	3.02915	3.02915	3.02915	3.02669	1.33808	1	1	1	1	1	1	1	1	1	1
1	1	1	1.10592	2.91074	3.02915	3.02915	3.02915	3.02915	3.02915	3.02915	3.02915	3.02915	3.02915	3.02915	3.02915	3.02915	3.02915	3.02915	3.02915	3.02915	3.02915	3.02915	3.02915	3.02915	3.02915	3.02915	3.02915	3.02915	3.02915	3.02915	3.02915	3.02915	3.02915	3.02915	3.02915	3.02915	3.02915	3.02915	3.02915	3.02915	3.02915	3.02915	3.02915	3.02915	3.02915	3.02915	3.02915	3.02915	3.02915	3.02915	3.02915	3.02915	3.02661	1.33407	1	1	1	1	1	1	1	1	1
1	1	1	1	2.28474	3.02915	3.02915	3.02915	3.02915	3.02915	3.02915	3.02915	3.02915	3.02915	3.02915	3.02915	3.02915	3.02915	3.02915	3.02915	3.02915	3.02915	3.02915	3.02915	3.02915	3.02915	3.02915	3.02915	3.02915	3.02915	3.02915	3.02915	3.02915	3.02915	3.02915	3.02915	3.02915	3.02915	3.02915	3.02915	3.02915	3.02915	3.02915	3.02915	3.02915	3.02915	3.02915	3.02915	3.02915	3.02915	3.02915	3.02915	3.02915	3.02915	3.02674	1.28002	1	1	1	1	1	1	1	1
1	1	1	1	1.37233	3.00656	3.02915	3.02915	3.02915	3.02915	3.02915	3.02915	3.02915	3.02915	3.02915	3.02915	3.02915	3.02915	3.02915	3.02915	3.02915	3.02915	3.02915	3.02915	3.02915	3.02915	3.02915	3.02915	3.02915	3.02915	3.02915	3.02915	3.02915	3.02915	3.02915	3.02915	3.02915	3.02915	3.02915	3.02915	3.02915	3.02915	3.02915	3.02915	3.02915	3.02915	3.02915	3.02915	3.02915	3.02915	3.02915	3.02915	3.02915	3.02915	3.02915	3.0268	1.00279	1	1	1	1	1	1	1
1	1	1	1	1	2.54146	3.02915	3.02915	3.02915	3.02915	3.02915	3.02915	3.02915	3.02915	3.02915	3.02915	3.02915	3.02915	3.02915	3.02915	3.02915	3.02915	3.02915	3.02915	3.02915	3.02915	3.02915	3.02915	3.02915	3.02915	3.02915	3.02915	3.02915	3.02915	3.02915	3.02915	3.02915	3.02915	3.02915	3.02915	3.02915	3.02915	3.02915	3.02915	3.02915	3.02915	3.02915	3.02915	3.02915	3.02915	3.02915	3.02915	3.02915	3.02915	3.02915	3.02915	1.94937	1	1	1	1	1	1	1
1	1	1	1	1	1.7262	3.02915	3.02915	3.02915	3.02915	3.02915	3.02915	3.02915	3.02915	3.02915	3.02915	3.02915	3.02915	3.02915	3.02915	3.02915	3.02915	3.02915	3.02915	3.02915	3.02915	3.02915	3.02915	3.02915	3.02915	3.02915	3.02915	3.02915	3.02915	3.02915	3.02915	3.02915	3.02915	3.02915	3.02915	3.02915	3.02915	3.02915	3.02915	3.02915	3.02915	3.02915	3.02915	3.02915	3.02915	3.02915	3.02915	3.02915	3.02915	3.02915	3.02915	2.70104	1	1	1	1	1	1	1
1	1	1	1	1	1.00483	2.77282	3.02915	3.02915	3.02915	3.02915	3.02915	3.02915	3.02915	3.02915	3.02915	3.02915	3.02915	3.02915	3.02915	3.02915	3.02915	3.02915	3.02915	3.02915	3.02915	3.02915	3.02915	3.02915	3.02915	3.02915	3.02915	3.02915	3.02915	3.02915	3.02915	3.02915	3.02915	3.02915	3.02915	3.02915	3.02915	3.02915	3.02915	3.02915	3.02915	3.02915	3.02915	3.02915	3.02915	3.02915	3.02915	3.02915	3.02915	3.02915	3.02915	3.02561	1.36093	1	1	1	1	1	1
1	1	1	1	1	1	2.05332	3.02915	3.02915	3.02915	3.02915	3.02915	3.02915	3.02915	3.02915	3.02915	3.02915	3.02915	3.02915	3.02915	3.02915	3.02915	3.02915	3.02915	3.02915	3.02915	3.02915	3.02915	3.02915	3.02915	3.02915	3.02915	3.02915	3.02915	3.02915	3.02915	3.02915	3.02915	3.02915	3.02915	3.02915	3.02915	3.02915	3.02915	3.02915	3.02915	3.02915	3.02915	3.02915	3.02915	3.02915	3.02915	3.02915	3.02915	3.02915	3.02915	3.02915	1.94577	1	1	1	1	1	1
1	1	1	1	1	1	1.14647	2.93489	3.02915	3.02915	3.02915	3.02915	3.02915	3.02915	3.02915	3.02915	3.02915	3.02915	3.02915	3.02915	3.02915	3.02915	3.02915	3.02915	3.02915	3.02915	3.02915	3.02915	3.02915	3.02915	3.02915	3.02915	3.02915	3.02915	3.02915	3.02915	3.02915	3.02915	3.02915	3.02915	3.02915	3.02915	3.02915	3.02915	3.02915	3.02915	3.02915	3.02915	3.02915	3.02915	3.02915	3.02915	3.02915	3.02915	3.02915	3.02915	3.02915	2.25541	1	1	1	1	1	1
1	1	1	1	1	1	1	2.33546	3.02915	3.02915	3.02915	3.02915	3.02915	3.02915	3.02915	3.02915	3.02915	3.02915	3.02915	3.02915	3.02915	3.02915	3.02915	3.02915	3.02915	3.02915	3.02915	3.02915	3.02915	3.02915	3.02915	3.02915	3.02915	3.02915	3.02915	3.02915	3.02915	3.02915	3.02915	3.02915	3.02915	3.02915	3.02915	3.02915	3.02915	3.02915	3.02915	3.02915	3.02915	3.02915	3.02915	3.02915	3.02915	3.02915	3.02915	3.02915	3.02915	2.36041	1	1	1	1	1	1
1	1	1	1	1	1	1	1.43482	3.0162	3.02915	3.02915	3.02915	3.02915	3.02915	3.02915	3.02915	3.02915	3.02915	3.02915	3.02915	3.02915	3.02915	3.02915	3.02915	3.02915	3.02915	3.02915	3.02915	3.02915	3.02915	3.02915	3.02915	3.02915	3.02915	3.02915	3.02915	3.02915	3.02915	3.02915	3.02915	3.02915	3.02915	3.02915	3.02915	3.02915	3.02915	3.02915	3.02915	3.02915	3.02915	3.02915	3.02915	3.02915	3.02915	3.02915	3.02915	3.02915	2.42735	1	1	1	1	1	1
1	1	1	1	1	1	1	1	2.58736	3.02915	3.02915	3.02915	3.02915	3.02915	3.02915	3.02915	3.02915	3.02915	3.02915	3.02915	3.02915	3.02915	3.02915	3.02915	3.02915	3.02915	3.02915	3.02915	3.02915	3.02915	3.02915	3.02915	3.02915	3.02915	3.02915	3.02915	3.02915	3.02915	3.02915	3.02915	3.02915	3.02915	3.02915	3.02915	3.02915	3.02915	3.02915	3.02915	3.02915	3.02915	3.02915	3.02915	3.02915	3.02915	3.02915	3.02915	3.02915	2.25541	1	1	1	1	1	1
1	1	1	1	1	1	1	1	1.79287	3.02915	3.02915	3.02915	3.02915	3.02915	3.02915	3.02915	3.02915	3.02915	3.02915	3.02915	3.02915	3.02915	3.02915	3.02915	3.02915	3.02915	3.02915	3.02915	3.02915	3.02915	3.02915	3.02915	3.02915	3.02915	3.02915	3.02915	3.02915	3.02915	3.02915	3.02915	3.02915	3.02915	3.02915	3.02915	3.02915	3.02915	3.02915	3.02915	3.02915	3.02915	3.02915	3.02915	3.02915	3.02915	3.02915	3.02915	3.02915	2.29763	1	1	1	1	1	1
1	1	1	1	1	1	1	1	1.01713	2.81045	3.02915	3.02915	3.02915	3.02915	3.02915	3.02915	3.02915	3.02915	3.02915	3.02915	3.02915	3.02915	3.02915	3.02915	3.02915	3.02915	3.02915	3.02915	3.02915	3.02915	3.02915	3.02915	3.02915	3.02915	3.02915	3.02915	3.02915	3.02915	3.02915	3.02915	3.02915	3.02915	3.02915	3.02915	3.02915	3.02915	3.02915	3.02915	3.02915	3.02915	3.02915	3.02915	3.02915	3.02915	3.02915	3.02915	3.02915	2.77282	1.00483	1	1	1	1	1
1	1	1	1	1	1	1	1	1	2.1098	3.02915	3.02915	3.02915	3.02915	3.02915	3.02915	3.02915	3.02915	3.02915	3.02915	3.02915	3.02915	3.02915	3.02915	3.02915	3.02915	3.02915	3.02915	3.02915	3.02915	3.02915	3.02915	3.02915	3.02915	3.02915	3.02915	3.02915	3.02915	3.02915	3.02915	3.02915	3.02915	3.02915	3.02915	3.02915	3.02915	3.02915	3.02915	3.02915	3.02915	3.02915	3.02915	3.02915	3.02915	3.02915	3.02915	3.02915	3.02915	1.7262	1	1	1	1	1
1	1	1	1	1	1	1	1	1	1.19221	2.9563	3.02915	3.02915	3.02915	3.02915	3.02915	3.02915	3.02915	3.02915	3.02915	3.02915	3.02915	3.02915	3.02915	3.02915	3.02915	3.02915	3.02915	3.02915	3.02915	3.02915	3.02915	3.02915	3.02915	3.02915	3.02915	3.02915	3.02915	3.02915	3.02915	3.02915	3.02915	3.02915	3.02915	3.02915	3.02915	3.02915	3.02915	3.02915	3.02915	3.02915	3.02915	3.02915	3.02915	3.02915	3.02915	3.02915	3.02915	2.54146	1	1	1	1	1
1	1	1	1	1	1	1	1	1	1	2.38552	3.02915	3.02915	3.02915	3.02915	3.02915	3.02915	3.02915	3.02915	3.02915	3.02915	3.02915	3.02915	3.02915	3.02915	3.02915	3.02915	3.02915	3.02915	3.02915	3.02915	3.02915	3.02915	3.02915	3.02915	3.02915	3.02915	3.02915	3.02915	3.02915	3.02915	3.02915	3.02915	3.02915	3.02915	3.02915	3.02915	3.02915	3.02915	3.02915	3.02915	3.02915	3.02915	3.02915	3.02915	3.02915	3.02915	3.02915	3.00656	1.37233	1	1	1	1
1	1	1	1	1	1	1	1	1	1	1.50035	3.02314	3.02915	3.02915	3.02915	3.02915	3.02915	3.02915	3.02915	3.02915	3.02915	3.02915	3.02915	3.02915	3.02915	3.02915	3.02915	3.02915	3.02915	3.02915	3.02915	3.02915	3.02915	3.02915	3.02915	3.02915	3.02915	3.02915	3.02915	3.02915	3.02915	3.02915	3.02915	3.02915	3.02915	3.02915	3.02915	3.02915	3.02915	3.02915	3.02915	3.02915	3.02915	3.02915	3.02915	3.02915	3.02915	3.02915	3.02915	2.28474	1	1	1	1
1	1	1	1	1	1	1	1	1	1	1	2.63247	3.02915	3.02915	3.02915	3.02915	3.02915	3.02915	3.02915	3.02915	3.02915	3.02915	3.02915	3.02915	3.02915	3.02915	3.02915	3.02915	3.02915	3.02915	3.02915	3.02915	3.02915	3.02915	3.02915	3.02915	3.02915	3.02915	3.02915	3.02915	3.02915	3.02915	3.02915	3.02915	3.02915	3.02915	3.02915	3.02915	3.02915	3.02915	3.02915	3.02915	3.02915	3.02915	3.02915	3.02915	3.02915	3.02915	3.02915	2.91074	1.10592	1	1	1
1	1	1	1	1	1	1	1	1	1	1	1.85719	3.02915	3.02915	3.02915	3.02915	3.02915	3.02915	3.02915	3.02915	3.02915	3.02915	3.02915	3.02915	3.02915	3.02915	3.02915	3.02915	3.02915	3.02915	3.02915	3.02915	3.02915	3.02915	3.02915	3.02915	3.02915	3.02915	3.02915	3.02915	3.02915	3.02915	3.02915	3.02915	3.02915	3.02915	3.02915	3.02915	3.02915	3.02915	3.02915	3.02915	3.02915	3.02915	3.02915	3.02915	3.02915	3.02915	3.02915	3.02915	1.99525	1	1	1
1	1	1	1	1	1	1	1	1	1	1	1.03662	2.84458	3.02915	3.02915	3.02915	3.02915	3.02915	3.02915	3.02915	3.02915	3.02915	3.02915	3.02915	3.02915	3.02915	3.02915	3.02915	3.02915	3.02915	3.02915	3.02915	3.02915	3.02915	3.02915	3.02915	3.02915	3.02915	3.02915	3.02915	3.02915	3.02915	3.02915	3.02915	3.02915	3.02915	3.02915	3.02915	3.02915	3.02915	3.02915	3.02915	3.02915	3.02915	3.02915	3.02915	3.02915	3.02915	3.02915	3.02915	2.73192	1	1	1
1	1	1	1	1	1	1	1	1	1	1	1	2.16482	3.02915	3.02915	3.02915	3.02915	3.02915	3.02915	3.02915	3.02915	3.02915	3.02915	3.02915	3.02915	3.02915	3.02915	3.02915	3.02915	3.02915	3.02915	3.02915	3.02915	3.02915	3.02915	3.02915	3.02915	3.02915	3.02915	3.02915	3.02915	3.02915	3.02915	3.02915	3.02915	3.02915	3.02915	3.02915	3.02915	3.02915	3.02915	3.02915	3.02915	3.02915	3.02915	3.02915	3.02915	3.02915	3.02915	3.02915	3.02915	1.116	1	1
1	1	1	1	1	1	1	1	1	1	1	1	1.24293	2.97479	3.02915	3.02915	3.02915	3.02915	3.02915	3.02915	3.02915	3.02915	3.02915	3.02915	3.02915	3.02915	3.02915	3.02915	3.02915	3.02915	3.02915	3.02915	3.02915	3.02915	3.02915	3.02915	3.02915	3.02915	3.02915	3.02915	3.02915	3.02915	3.02915	3.02915	3.02915	3.02915	3.02915	3.02915	3.02915	3.02915	3.02915	3.02915	3.02915	3.02915	3.02915	3.02915	3.02915	3.02915	3.00355	2.52901	1.70789	1.00282	1	1
1	1	1	1	1	1	1	1	1	1	1	1	1	2.43415	3.02915	3.02915	3.02915	3.02915	3.02915	3.02915	3.02915	3.02915	3.02915	3.02915	3.02915	3.02915	3.02915	3.02915	3.02915	3.02915	3.02915	3.02915	3.02915	3.02915	3.02915	3.02915	3.02915	3.02915	3.02915	3.02915	3.02915	3.02915	3.02915	3.02915	3.02915	3.02915	3.02915	3.02915	3.02915	3.02915	3.02915	3.02915	3.02915	3.02915	3.02915	3.02915	2.90369	2.27089	1.35622	1	1	1	1	1
1	1	1	1	1	1	1	1	1	1	1	1	1	1.56788	3.02745	3.02915	3.02915	3.02915	3.02915	3.02915	3.02915	3.02915	3.02915	3.02915	3.02915	3.02915	3.02915	3.02915	3.02915	3.02915	3.02915	3.02915	3.02915	3.02915	3.02915	3.02915	3.02915	3.02915	3.02915	3.02915	3.02915	3.02915	3.02915	3.02915	3.02915	3.02915	3.02915	3.02915	3.02915	3.02915	3.02915	3.02915	3.02915	3.02915	2.72045	1.97965	1.09613	1	1	1	1	1	1	1
1	1	1	1	1	1	1	1	1	1	1	1	1	1	2.67682	3.02915	3.02915	3.02915	3.02915	3.02915	3.02915	3.02915	3.02915	3.02915	3.02915	3.02915	3.02915	3.02915	3.02915	3.02915	3.02915	3.02915	3.02915	3.02915	3.02915	3.02915	3.02915	3.02915	3.02915	3.02915	3.02915	3.02915	3.02915	3.02915	3.02915	3.02915	3.02915	3.02915	3.02915	3.02915	3.02915	2.99058	2.48223	1.63793	1	1	1	1	1	1	1	1	1	1
1	1	1	1	1	1	1	1	1	1	1	1	1	1	1.91913	3.02915	3.02915	3.02915	3.02915	3.02915	3.02915	3.02915	3.02915	3.02915	3.02915	3.02915	3.02915	3.02915	3.02915	3.02915	3.02915	3.02915	3.02915	3.02915	3.02915	3.02915	3.02915	3.02915	3.02915	3.02915	3.02915	3.02915	3.02915	3.02915	3.02915	3.02915	3.02915	3.02915	3.02915	2.87573	2.21849	1.29764	1	1	1	1	1	1	1	1	1	1	1	1
1	1	1	1	1	1	1	1	1	1	1	1	1	1	1.06305	2.87573	3.02915	3.02915	3.02915	3.02915	3.02915	3.02915	3.02915	3.02915	3.02915	3.02915	3.02915	3.02915	3.02915	3.02915	3.02915	3.02915	3.02915	3.02915	3.02915	3.02915	3.02915	3.02915	3.02915	3.02915	3.02915	3.02915	3.02915	3.02915	3.02915	3.02915	3.02745	2.67682	1.91913	1.06305	1	1	1	1	1	1	1	1	1	1	1	1	1	1
1	1	1	1	1	1	1	1	1	1	1	1	1	1	1	2.21849	3.02915	3.02915	3.02915	3.02915	3.02915	3.02915	3.02915	3.02915	3.02915	3.02915	3.02915	3.02915	3.02915	3.02915	3.02915	3.02915	3.02915	3.02915	3.02915	3.02915	3.02915	3.02915	3.02915	3.02915	3.02915	3.02915	3.02915	3.02915	2.97479	2.43415	1.56788	1	1	1	1	1	1	1	1	1	1	1	1	1	1	1	1	1
1	1	1	1	1	1	1	1	1	1	1	1	1	1	1	1.29764	2.99058	3.02915	3.02915	3.02915	3.02915	3.02915	3.02915	3.02915	3.02915	3.02915	3.02915	3.02915	3.02915	3.02915	3.02915	3.02915	3.02915	3.02915	3.02915	3.02915	3.02915	3.02915	3.02915	3.02915	3.02915	3.02915	2.84458	2.16482	1.24293	1	1	1	1	1	1	1	1	1	1	1	1	1	1	1	1	1	1	1
1	1	1	1	1	1	1	1	1	1	1	1	1	1	1	1	2.48223	3.02915	3.02915	3.02915	3.02915	3.02915	3.02915	3.02915	3.02915	3.02915	3.02915	3.02915	3.02915	3.02915	3.02915	3.02915	3.02915	3.02915	3.02915	3.02915	3.02915	3.02915	3.02915	3.02314	2.63247	1.85719	1.03662	1	1	1	1	1	1	1	1	1	1	1	1	1	1	1	1	1	1	1	1	1
1	1	1	1	1	1	1	1	1	1	1	1	1	1	1	1	1.63793	3.02915	3.02915	3.02915	3.02915	3.02915	3.02915	3.02915	3.02915	3.02915	3.02915	3.02915	3.02915	3.02915	3.02915	3.02915	3.02915	3.02915	3.02915	3.02915	3.02915	2.9563	2.38552	1.50035	1	1	1	1	1	1	1	1	1	1	1	1	1	1	1	1	1	1	1	1	1	1	1	1
1	1	1	1	1	1	1	1	1	1	1	1	1	1	1	1	1	2.72045	3.02915	3.02915	3.02915	3.02915	3.02915	3.02915	3.02915	3.02915	3.02915	3.02915	3.02915	3.02915	3.02915	3.02915	3.02915	3.02915	3.02915	2.81045	2.1098	1.19221	1	1	1	1	1	1	1	1	1	1	1	1	1	1	1	1	1	1	1	1	1	1	1	1	1	1
1	1	1	1	1	1	1	1	1	1	1	1	1	1	1	1	1	1.97965	3.02915	3.02915	3.02915	3.02915	3.02915	3.02915	3.02915	3.02915	3.02915	3.02915	3.02915	3.02915	3.02915	3.02915	3.0162	2.58736	1.79287	1.01713	1	1	1	1	1	1	1	1	1	1	1	1	1	1	1	1	1	1	1	1	1	1	1	1	1	1	1	1
1	1	1	1	1	1	1	1	1	1	1	1	1	1	1	1	1	1.09613	2.90369	3.02915	3.02915	3.02915	3.02915	3.02915	3.02915	3.02915	3.02915	3.02915	3.02915	3.02915	2.93489	2.33546	1.43482	1	1	1	1	1	1	1	1	1	1	1	1	1	1	1	1	1	1	1	1	1	1	1	1	1	1	1	1	1	1	1
1	1	1	1	1	1	1	1	1	1	1	1	1	1	1	1	1	1	2.27089	3.02915	3.02915	3.02915	3.02915	3.02915	3.02915	3.02915	3.02915	3.02915	2.77282	2.05332	1.14647	1	1	1	1	1	1	1	1	1	1	1	1	1	1	1	1	1	1	1	1	1	1	1	1	1	1	1	1	1	1	1	1	1
1	1	1	1	1	1	1	1	1	1	1	1	1	1	1	1	1	1	1.35622	3.00355	3.02915	3.02915	3.02915	3.02915	3.02915	3.00656	2.54146	1.7262	1.00483	1	1	1	1	1	1	1	1	1	1	1	1	1	1	1	1	1	1	1	1	1	1	1	1	1	1	1	1	1	1	1	1	1	1	1
1	1	1	1	1	1	1	1	1	1	1	1	1	1	1	1	1	1	1	2.52901	3.02915	3.02915	3.02915	2.91074	2.28474	1.37233	1	1	1	1	1	1	1	1	1	1	1	1	1	1	1	1	1	1	1	1	1	1	1	1	1	1	1	1	1	1	1	1	1	1	1	1	1	1
1	1	1	1	1	1	1	1	1	1	1	1	1	1	1	1	1	1	1	1.70789	3.02915	2.73192	1.99525	1.10592	1	1	1	1	1	1	1	1	1	1	1	1	1	1	1	1	1	1	1	1	1	1	1	1	1	1	1	1	1	1	1	1	1	1	1	1	1	1	1	1
1	1	1	1	1	1	1	1	1	1	1	1	1	1	1	1	1	1	1	1.00282	1.116	1	1	1	1	1	1	1	1	1	1	1	1	1	1	1	1	1	1	1	1	1	1	1	1	1	1	1	1	1	1	1	1	1	1	1	1	1	1	1	1	1	1	1
1	1	1	1	1	1	1	1	1	1	1	1	1	1	1	1	1	1	1	1	1	1	1	1	1	1	1	1	1	1	1	1	1	1	1	1	1	1	1	1	1	1	1	1	1	1	1	1	1	1	1	1	1	1	1	1	1	1	1	1	1	1	1	1
1	1	1	1	1	1	1	1	1	1	1	1	1	1	1	1	1	1	1	1	1	1	1	1	1	1	1	1	1	1	1	1	1	1	1	1	1	1	1	1	1	1	1	1	1	1	1	1	1	1	1	1	1	1	1	1	1	1	1	1	1	1	1	1
