0	0	0	0	0	0	0	0	0	0	0	0	0	0	0	0	0	0	0	0	0	0	0	0	0	0	0	0	0	0	0	0	0	0	0	0	0	0	0	0	0	0	0	0	0	0	0	0	0	0	0	0	0	0	0	0	0	0	0	0	0	0	0	0
0	0	0	0	0	0	0	0	0	0	0	0	0	0	0	0	0	0	0	0	0	0	0	0	0	0	0	0	0	0	0	0	0	0	0	0	0	0	0	0	0	0	0	0	0	0	0	0	0	0	0	0	0	0	0	0	0	0	0	0	0	0	0	0
0	0	0	0	0	0	0	0	0	0	0	0	0	0	0	0	0	0	0	0	0	0	0	0	0	0	0	0	0	0	0	0	0	0	0	0	0	0	0	0	0	0	0	0	0	0	0	0	0	0	0	0	0	0	0	0	0	0	0	0	0	0	0	0
0	0	0	0	0	0	0	0	0	0	0	0	0	0	0	0	0	0	0	0	0	0	0	0	0	0	0	0	0	0	0	0	0	0	0	0	0	0	0	0	0	0	0	0	0	0	0	0	0	0	0	0	0	0	0	0	0	0	0	0	0	0	0	0
0	0	0	0	0	0	0	0	0	0	0	0	0	0	0	0	0	0	0	0	0	0	0	0	0	0	0	0	0	0	0	0	0	0	0	0	0	0	0	0	0	0	0	0	0	0	0	0	0	0	0	0	0	0	0	0	0	0	0	0	0	0	0	0
0	0	0	0	0	0	0	0	0	0	0	0	0	0	0	0	0	0	0	0	0	0	0	0	0	0	0	0	0	0	0	0	0	0	0	0	0	0	0	0	0	0	0	0	0	0	0	0	0	0	0	0	0	0	0	0	0	0	0	0	0	0	0	0
0	0	0	0	0	0	0	0	0	0	0	0	0	0	0	0	0	0	0	0	0	0	0	0	0	0	0	0	0	0	0	0	0	0	0	0	0	0	0	0	0	0	0	0	0	0	0	0	0	0	0	0	0	0	0	0	0	0	0	0	0	0	0	0
0	0	0	0	0	0	0	0	0	0	0	0	0	0	0	0	0	0	0	0	0	0	0	0	0	0	0	0	0	0	0	0	0	0	0	0	0	0	0	0	0	0	0	0	0	0	0	0	0	0	0	0	0	0	0	0	0	0	0	0	0	0	0	0
0	0	0	0	0	0	0	0	0	0	0	0	0	0	0	0	0	0	0	0	0	0	0	0	0	0	0	0	0	0	0	0	0	0	0	0	0	0	0	0	0	0	0	0	0	0	0	0	0	0	0	0	0	0	0	0	0	0	0	0	0	0	0	0
0	0	0	0	0	0	0	0	0	0	0	0	0	0	0	0	0	0	0	0	0	0	0	0	0	0	0	0	0	0	0	0	0	0	0	0	0	0	0	0	0	0	0	0	0	0	0	0	0	0	0	0	0	0	0	0	0	0	0	0	0	0	0	0
0	0	0	0	0	0	0	0	0	0	0	0	0	0	0	0	0	0	0	0	0	0	0	0	0	0	0	0	0	0	0	0	0	0	0	0	0	0	0	0	0	0	0	0	0	0	0	0	0	0	0	0	0	0	0	0	0	0	0	0	0	0	0	0
0	0	0	0	0	0	0	0	0	0	0	0	0	0	0	0	0	0	0	0	0	0	0	0	0	0	0	0	0	0	0	0	0	0	0	0	0	0	0	0	0	0	0	0	0	0	0	0	0	0	0	0	0	0	0	0	0	0	0	0	0	0	0	0
0	0	0	0	0	0	0	0	0	0	0	0	0	0	0	0	0	0	0	0	0	0	0	0	0	0	0	0	0	0	0	0	0	0	0	0	0	0	0	0	0	0	0	0	0	0	0	0	0	0	0	0	0	0	0	0	0	0	0	0	0	0	0	0
0	0	0	0	0	0	0	0	0	0	0	0	0	0	0	0	0	0	0	0	0	0	0	0	0	0	0	0	0	0	0	0	0	0	0	0	0	0	0	0	0	0	0	0	0	0	0	0	0	0	0	0	0	0	0	0	0	0	0	0	0	0	0	0
0	0	0	0	0	0	0	0	0	0	0	0	0	0	0	0	0	0	0	0	0	0	0	0	0	0	0	0	0	0	0	0	0	0	0	0	0	0	0	0	0	0	0	0	0	0	0	0	0	0	0	0	0	0	0	0	0	0	0	0	0	0	0	0
0	0	0	0	0	0	0	0	0	0	0	0	0	0	0	0	0	0	0	0	0	0	0	0	0	0	0	0	0	0	0	0	0	0	0	0	0	0	0	0	0	0	0	0	0	0	0	0	0	0	0	0	0	0	0	0	0	0	0	0	0	0	0	0
0	0	0	0	0	0	0	0	0	0	0	0	0	0	0	0	0	0	0	0	0	0	0	0	0	0	0	0	0	0	0	0	0	0	0	0	0	0	0	0	0	0	0	0	0	0	0	0	0	0	0	0	0	0	0	0	0	0	0	0	0	0	0	0
0	0	0	0	0	0	0	0	0	0	0	0	0	0	0	0	0	0	0	0	0	0	0	0	0	0	0	0	0	0	0	0	0	0	0	0	0	0	0	0	0	0	0	0	0	0	0	0	0	0	0	0	0	0	0	0	0	0	0	0	0	0	0	0
0	0	0	0	0	0	0	0	0	0	0	0	0	0	0	0	0	0	0	0	0	0	0	0	0	0	0	0	0	0	0	0	0	0	0	0	0	0	0	0	0	0	0	0	0	0	0	0	0	0	0	0	0	0	0	0	0	0	0	0	0	0	0	0
0	0	0	0	0	0	0	0	0	0	0	0	0	0	0	0	0	0	0	0	0	0	0	0	0	0	0	0	0	0	0	0	0	0	0	0	0	0	0	0	0	0	0	0	0	0	0	0	0	0	0	0	0	0	0	0	0	0	0	0	0	0	0	0
0	0	0	0	0	0	0	0	0	0	0	0	0	0	0	0	0	0	0	0	0	0	0	0	0	0	0	0	0	0	0	0	0	0	0	0	0	0	0	0	0	0	0	0	0	0	0	0	0	0	0	0	0	0	0	0	0	0	0	0	0	0	0	0
0	0	0	0	0	0	0	0	0	0	0	0	0	0	0	0	0	0	0	0	0	0	0	0	0	0	0	0	0	0	0	0	0	0	0	0	0	0	0	0	0	0	0	0	0	0	0	0	0	0	0	0	0	0	0	0	0	0	0	0	0	0	0	0
0	0	0	0	0	0	0	0	0	0	0	0	0	0	0	0	0	0	0	0	0	0	0	0	0	0	0	0	0	0	0	0	0	0	0	0	0	0	0	0	0	0	0	0	0	0	0	0	0	0	0	0	0	0	0	0	0	0	0	0	0	0	0	0
0	0	0	0	0	0	0	0	0	0	0	0	0	0	0	0	0	0	0	0	0	0	0	0	0	0	0	0	0	0	0	0	0	0	0	0	0	0	0	0	0	0	0	0	0	0	0	0	0	0	0	0	0	0	0	0	0	0	0	0	0	0	0	0
0	0	0	0	0	0	0	0	0	0	0	0	0	0	0	0	0	0	0	0	0	0	0	0	0	0	0	0	0	0	0	0	0	0	0	0	0	0	0	0	0	0	0	0	0	0	0	0	0	0	0	0	0	0	0	0	0	0	0	0	0	0	0	0
0.289867	0.289867	0.289867	0.289867	0.289867	0.289867	0.289867	0.289867	0.289867	0.289867	0.289867	0.289867	0.289867	0.289867	0.289867	0.289867	0.289867	0.289867	0.289867	0.289867	0.289867	0.289867	0.289867	0.289867	0.289867	0.289867	0.289867	0.289867	0.289867	0.289867	0.289867	0.289867	0.289867	0.289867	0.289867	0.289867	0.289867	0.289867	0.289867	0.289867	0.289867	0.289867	0.289867	0.289867	0.289867	0.289867	0.289867	0.289867	0.289867	0.289867	0.289867	0.289867	0.289867	0.289867	0.289867	0.289867	0.289867	0.289867	0.289867	0.289867	0.289867	0.289867	0.289867	0.289867
0.493905	0.493905	0.493905	0.493905	0.493905	0.493905	0.493905	0.493905	0.493905	0.493905	0.493905	0.493905	0.493905	0.493905	0.493905	0.493905	0.493905	0.493905	0.493905	0.493905	0.493905	0.493905	0.493905	0.493905	0.493905	0.493905	0.493905	0.493905	0.493905	0.493905	0.493905	0.493905	0.493905	0.493905	0.493905	0.493905	0.493905	0.493905	0.493905	0.493905	0.493905	0.493905	0.493905	0.493905	0.493905	0.493905	0.493905	0.493905	0.493905	0.493905	0.493905	0.493905	0.493905	0.493905	0.493905	0.493905	0.493905	0.493905	0.493905	0.493905	0.493905	0.493905	0.493905	0.493905
0.493905	0.493905	0.493905	0.493905	0.493905	0.493905	0.493905	0.493905	0.493905	0.493905	0.493905	0.493905	0.493905	0.493905	0.493905	0.493905	0.493905	0.493905	0.493905	0.493905	0.493905	0.493905	0.493905	0.493905	0.493905	0.493905	0.493905	0.493905	0.493905	0.493905	0.493905	0.493905	0.493905	0.493905	0.493905	0.493905	0.493905	0.493905	0.493905	0.493905	0.493905	0.493905	0.493905	0.493905	0.493905	0.493905	0.493905	0.493905	0.493905	0.493905	0.493905	0.493905	0.493905	0.493905	0.493905	0.493905	0.493905	0.493905	0.493905	0.493905	0.493905	0.493905	0.493905	0.493905
0.493905	0.493905	0.493905	0.493905	0.493905	0.493905	0.493905	0.493905	0.493905	0.493905	0.493905	0.493905	0.493905	0.493905	0.493905	0.493905	0.493905	0.493905	0.493905	0.493905	0.493905	0.493905	0.493905	0.493905	0.493905	0.493905	0.493905	0.493905	0.493905	0.493905	0.493905	0.493905	0.493905	0.493905	0.493905	0.493905	0.493905	0.493905	0.493905	0.493905	0.493905	0.493905	0.493905	0.493905	0.493905	0.493905	0.493905	0.493905	0.493905	0.493905	0.493905	0.493905	0.493905	0.493905	0.493905	0.493905	0.493905	0.493905	0.493905	0.493905	0.493905	0.493905	0.493905	0.493905
0.493905	0.493905	0.493905	0.493905	0.493905	0.493905	0.493905	0.493905	0.493905	0.493905	0.493905	0.493905	0.493905	0.493905	0.493905	0.493905	0.493905	0.493905	0.493905	0.493905	0.493905	0.493905	0.493905	0.493905	0.493905	0.493905	0.493905	0.493905	0.493905	0.493905	0.493905	0.493905	0.493905	0.493905	0.493905	0.493905	0.493905	0.493905	0.493905	0.493905	0.493905	0.493905	0.493905	0.493905	0.493905	0.493905	0.493905	0.493905	0.493905	0.493905	0.493905	0.493905	0.493905	0.493905	0.493905	0.493905	0.493905	0.493905	0.493905	0.493905	0.493905	0.493905	0.493905	0.493905
0.493905	0.493905	0.493905	0.493905	0.493905	0.493905	0.493905	0.493905	0.493905	0.493905	0.493905	0.493905	0.493905	0.493905	0.493905	0.493905	0.493905	0.493905	0.493905	0.493905	0.493905	0.493905	0.493905	0.493905	0.493905	0.493905	0.493905	0.493905	0.493905	0.493905	0.493905	0.493905	0.493905	0.493905	0.493905	0.493905	0.493905	0.493905	0.493905	0.493905	0.493905	0.493905	0.493905	0.493905	0.493905	0.493905	0.493905	0.493905	0.493905	0.493905	0.493905	0.493905	0.493905	0.493905	0.493905	0.493905	0.493905	0.493905	0.493905	0.493905	0.493905	0.493905	0.493905	0.493905
0.493905	0.493905	0.493905	0.493905	0.493905	0.493905	0.493905	0.493905	0.493905	0.493905	0.493905	0.493905	0.493905	0.493905	0.493905	0.493905	0.493905	0.493905	0.493905	0.493905	0.493905	0.493905	0.493905	0.493905	0.493905	0.493905	0.493905	0.493905	0.493905	0.493905	0.493905	0.493905	0.493905	0.493905	0.493905	0.493905	0.493905	0.493905	0.493905	0.493905	0.493905	0.493905	0.493905	0.493905	0.493905	0.493905	0.493905	0.493905	0.493905	0.493905	0.493905	0.493905	0.493905	0.493905	0.493905	0.493905	0.493905	0.493905	0.493905	0.493905	0.493905	0.493905	0.493905	0.493905
0.493905	0.493905	0.493905	0.493905	0.493905	0.493905	0.493905	0.493905	0.493905	0.493905	0.493905	0.493905	0.493905	0.493905	0.493905	0.493905	0.493905	0.493905	0.493905	0.493905	0.493905	0.493905	0.493905	0.493905	0.493905	0.493905	0.493905	0.493905	0.493905	0.493905	0.493905	0.493905	0.493905	0.493905	0.493905	0.493905	0.493905	0.493905	0.493905	0.493905	0.493905	0.493905	0.493905	0.493905	0.493905	0.493905	0.493905	0.493905	0.493905	0.493905	0.493905	0.493905	0.493905	0.493905	0.493905	0.493905	0.493905	0.493905	0.493905	0.493905	0.493905	0.493905	0.493905	0.493905
0.493905	0.493905	0.493905	0.493905	0.493905	0.493905	0.493905	0.493905	0.493905	0.493905	0.493905	0.493905	0.493905	0.493905	0.493905	0.493905	0.493905	0.493905	0.493905	0.493905	0.493905	0.493905	0.493905	0.493905	0.493905	0.493905	0.493905	0.493905	0.493905	0.493905	0.493905	0.493905	0.493905	0.493905	0.493905	0.493905	0.493905	0.493905	0.493905	0.493905	0.493905	0.493905	0.493905	0.493905	0.493905	0.493905	0.493905	0.493905	0.493905	0.493905	0.493905	0.493905	0.493905	0.493905	0.493905	0.493905	0.493905	0.493905	0.493905	0.493905	0.493905	0.493905	0.493905	0.493905
0.493905	0.493905	0.493905	0.493905	0.493905	0.493905	0.493905	0.493905	0.493905	0.493905	0.493905	0.493905	0.493905	0.493905	0.493905	0.493905	0.493905	0.493905	0.493905	0.493905	0.493905	0.493905	0.493905	0.493905	0.493905	0.493905	0.493905	0.493905	0.493905	0.493905	0.493905	0.493905	0.493905	0.493905	0.493905	0.493905	0.493905	0.493905	0.493905	0.493905	0.493905	0.493905	0.493905	0.493905	0.493905	0.493905	0.493905	0.493905	0.493905	0.493905	0.493905	0.493905	0.493905	0.493905	0.493905	0.493905	0.493905	0.493905	0.493905	0.493905	0.493905	0.493905	0.493905	0.493905
0.493905	0.493905	0.493905	0.493905	0.493905	0.493905	0.493905	0.493905	0.493905	0.493905	0.493905	0.493905	0.493905	0.493905	0.493905	0.493905	0.493905	0.493905	0.493905	0.493905	0.493905	0.493905	0.493905	0.493905	0.493905	0.493905	0.493905	0.493905	0.493905	0.493905	0.493905	0.493905	0.493905	0.493905	0.493905	0.493905	0.493905	0.493905	0.493905	0.493905	0.493905	0.493905	0.493905	0.493905	0.493905	0.493905	0.493905	0.493905	0.493905	0.493905	0.493905	0.493905	0.493905	0.493905	0.493905	0.493905	0.493905	0.493905	0.493905	0.493905	0.493905	0.493905	0.493905	0.493905
0.493905	0.493905	0.493905	0.493905	0.493905	0.493905	0.493905	0.493905	0.493905	0.493905	0.493905	0.493905	0.493905	0.493905	0.493905	0.493905	0.493905	0.493905	0.493905	0.493905	0.493905	0.493905	0.493905	0.493905	0.493905	0.493905	0.493905	0.493905	0.493905	0.493905	0.493905	0.493905	0.493905	0.493905	0.493905	0.493905	0.493905	0.493905	0.493905	0.493905	0.493905	0.493905	0.493905	0.493905	0.493905	0.493905	0.493905	0.493905	0.493905	0.493905	0.493905	0.493905	0.493905	0.493905	0.493905	0.493905	0.493905	0.493905	0.493905	0.493905	0.493905	0.493905	0.493905	0.493905
0.493905	0.493905	0.493905	0.493905	0.493905	0.493905	0.493905	0.493905	0.493905	0.493905	0.493905	0.493905	0.493905	0.493905	0.493905	0.493905	0.493905	0.493905	0.493905	0.493905	0.493905	0.493905	0.493905	0.493905	0.493905	0.493905	0.493905	0.493905	0.493905	0.493905	0.493905	0.493905	0.493905	0.493905	0.493905	0.493905	0.493905	0.493905	0.493905	0.493905	0.493905	0.493905	0.493905	0.493905	0.493905	0.493905	0.493905	0.493905	0.493905	0.493905	0.493905	0.493905	0.493905	0.493905	0.493905	0.493905	0.493905	0.493905	0.493905	0.493905	0.493905	0.493905	0.493905	0.493905
0.493905	0.493905	0.493905	0.493905	0.493905	0.493905	0.493905	0.493905	0.493905	0.493905	0.493905	0.493905	0.493905	0.493905	0.493905	0.493905	0.493905	0.493905	0.493905	0.493905	0.493905	0.493905	0.493905	0.493905	0.493905	0.493905	0.493905	0.493905	0.493905	0.493905	0.493905	0.493905	0.493905	0.493905	0.493905	0.493905	0.493905	0.493905	0.493905	0.493905	0.493905	0.493905	0.493905	0.493905	0.493905	0.493905	0.493905	0.493905	0.493905	0.493905	0.493905	0.493905	0.493905	0.493905	0.493905	0.493905	0.493905	0.493905	0.493905	0.493905	0.493905	0.493905	0.493905	0.493905
0.493905	0.493905	0.493905	0.493905	0.493905	0.493905	0.493905	0.493905	0.493905	0.493905	0.493905	0.493905	0.493905	0.493905	0.493905	0.493905	0.493905	0.493905	0.493905	0.493905	0.493905	0.493905	0.493905	0.493905	0.493905	0.493905	0.493905	0.493905	0.493905	0.493905	0.493905	0.493905	0.493905	0.493905	0.493905	0.493905	0.493905	0.493905	0.493905	0.493905	0.493905	0.493905	0.493905	0.493905	0.493905	0.493905	0.493905	0.493905	0.493905	0.493905	0.493905	0.493905	0.493905	0.493905	0.493905	0.493905	0.493905	0.493905	0.493905	0.493905	0.493905	0.493905	0.493905	0.493905
0.493905	0.493905	0.493905	0.493905	0.493905	0.493905	0.493905	0.493905	0.493905	0.493905	0.493905	0.493905	0.493905	0.493905	0.493905	0.493905	0.493905	0.493905	0.493905	0.493905	0.493905	0.493905	0.493905	0.493905	0.493905	0.493905	0.493905	0.493905	0.493905	0.493905	0.493905	0.493905	0.493905	0.493905	0.493905	0.493905	0.493905	0.493905	0.493905	0.493905	0.493905	0.493905	0.493905	0.493905	0.493905	0.493905	0.493905	0.493905	0.493905	0.493905	0.493905	0.493905	0.493905	0.493905	0.493905	0.493905	0.493905	0.493905	0.493905	0.493905	0.493905	0.493905	0.493905	0.493905
0.493905	0.493905	0.493905	0.493905	0.493905	0.493905	0.493905	0.493905	0.493905	0.493905	0.493905	0.493905	0.493905	0.493905	0.493905	0.493905	0.493905	0.493905	0.493905	0.493905	0.493905	0.493905	0.493905	0.493905	0.493905	0.493905	0.493905	0.493905	0.493905	0.493905	0.493905	0.493905	0.493905	0.493905	0.493905	0.493905	0.493905	0.493905	0.493905	0.493905	0.493905	0.493905	0.493905	0.493905	0.493905	0.493905	0.493905	0.493905	0.493905	0.493905	0.493905	0.493905	0.493905	0.493905	0.493905	0.493905	0.493905	0.493905	0.493905	0.493905	0.493905	0.493905	0.493905	0.493905
0.493905	0.493905	0.493905	0.493905	0.493905	0.493905	0.493905	0.493905	0.493905	0.493905	0.493905	0.493905	0.493905	0.493905	0.493905	0.493905	0.493905	0.493905	0.493905	0.493905	0.493905	0.493905	0.493905	0.493905	0.493905	0.493905	0.493905	0.493905	0.493905	0.493905	0.493905	0.493905	0.493905	0.493905	0.493905	0.493905	0.493905	0.493905	0.493905	0.493905	0.493905	0.493905	0.493905	0.493905	0.493905	0.493905	0.493905	0.493905	0.493905	0.493905	0.493905	0.493905	0.493905	0.493905	0.493905	0.493905	0.493905	0.493905	0.493905	0.493905	0.493905	0.493905	0.493905	0.493905
0.493905	0.493905	0.493905	0.493905	0.493905	0.493905	0.493905	0.493905	0.493905	0.493905	0.493905	0.493905	0.493905	0.493905	0.493905	0.493905	0.493905	0.493905	0.493905	0.493905	0.493905	0.493905	0.493905	0.493905	0.493905	0.493905	0.493905	0.493905	0.493905	0.493905	0.493905	0.493905	0.493905	0.493905	0.493905	0.493905	0.493905	0.493905	0.493905	0.493905	0.493905	0.493905	0.493905	0.493905	0.493905	0.493905	0.493905	0.493905	0.493905	0.493905	0.493905	0.493905	0.493905	0.493905	0.493905	0.493905	0.493905	0.493905	0.493905	0.493905	0.493905	0.493905	0.493905	0.493905
0.493905	0.493905	0.493905	0.493905	0.493905	0.493905	0.493905	0.493905	0.493905	0.493905	0.493905	0.493905	0.493905	0.493905	0.493905	0.493905	0.493905	0.493905	0.493905	0.493905	0.493905	0.493905	0.493905	0.493905	0.493905	0.493905	0.493905	0.493905	0.493905	0.493905	0.493905	0.493905	0.493905	0.493905	0.493905	0.493905	0.493905	0.493905	0.493905	0.493905	0.493905	0.493905	0.493905	0.493905	0.493905	0.493905	0.493905	0.493905	0.493905	0.493905	0.493905	0.493905	0.493905	0.493905	0.493905	0.493905	0.493905	0.493905	0.493905	0.493905	0.493905	0.493905	0.493905	0.493905
0.493905	0.493905	0.493905	0.493905	0.493905	0.493905	0.493905	0.493905	0.493905	0.493905	0.493905	0.493905	0.493905	0.493905	0.493905	0.493905	0.493905	0.493905	0.493905	0.493905	0.493905	0.493905	0.493905	0.493905	0.493905	0.493905	0.493905	0.493905	0.493905	0.493905	0.493905	0.493905	0.493905	0.493905	0.493905	0.493905	0.493905	0.493905	0.493905	0.493905	0.493905	0.493905	0.493905	0.493905	0.493905	0.493905	0.493905	0.493905	0.493905	0.493905	0.493905	0.493905	0.493905	0.493905	0.493905	0.493905	0.493905	0.493905	0.493905	0.493905	0.493905	0.493905	0.493905	0.493905
0.493905	0.493905	0.493905	0.493905	0.493905	0.493905	0.493905	0.493905	0.493905	0.493905	0.493905	0.493905	0.493905	0.493905	0.493905	0.493905	0.493905	0.493905	0.493905	0.493905	0.493905	0.493905	0.493905	0.493905	0.493905	0.493905	0.493905	0.493905	0.493905	0.493905	0.493905	0.493905	0.493905	0.493905	0.493905	0.493905	0.493905	0.493905	0.493905	0.493905	0.493905	0.493905	0.493905	0.493905	0.493905	0.493905	0.493905	0.493905	0.493905	0.493905	0.493905	0.493905	0.493905	0.493905	0.493905	0.493905	0.493905	0.493905	0.493905	0.493905	0.493905	0.493905	0.493905	0.493905
0.493905	0.493905	0.493905	0.493905	0.493905	0.493905	0.493905	0.493905	0.493905	0.493905	0.493905	0.493905	0.493905	0.493905	0.493905	0.493905	0.493905	0.493905	0.493905	0.493905	0.493905	0.493905	0.493905	0.493905	0.493905	0.493905	0.493905	0.493905	0.493905	0.493905	0.493905	0.493905	0.493905	0.493905	0.493905	0.493905	0.493905	0.493905	0.493905	0.493905	0.493905	0.493905	0.493905	0.493905	0.493905	0.493905	0.493905	0.493905	0.493905	0.493905	0.493905	0.493905	0.493905	0.493905	0.493905	0.493905	0.493905	0.493905	0.493905	0.493905	0.493905	0.493905	0.493905	0.493905
0.493905	0.493905	0.493905	0.493905	0.493905	0.493905	0.493905	0.493905	0.493905	0.493905	0.493905	0.493905	0.493905	0.493905	0.493905	0.493905	0.493905	0.493905	0.493905	0.493905	0.493905	0.493905	0.493905	0.493905	0.493905	0.493905	0.493905	0.493905	0.493905	0.493905	0.493905	0.493905	0.493905	0.493905	0.493905	0.493905	0.493905	0.493905	0.493905	0.493905	0.493905	0.493905	0.493905	0.493905	0.493905	0.493905	0.493905	0.493905	0.493905	0.493905	0.493905	0.493905	0.493905	0.493905	0.493905	0.493905	0.493905	0.493905	0.493905	0.493905	0.493905	0.493905	0.493905	0.493905
0.493905	0.493905	0.493905	0.493905	0.493905	0.493905	0.493905	0.493905	0.493905	0.493905	0.493905	0.493905	0.493905	0.493905	0.493905	0.493905	0.493905	0.493905	0.493905	0.493905	0.493905	0.493905	0.493905	0.493905	0.493905	0.493905	0.493905	0.493905	0.493905	0.493905	0.493905	0.493905	0.493905	0.493905	0.493905	0.493905	0.493905	0.493905	0.493905	0.493905	0.493905	0.493905	0.493905	0.493905	0.493905	0.493905	0.493905	0.493905	0.493905	0.493905	0.493905	0.493905	0.493905	0.493905	0.493905	0.493905	0.493905	0.493905	0.493905	0.493905	0.493905	0.493905	0.493905	0.493905
0.493905	0.493905	0.493905	0.493905	0.493905	0.493905	0.493905	0.493905	0.493905	0.493905	0.493905	0.493905	0.493905	0.493905	0.493905	0.493905	0.493905	0.493905	0.493905	0.493905	0.493905	0.493905	0.493905	0.493905	0.493905	0.493905	0.493905	0.493905	0.493905	0.493905	0.493905	0.493905	0.493905	0.493905	0.493905	0.493905	0.493905	0.493905	0.493905	0.493905	0.493905	0.493905	0.493905	0.493905	0.493905	0.493905	0.493905	0.493905	0.493905	0.493905	0.493905	0.493905	0.493905	0.493905	0.493905	0.493905	0.493905	0.493905	0.493905	0.493905	0.493905	0.493905	0.493905	0.493905
0.184612	0.184612	0.184612	0.184612	0.184612	0.184612	0.184612	0.184612	0.184612	0.184612	0.184612	0.184612	0.184612	0.184612	0.184612	0.184612	0.184612	0.184612	0.184612	0.184612	0.184612	0.184612	0.184612	0.184612	0.184612	0.184612	0.184612	0.184612	0.184612	0.184612	0.184612	0.184612	0.184612	0.184612	0.184612	0.184612	0.184612	0.184612	0.184612	0.184612	0.184612	0.184612	0.184612	0.184612	0.184612	0.184612	0.184612	0.184612	0.184612	0.184612	0.184612	0.184612	0.184612	0.184612	0.184612	0.184612	0.184612	0.184612	0.184612	0.184612	0.184612	0.184612	0.184612	0.184612
0	0	0	0	0	0	0	0	0	0	0	0	0	0	0	0	0	0	0	0	0	0	0	0	0	0	0	0	0	0	0	0	0	0	0	0	0	0	0	0	0	0	0	0	0	0	0	0	0	0	0	0	0	0	0	0	0	0	0	0	0	0	0	0
0	0	0	0	0	0	0	0	0	0	0	0	0	0	0	0	0	0	0	0	0	0	0	0	0	0	0	0	0	0	0	0	0	0	0	0	0	0	0	0	0	0	0	0	0	0	0	0	0	0	0	0	0	0	0	0	0	0	0	0	0	0	0	0
0	0	0	0	0	0	0	0	0	0	0	0	0	0	0	0	0	0	0	0	0	0	0	0	0	0	0	0	0	0	0	0	0	0	0	0	0	0	0	0	0	0	0	0	0	0	0	0	0	0	0	0	0	0	0	0	0	0	0	0	0	0	0	0
0	0	0	0	0	0	0	0	0	0	0	0	0	0	0	0	0	0	0	0	0	0	0	0	0	0	0	0	0	0	0	0	0	0	0	0	0	0	0	0	0	0	0	0	0	0	0	0	0	0	0	0	0	0	0	0	0	0	0	0	0	0	0	0
0	0	0	0	0	0	0	0	0	0	0	0	0	0	0	0	0	0	0	0	0	0	0	0	0	0	0	0	0	0	0	0	0	0	0	0	0	0	0	0	0	0	0	0	0	0	0	0	0	0	0	0	0	0	0	0	0	0	0	0	0	0	0	0
0	0	0	0	0	0	0	0	0	0	0	0	0	0	0	0	0	0	0	0	0	0	0	0	0	0	0	0	0	0	0	0	0	0	0	0	0	0	0	0	0	0	0	0	0	0	0	0	0	0	0	0	0	0	0	0	0	0	0	0	0	0	0	0
0	0	0	0	0	0	0	0	0	0	0	0	0	0	0	0	0	0	0	0	0	0	0	0	0	0	0	0	0	0	0	0	0	0	0	0	0	0	0	0	0	0	0	0	0	0	0	0	0	0	0	0	0	0	0	0	0	0	0	0	0	0	0	0
0	0	0	0	0	0	0	0	0	0	0	0	0	0	0	0	0	0	0	0	0	0	0	0	0	0	0	0	0	0	0	0	0	0	0	0	0	0	0	0	0	0	0	0	0	0	0	0	0	0	0	0	0	0	0	0	0	0	0	0	0	0	0	0
0	0	0	0	0	0	0	0	0	0	0	0	0	0	0	0	0	0	0	0	0	0	0	0	0	0	0	0	0	0	0	0	0	0	0	0	0	0	0	0	0	0	0	0	0	0	0	0	0	0	0	0	0	0	0	0	0	0	0	0	0	0	0	0
0	0	0	0	0	0	0	0	0	0	0	0	0	0	0	0	0	0	0	0	0	0	0	0	0	0	0	0	0	0	0	0	0	0	0	0	0	0	0	0	0	0	0	0	0	0	0	0	0	0	0	0	0	0	0	0	0	0	0	0	0	0	0	0
0	0	0	0	0	0	0	0	0	0	0	0	0	0	0	0	0	0	0	0	0	0	0	0	0	0	0	0	0	0	0	0	0	0	0	0	0	0	0	0	0	0	0	0	0	0	0	0	0	0	0	0	0	0	0	0	0	0	0	0	0	0	0	0
0	0	0	0	0	0	0	0	0	0	0	0	0	0	0	0	0	0	0	0	0	0	0	0	0	0	0	0	0	0	0	0	0	0	0	0	0	0	0	0	0	0	0	0	0	0	0	0	0	0	0	0	0	0	0	0	0	0	0	0	0	0	0	0
