1	1	1	1	1	1	1	1	1	1	1	1	1	1	1	1	1	1	1	1	1	1	1	1	1	1	1	1	1	1	1	1	1	1	1	1	1	1	1	1	1	1	1	1	1	1	1	1	1	1	1	1	1	1	1	1	1	1	1	1	1	1	1	1
1	1	1	1	1	1	1	1	1	1	1	1	1	1	1	1	1	1	1	1	1	1	1	1	1	1	1	1	1	1	1	1	1	1	1	1	1	1	1	1	1	1	1	1	1	1	1	1	1	1	1	1	1	1	1	1	1	1	1	1	1	1	1	1
1	1	1	1	1	1	1	1	1	1	1	1	1	1	1	1	1	1	1	1	1	1	1	1	1	1	1	1	1	1	1	1	1	1	1	1	1	1	1	1	1	1	1	1.11579	1.00282	1	1	1	1	1	1	1	1	1	1	1	1	1	1	1	1	1	1	1
1	1	1	1	1	1	1	1	1	1	1	1	1	1	1	1	1	1	1	1	1	1	1	1	1	1	1	1	1	1	1	1	1	1	1	1	1	1	1	1	1.10574	1.99008	2.72261	3.01826	1.70444	1	1	1	1	1	1	1	1	1	1	1	1	1	1	1	1	1	1	1
1	1	1	1	1	1	1	1	1	1	1	1	1	1	1	1	1	1	1	1	1	1	1	1	1	1	1	1	1	1	1	1	1	1	1	1	1	1	1.37088	2.2779	2.90047	3.01826	3.01826	3.01826	2.5208	1	1	1	1	1	1	1	1	1	1	1	1	1	1	1	1	1	1	1
1	1	1	1	1	1	1	1	1	1	1	1	1	1	1	1	1	1	1	1	1	1	1	1	1	1	1	1	1	1	1	1	1	1	1	1.00483	1.72264	2.53318	2.99578	3.01826	3.01826	3.01826	3.01826	3.01826	2.99279	1.35486	1	1	1	1	1	1	1	1	1	1	1	1	1	1	1	1	1	1
1	1	1	1	1	1	1	1	1	1	1	1	1	1	1	1	1	1	1	1	1	1	1	1	1	1	1	1	1	1	1	1	1	1.14614	2.04781	2.76328	3.01826	3.01826	3.01826	3.01826	3.01826	3.01826	3.01826	3.01826	3.01826	1.60307	1	1	1	1	1	1	1	1	1	1	1	1	1	1	1	1	1	1
1	1	1	1	1	1	1	1	1	1	1	1	1	1	1	1	1	1	1	1	1	1	1	1	1	1	1	1	1	1	1	1.43301	2.32833	2.92449	3.01826	3.01826	3.01826	3.01826	3.01826	3.01826	3.01826	3.01826	3.01826	3.01826	3.01826	3.01549	1.19825	1	1	1	1	1	1	1	1	1	1	1	1	1	1	1	1	1
1	1	1	1	1	1	1	1	1	1	1	1	1	1	1	1	1	1	1	1	1	1	1	1	1	1	1	1	1.01713	1.78891	2.57883	3.00537	3.01826	3.01826	3.01826	3.01826	3.01826	3.01826	3.01826	3.01826	3.01826	3.01826	3.01826	3.01826	3.01826	3.01826	1.75996	1	1	1	1	1	1	1	1	1	1	1	1	1	1	1	1	1
1	1	1	1	1	1	1	1	1	1	1	1	1	1	1	1	1	1	1	1	1	1	1	1	1	1	1.1917	2.10396	2.80071	3.01826	3.01826	3.01826	3.01826	3.01826	3.01826	3.01826	3.01826	3.01826	3.01826	3.01826	3.01826	3.01826	3.01826	3.01826	3.01826	3.01826	3.01365	1	1	1	1	1	1	1	1	1	1	1	1	1	1	1	1	1
1	1	1	1	1	1	1	1	1	1	1	1	1	1	1	1	1	1	1	1	1	1	1	1	1.49815	2.37811	2.94579	3.01826	3.01826	3.01826	3.01826	3.01826	3.01826	3.01826	3.01826	3.01826	3.01826	3.01826	3.01826	3.01826	3.01826	3.01826	3.01826	3.01826	3.01826	3.01826	3.01825	1.28067	1	1	1	1	1	1	1	1	1	1	1	1	1	1	1	1
1	1	1	1	1	1	1	1	1	1	1	1	1	1	1	1	1	1	1	1	1	1.03659	1.85284	2.62369	3.01228	3.01826	3.01826	3.01826	3.01826	3.01826	3.01826	3.01826	3.01826	3.01826	3.01826	3.01826	3.01826	3.01826	3.01826	3.01826	3.01826	3.01826	3.01826	3.01826	3.01826	3.01826	3.01826	3.01275	1	1	1	1	1	1	1	1	1	1	1	1	1	1	1	1
1	1	1	1	1	1	1	1	1	1	1	1	1	1	1	1	1	1	1	1.24217	2.15866	2.83466	3.01826	3.01826	3.01826	3.01826	3.01826	3.01826	3.01826	3.01826	3.01826	3.01826	3.01826	3.01826	3.01826	3.01826	3.01826	3.01826	3.01826	3.01826	3.01826	3.01826	3.01826	3.01826	3.01826	3.01826	3.01826	3.01549	1.23536	1	1	1	1	1	1	1	1	1	1	1	1	1	1	1
1	1	1	1	1	1	1	1	1	1	1	1	1	1	1	1	1	1.56527	2.42647	2.96418	3.01826	3.01826	3.01826	3.01826	3.01826	3.01826	3.01826	3.01826	3.01826	3.01826	3.01826	3.01826	3.01826	3.01826	3.01826	3.01826	3.01826	3.01826	3.01826	3.01826	3.01826	3.01826	3.01826	3.01826	3.01826	3.01826	3.01826	3.01826	2.26482	1	1	1	1	1	1	1	1	1	1	1	1	1	1	1
1	1	1	1	1	1	1	1	1	1	1	1	1	1	1.06298	1.91441	2.6678	3.01657	3.01826	3.01826	3.01826	3.01826	3.01826	3.01826	3.01826	3.01826	3.01826	3.01826	3.01826	3.01826	3.01826	3.01826	3.01826	3.01826	3.01826	3.01826	3.01826	3.01826	3.01826	3.01826	3.01826	3.01826	3.01826	3.01826	3.01826	3.01826	3.01826	3.01826	3.01549	1.1902	1	1	1	1	1	1	1	1	1	1	1	1	1	1
1	1	1	1	1	1	1	1	1	1	1	1	1.29661	2.21202	2.86565	3.01826	3.01826	3.01826	3.01826	3.01826	3.01826	3.01826	3.01826	3.01826	3.01826	3.01826	3.01826	3.01826	3.01826	3.01826	3.01826	3.01826	3.01826	3.01826	3.01826	3.01826	3.01826	3.01826	3.01826	3.01826	3.01826	3.01826	3.01826	3.01826	3.01826	3.01826	3.01826	3.01826	3.01826	1.69487	1	1	1	1	1	1	1	1	1	1	1	1	1	1
1	1	1	1	1	1	1	1	1	1	1.6349	2.47428	2.97989	3.01826	3.01826	3.01826	3.01826	3.01826	3.01826	3.01826	3.01826	3.01826	3.01826	3.01826	3.01826	3.01826	3.01826	3.01826	3.01826	3.01826	3.01826	3.01826	3.01826	3.01826	3.01826	3.01826	3.01826	3.01826	3.01826	3.01826	3.01826	3.01826	3.01826	3.01826	3.01826	3.01826	3.01826	3.01826	3.01826	3.01333	1	1	1	1	1	1	1	1	1	1	1	1	1	1
1	1	1	1	1	1	1	1.09597	1.97457	2.7112	3.01826	3.01826	3.01826	3.01826	3.01826	3.01826	3.01826	3.01826	3.01826	3.01826	3.01826	3.01826	3.01826	3.01826	3.01826	3.01826	3.01826	3.01826	3.01826	3.01826	3.01826	3.01826	3.01826	3.01826	3.01826	3.01826	3.01826	3.01826	3.01826	3.01826	3.01826	3.01826	3.01826	3.01826	3.01826	3.01826	3.01826	3.01826	3.01826	3.01676	1.27273	1	1	1	1	1	1	1	1	1	1	1	1	1
1	1	1	1	1	1.35486	2.26413	2.89346	3.01826	3.01826	3.01826	3.01826	3.01826	3.01826	3.01826	3.01826	3.01826	3.01826	3.01826	3.01826	3.01826	3.01826	3.01826	3.01826	3.01826	3.01826	3.01826	3.01826	3.01826	3.01826	3.01826	3.01826	3.01826	3.01826	3.01826	3.01826	3.01826	3.01826	3.01826	3.01826	3.01826	3.01826	3.01826	3.01826	3.01826	3.01826	3.01826	3.01826	3.01826	3.01826	3.01274	1	1	1	1	1	1	1	1	1	1	1	1	1
1	1	1.00282	1.70444	2.5208	2.99279	3.01826	3.01826	3.01826	3.01826	3.01826	3.01826	3.01826	3.01826	3.01826	3.01826	3.01826	3.01826	3.01826	3.01826	3.01826	3.01826	3.01826	3.01826	3.01826	3.01826	3.01826	3.01826	3.01826	3.01826	3.01826	3.01826	3.01826	3.01826	3.01826	3.01826	3.01826	3.01826	3.01826	3.01826	3.01826	3.01826	3.01826	3.01826	3.01826	3.01826	3.01826	3.01826	3.01826	3.01826	3.01548	1.2264	1	1	1	1	1	1	1	1	1	1	1	1
1	1	1.11579	3.01826	3.01826	3.01826	3.01826	3.01826	3.01826	3.01826	3.01826	3.01826	3.01826	3.01826	3.01826	3.01826	3.01826	3.01826	3.01826	3.01826	3.01826	3.01826	3.01826	3.01826	3.01826	3.01826	3.01826	3.01826	3.01826	3.01826	3.01826	3.01826	3.01826	3.01826	3.01826	3.01826	3.01826	3.01826	3.01826	3.01826	3.01826	3.01826	3.01826	3.01826	3.01826	3.01826	3.01826	3.01826	3.01826	3.01826	3.01826	2.09375	1	1	1	1	1	1	1	1	1	1	1	1
1	1	1	2.72261	3.01826	3.01826	3.01826	3.01826	3.01826	3.01826	3.01826	3.01826	3.01826	3.01826	3.01826	3.01826	3.01826	3.01826	3.01826	3.01826	3.01826	3.01826	3.01826	3.01826	3.01826	3.01826	3.01826	3.01826	3.01826	3.01826	3.01826	3.01826	3.01826	3.01826	3.01826	3.01826	3.01826	3.01826	3.01826	3.01826	3.01826	3.01826	3.01826	3.01826	3.01826	3.01826	3.01826	3.01826	3.01826	3.01826	3.01826	3.016	1.29426	1	1	1	1	1	1	1	1	1	1	1
1	1	1	1.99008	3.01826	3.01826	3.01826	3.01826	3.01826	3.01826	3.01826	3.01826	3.01826	3.01826	3.01826	3.01826	3.01826	3.01826	3.01826	3.01826	3.01826	3.01826	3.01826	3.01826	3.01826	3.01826	3.01826	3.01826	3.01826	3.01826	3.01826	3.01826	3.01826	3.01826	3.01826	3.01826	3.01826	3.01826	3.01826	3.01826	3.01826	3.01826	3.01826	3.01826	3.01826	3.01826	3.01826	3.01826	3.01826	3.01826	3.01826	3.01826	3.01581	1.33654	1	1	1	1	1	1	1	1	1	1
1	1	1	1.10574	2.90047	3.01826	3.01826	3.01826	3.01826	3.01826	3.01826	3.01826	3.01826	3.01826	3.01826	3.01826	3.01826	3.01826	3.01826	3.01826	3.01826	3.01826	3.01826	3.01826	3.01826	3.01826	3.01826	3.01826	3.01826	3.01826	3.01826	3.01826	3.01826	3.01826	3.01826	3.01826	3.01826	3.01826	3.01826	3.01826	3.01826	3.01826	3.01826	3.01826	3.01826	3.01826	3.01826	3.01826	3.01826	3.01826	3.01826	3.01826	3.01826	3.01573	1.33256	1	1	1	1	1	1	1	1	1
1	1	1	1	2.2779	3.01826	3.01826	3.01826	3.01826	3.01826	3.01826	3.01826	3.01826	3.01826	3.01826	3.01826	3.01826	3.01826	3.01826	3.01826	3.01826	3.01826	3.01826	3.01826	3.01826	3.01826	3.01826	3.01826	3.01826	3.01826	3.01826	3.01826	3.01826	3.01826	3.01826	3.01826	3.01826	3.01826	3.01826	3.01826	3.01826	3.01826	3.01826	3.01826	3.01826	3.01826	3.01826	3.01826	3.01826	3.01826	3.01826	3.01826	3.01826	3.01826	3.01586	1.27882	1	1	1	1	1	1	1	1
1	1	1	1	1.37088	2.99578	3.01826	3.01826	3.01826	3.01826	3.01826	3.01826	3.01826	3.01826	3.01826	3.01826	3.01826	3.01826	3.01826	3.01826	3.01826	3.01826	3.01826	3.01826	3.01826	3.01826	3.01826	3.01826	3.01826	3.01826	3.01826	3.01826	3.01826	3.01826	3.01826	3.01826	3.01826	3.01826	3.01826	3.01826	3.01826	3.01826	3.01826	3.01826	3.01826	3.01826	3.01826	3.01826	3.01826	3.01826	3.01826	3.01826	3.01826	3.01826	3.01826	3.01592	1.00277	1	1	1	1	1	1	1
1	1	1	1	1	2.53318	3.01826	3.01826	3.01826	3.01826	3.01826	3.01826	3.01826	3.01826	3.01826	3.01826	3.01826	3.01826	3.01826	3.01826	3.01826	3.01826	3.01826	3.01826	3.01826	3.01826	3.01826	3.01826	3.01826	3.01826	3.01826	3.01826	3.01826	3.01826	3.01826	3.01826	3.01826	3.01826	3.01826	3.01826	3.01826	3.01826	3.01826	3.01826	3.01826	3.01826	3.01826	3.01826	3.01826	3.01826	3.01826	3.01826	3.01826	3.01826	3.01826	3.01826	1.94446	1	1	1	1	1	1	1
1	1	1	1	1	1.72264	3.01826	3.01826	3.01826	3.01826	3.01826	3.01826	3.01826	3.01826	3.01826	3.01826	3.01826	3.01826	3.01826	3.01826	3.01826	3.01826	3.01826	3.01826	3.01826	3.01826	3.01826	3.01826	3.01826	3.01826	3.01826	3.01826	3.01826	3.01826	3.01826	3.01826	3.01826	3.01826	3.01826	3.01826	3.01826	3.01826	3.01826	3.01826	3.01826	3.01826	3.01826	3.01826	3.01826	3.01826	3.01826	3.01826	3.01826	3.01826	3.01826	3.01826	2.69189	1	1	1	1	1	1	1
1	1	1	1	1	1.00483	2.76328	3.01826	3.01826	3.01826	3.01826	3.01826	3.01826	3.01826	3.01826	3.01826	3.01826	3.01826	3.01826	3.01826	3.01826	3.01826	3.01826	3.01826	3.01826	3.01826	3.01826	3.01826	3.01826	3.01826	3.01826	3.01826	3.01826	3.01826	3.01826	3.01826	3.01826	3.01826	3.01826	3.01826	3.01826	3.01826	3.01826	3.01826	3.01826	3.01826	3.01826	3.01826	3.01826	3.01826	3.01826	3.01826	3.01826	3.01826	3.01826	3.01826	3.01473	1.35954	1	1	1	1	1	1
1	1	1	1	1	1	2.04781	3.01826	3.01826	3.01826	3.01826	3.01826	3.01826	3.01826	3.01826	3.01826	3.01826	3.01826	3.01826	3.01826	3.01826	3.01826	3.01826	3.01826	3.01826	3.01826	3.01826	3.01826	3.01826	3.01826	3.01826	3.01826	3.01826	3.01826	3.01826	3.01826	3.01826	3.01826	3.01826	3.01826	3.01826	3.01826	3.01826	3.01826	3.01826	3.01826	3.01826	3.01826	3.01826	3.01826	3.01826	3.01826	3.01826	3.01826	3.01826	3.01826	3.01826	1.94089	1	1	1	1	1	1
1	1	1	1	1	1	1.14614	2.92449	3.01826	3.01826	3.01826	3.01826	3.01826	3.01826	3.01826	3.01826	3.01826	3.01826	3.01826	3.01826	3.01826	3.01826	3.01826	3.01826	3.01826	3.01826	3.01826	3.01826	3.01826	3.01826	3.01826	3.01826	3.01826	3.01826	3.01826	3.01826	3.01826	3.01826	3.01826	3.01826	3.01826	3.01826	3.01826	3.01826	3.01826	3.01826	3.01826	3.01826	3.01826	3.01826	3.01826	3.01826	3.01826	3.01826	3.01826	3.01826	3.01826	2.24873	1	1	1	1	1	1
1	1	1	1	1	1	1	2.32833	3.01826	3.01826	3.01826	3.01826	3.01826	3.01826	3.01826	3.01826	3.01826	3.01826	3.01826	3.01826	3.01826	3.01826	3.01826	3.01826	3.01826	3.01826	3.01826	3.01826	3.01826	3.01826	3.01826	3.01826	3.01826	3.01826	3.01826	3.01826	3.01826	3.01826	3.01826	3.01826	3.01826	3.01826	3.01826	3.01826	3.01826	3.01826	3.01826	3.01826	3.01826	3.01826	3.01826	3.01826	3.01826	3.01826	3.01826	3.01826	3.01826	2.35314	1	1	1	1	1	1
1	1	1	1	1	1	1	1.43301	3.00537	3.01826	3.01826	3.01826	3.01826	3.01826	3.01826	3.01826	3.01826	3.01826	3.01826	3.01826	3.01826	3.01826	3.01826	3.01826	3.01826	3.01826	3.01826	3.01826	3.01826	3.01826	3.01826	3.01826	3.01826	3.01826	3.01826	3.01826	3.01826	3.01826	3.01826	3.01826	3.01826	3.01826	3.01826	3.01826	3.01826	3.01826	3.01826	3.01826	3.01826	3.01826	3.01826	3.01826	3.01826	3.01826	3.01826	3.01826	3.01826	2.4197	1	1	1	1	1	1
1	1	1	1	1	1	1	1	2.57883	3.01826	3.01826	3.01826	3.01826	3.01826	3.01826	3.01826	3.01826	3.01826	3.01826	3.01826	3.01826	3.01826	3.01826	3.01826	3.01826	3.01826	3.01826	3.01826	3.01826	3.01826	3.01826	3.01826	3.01826	3.01826	3.01826	3.01826	3.01826	3.01826	3.01826	3.01826	3.01826	3.01826	3.01826	3.01826	3.01826	3.01826	3.01826	3.01826	3.01826	3.01826	3.01826	3.01826	3.01826	3.01826	3.01826	3.01826	3.01826	2.24873	1	1	1	1	1	1
1	1	1	1	1	1	1	1	1.78891	3.01826	3.01826	3.01826	3.01826	3.01826	3.01826	3.01826	3.01826	3.01826	3.01826	3.01826	3.01826	3.01826	3.01826	3.01826	3.01826	3.01826	3.01826	3.01826	3.01826	3.01826	3.01826	3.01826	3.01826	3.01826	3.01826	3.01826	3.01826	3.01826	3.01826	3.01826	3.01826	3.01826	3.01826	3.01826	3.01826	3.01826	3.01826	3.01826	3.01826	3.01826	3.01826	3.01826	3.01826	3.01826	3.01826	3.01826	3.01826	2.29072	1	1	1	1	1	1
1	1	1	1	1	1	1	1	1.01713	2.80071	3.01826	3.01826	3.01826	3.01826	3.01826	3.01826	3.01826	3.01826	3.01826	3.01826	3.01826	3.01826	3.01826	3.01826	3.01826	3.01826	3.01826	3.01826	3.01826	3.01826	3.01826	3.01826	3.01826	3.01826	3.01826	3.01826	3.01826	3.01826	3.01826	3.01826	3.01826	3.01826	3.01826	3.01826	3.01826	3.01826	3.01826	3.01826	3.01826	3.01826	3.01826	3.01826	3.01826	3.01826	3.01826	3.01826	3.01826	2.76328	1.00483	1	1	1	1	1
1	1	1	1	1	1	1	1	1	2.10396	3.01826	3.01826	3.01826	3.01826	3.01826	3.01826	3.01826	3.01826	3.01826	3.01826	3.01826	3.01826	3.01826	3.01826	3.01826	3.01826	3.01826	3.01826	3.01826	3.01826	3.01826	3.01826	3.01826	3.01826	3.01826	3.01826	3.01826	3.01826	3.01826	3.01826	3.01826	3.01826	3.01826	3.01826	3.01826	3.01826	3.01826	3.01826	3.01826	3.01826	3.01826	3.01826	3.01826	3.01826	3.01826	3.01826	3.01826	3.01826	1.72264	1	1	1	1	1
1	1	1	1	1	1	1	1	1	1.1917	2.94579	3.01826	3.01826	3.01826	3.01826	3.01826	3.01826	3.01826	3.01826	3.01826	3.01826	3.01826	3.01826	3.01826	3.01826	3.01826	3.01826	3.01826	3.01826	3.01826	3.01826	3.01826	3.01826	3.01826	3.01826	3.01826	3.01826	3.01826	3.01826	3.01826	3.01826	3.01826	3.01826	3.01826	3.01826	3.01826	3.01826	3.01826	3.01826	3.01826	3.01826	3.01826	3.01826	3.01826	3.01826	3.01826	3.01826	3.01826	2.53318	1	1	1	1	1
1	1	1	1	1	1	1	1	1	1	2.37811	3.01826	3.01826	3.01826	3.01826	3.01826	3.01826	3.01826	3.01826	3.01826	3.01826	3.01826	3.01826	3.01826	3.01826	3.01826	3.01826	3.01826	3.01826	3.01826	3.01826	3.01826	3.01826	3.01826	3.01826	3.01826	3.01826	3.01826	3.01826	3.01826	3.01826	3.01826	3.01826	3.01826	3.01826	3.01826	3.01826	3.01826	3.01826	3.01826	3.01826	3.01826	3.01826	3.01826	3.01826	3.01826	3.01826	3.01826	2.99578	1.37088	1	1	1	1
1	1	1	1	1	1	1	1	1	1	1.49815	3.01228	3.01826	3.01826	3.01826	3.01826	3.01826	3.01826	3.01826	3.01826	3.01826	3.01826	3.01826	3.01826	3.01826	3.01826	3.01826	3.01826	3.01826	3.01826	3.01826	3.01826	3.01826	3.01826	3.01826	3.01826	3.01826	3.01826	3.01826	3.01826	3.01826	3.01826	3.01826	3.01826	3.01826	3.01826	3.01826	3.01826	3.01826	3.01826	3.01826	3.01826	3.01826	3.01826	3.01826	3.01826	3.01826	3.01826	3.01826	2.2779	1	1	1	1
1	1	1	1	1	1	1	1	1	1	1	2.62369	3.01826	3.01826	3.01826	3.01826	3.01826	3.01826	3.01826	3.01826	3.01826	3.01826	3.01826	3.01826	3.01826	3.01826	3.01826	3.01826	3.01826	3.01826	3.01826	3.01826	3.01826	3.01826	3.01826	3.01826	3.01826	3.01826	3.01826	3.01826	3.01826	3.01826	3.01826	3.01826	3.01826	3.01826	3.01826	3.01826	3.01826	3.01826	3.01826	3.01826	3.01826	3.01826	3.01826	3.01826	3.01826	3.01826	3.01826	2.90047	1.10574	1	1	1
1	1	1	1	1	1	1	1	1	1	1	1.85284	3.01826	3.01826	3.01826	3.01826	3.01826	3.01826	3.01826	3.01826	3.01826	3.01826	3.01826	3.01826	3.01826	3.01826	3.01826	3.01826	3.01826	3.01826	3.01826	3.01826	3.01826	3.01826	3.01826	3.01826	3.01826	3.01826	3.01826	3.01826	3.01826	3.01826	3.01826	3.01826	3.01826	3.01826	3.01826	3.01826	3.01826	3.01826	3.01826	3.01826	3.01826	3.01826	3.01826	3.01826	3.01826	3.01826	3.01826	3.01826	1.99008	1	1	1
1	1	1	1	1	1	1	1	1	1	1	1.03659	2.83466	3.01826	3.01826	3.01826	3.01826	3.01826	3.01826	3.01826	3.01826	3.01826	3.01826	3.01826	3.01826	3.01826	3.01826	3.01826	3.01826	3.01826	3.01826	3.01826	3.01826	3.01826	3.01826	3.01826	3.01826	3.01826	3.01826	3.01826	3.01826	3.01826	3.01826	3.01826	3.01826	3.01826	3.01826	3.01826	3.01826	3.01826	3.01826	3.01826	3.01826	3.01826	3.01826	3.01826	3.01826	3.01826	3.01826	3.01826	2.72261	1	1	1
1	1	1	1	1	1	1	1	1	1	1	1	2.15866	3.01826	3.01826	3.01826	3.01826	3.01826	3.01826	3.01826	3.01826	3.01826	3.01826	3.01826	3.01826	3.01826	3.01826	3.01826	3.01826	3.01826	3.01826	3.01826	3.01826	3.01826	3.01826	3.01826	3.01826	3.01826	3.01826	3.01826	3.01826	3.01826	3.01826	3.01826	3.01826	3.01826	3.01826	3.01826	3.01826	3.01826	3.01826	3.01826	3.01826	3.01826	3.01826	3.01826	3.01826	3.01826	3.01826	3.01826	3.01826	1.11579	1	1
1	1	1	1	1	1	1	1	1	1	1	1	1.24217	2.96418	3.01826	3.01826	3.01826	3.01826	3.01826	3.01826	3.01826	3.01826	3.01826	3.01826	3.01826	3.01826	3.01826	3.01826	3.01826	3.01826	3.01826	3.01826	3.01826	3.01826	3.01826	3.01826	3.01826	3.01826	3.01826	3.01826	3.01826	3.01826	3.01826	3.01826	3.01826	3.01826	3.01826	3.01826	3.01826	3.01826	3.01826	3.01826	3.01826	3.01826	3.01826	3.01826	3.01826	3.01826	2.99279	2.5208	1.70444	1.00282	1	1
1	1	1	1	1	1	1	1	1	1	1	1	1	2.42647	3.01826	3.01826	3.01826	3.01826	3.01826	3.01826	3.01826	3.01826	3.01826	3.01826	3.01826	3.01826	3.01826	3.01826	3.01826	3.01826	3.01826	3.01826	3.01826	3.01826	3.01826	3.01826	3.01826	3.01826	3.01826	3.01826	3.01826	3.01826	3.01826	3.01826	3.01826	3.01826	3.01826	3.01826	3.01826	3.01826	3.01826	3.01826	3.01826	3.01826	3.01826	3.01826	2.89346	2.26413	1.35486	1	1	1	1	1
1	1	1	1	1	1	1	1	1	1	1	1	1	1.56527	3.01657	3.01826	3.01826	3.01826	3.01826	3.01826	3.01826	3.01826	3.01826	3.01826	3.01826	3.01826	3.01826	3.01826	3.01826	3.01826	3.01826	3.01826	3.01826	3.01826	3.01826	3.01826	3.01826	3.01826	3.01826	3.01826	3.01826	3.01826	3.01826	3.01826	3.01826	3.01826	3.01826	3.01826	3.01826	3.01826	3.01826	3.01826	3.01826	3.01826	2.7112	1.97457	1.09597	1	1	1	1	1	1	1
1	1	1	1	1	1	1	1	1	1	1	1	1	1	2.6678	3.01826	3.01826	3.01826	3.01826	3.01826	3.01826	3.01826	3.01826	3.01826	3.01826	3.01826	3.01826	3.01826	3.01826	3.01826	3.01826	3.01826	3.01826	3.01826	3.01826	3.01826	3.01826	3.01826	3.01826	3.01826	3.01826	3.01826	3.01826	3.01826	3.01826	3.01826	3.01826	3.01826	3.01826	3.01826	3.01826	2.97989	2.47428	1.6349	1	1	1	1	1	1	1	1	1	1
1	1	1	1	1	1	1	1	1	1	1	1	1	1	1.91441	3.01826	3.01826	3.01826	3.01826	3.01826	3.01826	3.01826	3.01826	3.01826	3.01826	3.01826	3.01826	3.01826	3.01826	3.01826	3.01826	3.01826	3.01826	3.01826	3.01826	3.01826	3.01826	3.01826	3.01826	3.01826	3.01826	3.01826	3.01826	3.01826	3.01826	3.01826	3.01826	3.01826	3.01826	2.86565	2.21202	1.29661	1	1	1	1	1	1	1	1	1	1	1	1
1	1	1	1	1	1	1	1	1	1	1	1	1	1	1.06298	2.86565	3.01826	3.01826	3.01826	3.01826	3.01826	3.01826	3.01826	3.01826	3.01826	3.01826	3.01826	3.01826	3.01826	3.01826	3.01826	3.01826	3.01826	3.01826	3.01826	3.01826	3.01826	3.01826	3.01826	3.01826	3.01826	3.01826	3.01826	3.01826	3.01826	3.01826	3.01657	2.6678	1.91441	1.06298	1	1	1	1	1	1	1	1	1	1	1	1	1	1
1	1	1	1	1	1	1	1	1	1	1	1	1	1	1	2.21202	3.01826	3.01826	3.01826	3.01826	3.01826	3.01826	3.01826	3.01826	3.01826	3.01826	3.01826	3.01826	3.01826	3.01826	3.01826	3.01826	3.01826	3.01826	3.01826	3.01826	3.01826	3.01826	3.01826	3.01826	3.01826	3.01826	3.01826	3.01826	2.96418	2.42647	1.56527	1	1	1	1	1	1	1	1	1	1	1	1	1	1	1	1	1
1	1	1	1	1	1	1	1	1	1	1	1	1	1	1	1.29661	2.97989	3.01826	3.01826	3.01826	3.01826	3.01826	3.01826	3.01826	3.01826	3.01826	3.01826	3.01826	3.01826	3.01826	3.01826	3.01826	3.01826	3.01826	3.01826	3.01826	3.01826	3.01826	3.01826	3.01826	3.01826	3.01826	2.83466	2.15866	1.24217	1	1	1	1	1	1	1	1	1	1	1	1	1	1	1	1	1	1	1
1	1	1	1	1	1	1	1	1	1	1	1	1	1	1	1	2.47428	3.01826	3.01826	3.01826	3.01826	3.01826	3.01826	3.01826	3.01826	3.01826	3.01826	3.01826	3.01826	3.01826	3.01826	3.01826	3.01826	3.01826	3.01826	3.01826	3.01826	3.01826	3.01826	3.01228	2.62369	1.85284	1.03659	1	1	1	1	1	1	1	1	1	1	1	1	1	1	1	1	1	1	1	1	1
1	1	1	1	1	1	1	1	1	1	1	1	1	1	1	1	1.6349	3.01826	3.01826	3.01826	3.01826	3.01826	3.01826	3.01826	3.01826	3.01826	3.01826	3.01826	3.01826	3.01826	3.01826	3.01826	3.01826	3.01826	3.01826	3.01826	3.01826	2.94579	2.37811	1.49815	1	1	1	1	1	1	1	1	1	1	1	1	1	1	1	1	1	1	1	1	1	1	1	1
1	1	1	1	1	1	1	1	1	1	1	1	1	1	1	1	1	2.7112	3.01826	3.01826	3.01826	3.01826	3.01826	3.01826	3.01826	3.01826	3.01826	3.01826	3.01826	3.01826	3.01826	3.01826	3.01826	3.01826	3.01826	2.80071	2.10396	1.1917	1	1	1	1	1	1	1	1	1	1	1	1	1	1	1	1	1	1	1	1	1	1	1	1	1	1
1	1	1	1	1	1	1	1	1	1	1	1	1	1	1	1	1	1.97457	3.01826	3.01826	3.01826	3.01826	3.01826	3.01826	3.01826	3.01826	3.01826	3.01826	3.01826	3.01826	3.01826	3.01826	3.00537	2.57883	1.78891	1.01713	1	1	1	1	1	1	1	1	1	1	1	1	1	1	1	1	1	1	1	1	1	1	1	1	1	1	1	1
1	1	1	1	1	1	1	1	1	1	1	1	1	1	1	1	1	1.09597	2.89346	3.01826	3.01826	3.01826	3.01826	3.01826	3.01826	3.01826	3.01826	3.01826	3.01826	3.01826	2.92449	2.32833	1.43301	1	1	1	1	1	1	1	1	1	1	1	1	1	1	1	1	1	1	1	1	1	1	1	1	1	1	1	1	1	1	1
1	1	1	1	1	1	1	1	1	1	1	1	1	1	1	1	1	1	2.26413	3.01826	3.01826	3.01826	3.01826	3.01826	3.01826	3.01826	3.01826	3.01826	2.76328	2.04781	1.14614	1	1	1	1	1	1	1	1	1	1	1	1	1	1	1	1	1	1	1	1	1	1	1	1	1	1	1	1	1	1	1	1	1
1	1	1	1	1	1	1	1	1	1	1	1	1	1	1	1	1	1	1.35486	2.99279	3.01826	3.01826	3.01826	3.01826	3.01826	2.99578	2.53318	1.72264	1.00483	1	1	1	1	1	1	1	1	1	1	1	1	1	1	1	1	1	1	1	1	1	1	1	1	1	1	1	1	1	1	1	1	1	1	1
1	1	1	1	1	1	1	1	1	1	1	1	1	1	1	1	1	1	1	2.5208	3.01826	3.01826	3.01826	2.90047	2.2779	1.37088	1	1	1	1	1	1	1	1	1	1	1	1	1	1	1	1	1	1	1	1	1	1	1	1	1	1	1	1	1	1	1	1	1	1	1	1	1	1
1	1	1	1	1	1	1	1	1	1	1	1	1	1	1	1	1	1	1	1.70444	3.01826	2.72261	1.99008	1.10574	1	1	1	1	1	1	1	1	1	1	1	1	1	1	1	1	1	1	1	1	1	1	1	1	1	1	1	1	1	1	1	1	1	1	1	1	1	1	1	1
1	1	1	1	1	1	1	1	1	1	1	1	1	1	1	1	1	1	1	1.00282	1.11579	1	1	1	1	1	1	1	1	1	1	1	1	1	1	1	1	1	1	1	1	1	1	1	1	1	1	1	1	1	1	1	1	1	1	1	1	1	1	1	1	1	1	1
1	1	1	1	1	1	1	1	1	1	1	1	1	1	1	1	1	1	1	1	1	1	1	1	1	1	1	1	1	1	1	1	1	1	1	1	1	1	1	1	1	1	1	1	1	1	1	1	1	1	1	1	1	1	1	1	1	1	1	1	1	1	1	1
1	1	1	1	1	1	1	1	1	1	1	1	1	1	1	1	1	1	1	1	1	1	1	1	1	1	1	1	1	1	1	1	1	1	1	1	1	1	1	1	1	1	1	1	1	1	1	1	1	1	1	1	1	1	1	1	1	1	1	1	1	1	1	1
