1	1	1	1	1	1	1	1	1	1	1	1	1	1	1	1	1	1	1	1	1	1	1	1	1	1	1	1	1	1	1	1	1	1	1	1	1	1	1	1	1	1	1	1	1	1	1	1	1	1	1	1	1	1	1	1	1	1	1	1	1	1	1	1
1	1	1	1	1	1	1	1	1	1	1	1	1	1	1	1	1	1	1	1	1	1	1	1	1	1	1	1	1	1	1	1	1	1	1	1	1	1	1	1	1	1	1	1	1	1	1	1	1	1	1	1	1	1	1	1	1	1	1	1	1	1	1	1
1	1	1	1	1	1	1	1	1	1	1	1	1	1	1	1	1	1	1	1	1	1	1	1	1	1	1	1	1	1	1	1	1	1	1	1	1	1	1	1	1	1	1	1.11631	1.00283	1	1	1	1	1	1	1	1	1	1	1	1	1	1	1	1	1	1	1
1	1	1	1	1	1	1	1	1	1	1	1	1	1	1	1	1	1	1	1	1	1	1	1	1	1	1	1	1	1	1	1	1	1	1	1	1	1	1	1	1.10619	2.00256	2.74502	3.04444	1.71278	1	1	1	1	1	1	1	1	1	1	1	1	1	1	1	1	1	1	1
1	1	1	1	1	1	1	1	1	1	1	1	1	1	1	1	1	1	1	1	1	1	1	1	1	1	1	1	1	1	1	1	1	1	1	1	1	1	1.3744	2.29438	2.92516	3.04444	3.04444	3.04444	2.54056	1	1	1	1	1	1	1	1	1	1	1	1	1	1	1	1	1	1	1
1	1	1	1	1	1	1	1	1	1	1	1	1	1	1	1	1	1	1	1	1	1	1	1	1	1	1	1	1	1	1	1	1	1	1	1.00483	1.73125	2.5531	3.02168	3.04444	3.04444	3.04444	3.04444	3.04444	3.01866	1.35815	1	1	1	1	1	1	1	1	1	1	1	1	1	1	1	1	1	1
1	1	1	1	1	1	1	1	1	1	1	1	1	1	1	1	1	1	1	1	1	1	1	1	1	1	1	1	1	1	1	1	1	1.14693	2.0611	2.78621	3.04444	3.04444	3.04444	3.04444	3.04444	3.04444	3.04444	3.04444	3.04444	1.61126	1	1	1	1	1	1	1	1	1	1	1	1	1	1	1	1	1	1
1	1	1	1	1	1	1	1	1	1	1	1	1	1	1	1	1	1	1	1	1	1	1	1	1	1	1	1	1	1	1	1.4374	2.3455	2.94949	3.04444	3.04444	3.04444	3.04444	3.04444	3.04444	3.04444	3.04444	3.04444	3.04444	3.04444	3.04164	1.20009	1	1	1	1	1	1	1	1	1	1	1	1	1	1	1	1	1
1	1	1	1	1	1	1	1	1	1	1	1	1	1	1	1	1	1	1	1	1	1	1	1	1	1	1	1	1.01714	1.79848	2.59936	3.03139	3.04444	3.04444	3.04444	3.04444	3.04444	3.04444	3.04444	3.04444	3.04444	3.04444	3.04444	3.04444	3.04444	3.04444	1.77141	1	1	1	1	1	1	1	1	1	1	1	1	1	1	1	1	1
1	1	1	1	1	1	1	1	1	1	1	1	1	1	1	1	1	1	1	1	1	1	1	1	1	1	1.19295	2.11804	2.82413	3.04444	3.04444	3.04444	3.04444	3.04444	3.04444	3.04444	3.04444	3.04444	3.04444	3.04444	3.04444	3.04444	3.04444	3.04444	3.04444	3.04444	3.03978	1	1	1	1	1	1	1	1	1	1	1	1	1	1	1	1	1
1	1	1	1	1	1	1	1	1	1	1	1	1	1	1	1	1	1	1	1	1	1	1	1	1.50347	2.39596	2.97106	3.04444	3.04444	3.04444	3.04444	3.04444	3.04444	3.04444	3.04444	3.04444	3.04444	3.04444	3.04444	3.04444	3.04444	3.04444	3.04444	3.04444	3.04444	3.04444	3.04444	1.28351	1	1	1	1	1	1	1	1	1	1	1	1	1	1	1	1
1	1	1	1	1	1	1	1	1	1	1	1	1	1	1	1	1	1	1	1	1	1.03665	1.86335	2.64481	3.03839	3.04444	3.04444	3.04444	3.04444	3.04444	3.04444	3.04444	3.04444	3.04444	3.04444	3.04444	3.04444	3.04444	3.04444	3.04444	3.04444	3.04444	3.04444	3.04444	3.04444	3.04444	3.04444	3.03887	1	1	1	1	1	1	1	1	1	1	1	1	1	1	1	1
1	1	1	1	1	1	1	1	1	1	1	1	1	1	1	1	1	1	1	1.244	2.1735	2.85851	3.04444	3.04444	3.04444	3.04444	3.04444	3.04444	3.04444	3.04444	3.04444	3.04444	3.04444	3.04444	3.04444	3.04444	3.04444	3.04444	3.04444	3.04444	3.04444	3.04444	3.04444	3.04444	3.04444	3.04444	3.04444	3.04164	1.23764	1	1	1	1	1	1	1	1	1	1	1	1	1	1	1
1	1	1	1	1	1	1	1	1	1	1	1	1	1	1	1	1	1.57157	2.44496	2.98968	3.04444	3.04444	3.04444	3.04444	3.04444	3.04444	3.04444	3.04444	3.04444	3.04444	3.04444	3.04444	3.04444	3.04444	3.04444	3.04444	3.04444	3.04444	3.04444	3.04444	3.04444	3.04444	3.04444	3.04444	3.04444	3.04444	3.04444	3.04444	2.28839	1	1	1	1	1	1	1	1	1	1	1	1	1	1	1
1	1	1	1	1	1	1	1	1	1	1	1	1	1	1.06315	1.9258	2.6895	3.04273	3.04444	3.04444	3.04444	3.04444	3.04444	3.04444	3.04444	3.04444	3.04444	3.04444	3.04444	3.04444	3.04444	3.04444	3.04444	3.04444	3.04444	3.04444	3.04444	3.04444	3.04444	3.04444	3.04444	3.04444	3.04444	3.04444	3.04444	3.04444	3.04444	3.04444	3.04164	1.19195	1	1	1	1	1	1	1	1	1	1	1	1	1	1
1	1	1	1	1	1	1	1	1	1	1	1	1.29912	2.2276	2.8899	3.04444	3.04444	3.04444	3.04444	3.04444	3.04444	3.04444	3.04444	3.04444	3.04444	3.04444	3.04444	3.04444	3.04444	3.04444	3.04444	3.04444	3.04444	3.04444	3.04444	3.04444	3.04444	3.04444	3.04444	3.04444	3.04444	3.04444	3.04444	3.04444	3.04444	3.04444	3.04444	3.04444	3.04444	1.7049	1	1	1	1	1	1	1	1	1	1	1	1	1	1
1	1	1	1	1	1	1	1	1	1	1.64223	2.49342	3.00559	3.04444	3.04444	3.04444	3.04444	3.04444	3.04444	3.04444	3.04444	3.04444	3.04444	3.04444	3.04444	3.04444	3.04444	3.04444	3.04444	3.04444	3.04444	3.04444	3.04444	3.04444	3.04444	3.04444	3.04444	3.04444	3.04444	3.04444	3.04444	3.04444	3.04444	3.04444	3.04444	3.04444	3.04444	3.04444	3.04444	3.03945	1	1	1	1	1	1	1	1	1	1	1	1	1	1
1	1	1	1	1	1	1	1.09635	1.98683	2.73345	3.04444	3.04444	3.04444	3.04444	3.04444	3.04444	3.04444	3.04444	3.04444	3.04444	3.04444	3.04444	3.04444	3.04444	3.04444	3.04444	3.04444	3.04444	3.04444	3.04444	3.04444	3.04444	3.04444	3.04444	3.04444	3.04444	3.04444	3.04444	3.04444	3.04444	3.04444	3.04444	3.04444	3.04444	3.04444	3.04444	3.04444	3.04444	3.04444	3.04292	1.27547	1	1	1	1	1	1	1	1	1	1	1	1	1
1	1	1	1	1	1.35815	2.28043	2.91806	3.04444	3.04444	3.04444	3.04444	3.04444	3.04444	3.04444	3.04444	3.04444	3.04444	3.04444	3.04444	3.04444	3.04444	3.04444	3.04444	3.04444	3.04444	3.04444	3.04444	3.04444	3.04444	3.04444	3.04444	3.04444	3.04444	3.04444	3.04444	3.04444	3.04444	3.04444	3.04444	3.04444	3.04444	3.04444	3.04444	3.04444	3.04444	3.04444	3.04444	3.04444	3.04444	3.03885	1	1	1	1	1	1	1	1	1	1	1	1	1
1	1	1.00283	1.71278	2.54056	3.01866	3.04444	3.04444	3.04444	3.04444	3.04444	3.04444	3.04444	3.04444	3.04444	3.04444	3.04444	3.04444	3.04444	3.04444	3.04444	3.04444	3.04444	3.04444	3.04444	3.04444	3.04444	3.04444	3.04444	3.04444	3.04444	3.04444	3.04444	3.04444	3.04444	3.04444	3.04444	3.04444	3.04444	3.04444	3.04444	3.04444	3.04444	3.04444	3.04444	3.04444	3.04444	3.04444	3.04444	3.04444	3.04163	1.22857	1	1	1	1	1	1	1	1	1	1	1	1
1	1	1.11631	3.04444	3.04444	3.04444	3.04444	3.04444	3.04444	3.04444	3.04444	3.04444	3.04444	3.04444	3.04444	3.04444	3.04444	3.04444	3.04444	3.04444	3.04444	3.04444	3.04444	3.04444	3.04444	3.04444	3.04444	3.04444	3.04444	3.04444	3.04444	3.04444	3.04444	3.04444	3.04444	3.04444	3.04444	3.04444	3.04444	3.04444	3.04444	3.04444	3.04444	3.04444	3.04444	3.04444	3.04444	3.04444	3.04444	3.04444	3.04444	2.1132	1	1	1	1	1	1	1	1	1	1	1	1
1	1	1	2.74502	3.04444	3.04444	3.04444	3.04444	3.04444	3.04444	3.04444	3.04444	3.04444	3.04444	3.04444	3.04444	3.04444	3.04444	3.04444	3.04444	3.04444	3.04444	3.04444	3.04444	3.04444	3.04444	3.04444	3.04444	3.04444	3.04444	3.04444	3.04444	3.04444	3.04444	3.04444	3.04444	3.04444	3.04444	3.04444	3.04444	3.04444	3.04444	3.04444	3.04444	3.04444	3.04444	3.04444	3.04444	3.04444	3.04444	3.04444	3.04216	1.29728	1	1	1	1	1	1	1	1	1	1	1
1	1	1	2.00256	3.04444	3.04444	3.04444	3.04444	3.04444	3.04444	3.04444	3.04444	3.04444	3.04444	3.04444	3.04444	3.04444	3.04444	3.04444	3.04444	3.04444	3.04444	3.04444	3.04444	3.04444	3.04444	3.04444	3.04444	3.04444	3.04444	3.04444	3.04444	3.04444	3.04444	3.04444	3.04444	3.04444	3.04444	3.04444	3.04444	3.04444	3.04444	3.04444	3.04444	3.04444	3.04444	3.04444	3.04444	3.04444	3.04444	3.04444	3.04444	3.04196	1.34015	1	1	1	1	1	1	1	1	1	1
1	1	1	1.10619	2.92516	3.04444	3.04444	3.04444	3.04444	3.04444	3.04444	3.04444	3.04444	3.04444	3.04444	3.04444	3.04444	3.04444	3.04444	3.04444	3.04444	3.04444	3.04444	3.04444	3.04444	3.04444	3.04444	3.04444	3.04444	3.04444	3.04444	3.04444	3.04444	3.04444	3.04444	3.04444	3.04444	3.04444	3.04444	3.04444	3.04444	3.04444	3.04444	3.04444	3.04444	3.04444	3.04444	3.04444	3.04444	3.04444	3.04444	3.04444	3.04444	3.04188	1.33611	1	1	1	1	1	1	1	1	1
1	1	1	1	2.29438	3.04444	3.04444	3.04444	3.04444	3.04444	3.04444	3.04444	3.04444	3.04444	3.04444	3.04444	3.04444	3.04444	3.04444	3.04444	3.04444	3.04444	3.04444	3.04444	3.04444	3.04444	3.04444	3.04444	3.04444	3.04444	3.04444	3.04444	3.04444	3.04444	3.04444	3.04444	3.04444	3.04444	3.04444	3.04444	3.04444	3.04444	3.04444	3.04444	3.04444	3.04444	3.04444	3.04444	3.04444	3.04444	3.04444	3.04444	3.04444	3.04444	3.04202	1.28164	1	1	1	1	1	1	1	1
1	1	1	1	1.3744	3.02168	3.04444	3.04444	3.04444	3.04444	3.04444	3.04444	3.04444	3.04444	3.04444	3.04444	3.04444	3.04444	3.04444	3.04444	3.04444	3.04444	3.04444	3.04444	3.04444	3.04444	3.04444	3.04444	3.04444	3.04444	3.04444	3.04444	3.04444	3.04444	3.04444	3.04444	3.04444	3.04444	3.04444	3.04444	3.04444	3.04444	3.04444	3.04444	3.04444	3.04444	3.04444	3.04444	3.04444	3.04444	3.04444	3.04444	3.04444	3.04444	3.04444	3.04208	1.00283	1	1	1	1	1	1	1
1	1	1	1	1	2.5531	3.04444	3.04444	3.04444	3.04444	3.04444	3.04444	3.04444	3.04444	3.04444	3.04444	3.04444	3.04444	3.04444	3.04444	3.04444	3.04444	3.04444	3.04444	3.04444	3.04444	3.04444	3.04444	3.04444	3.04444	3.04444	3.04444	3.04444	3.04444	3.04444	3.04444	3.04444	3.04444	3.04444	3.04444	3.04444	3.04444	3.04444	3.04444	3.04444	3.04444	3.04444	3.04444	3.04444	3.04444	3.04444	3.04444	3.04444	3.04444	3.04444	3.04444	1.95629	1	1	1	1	1	1	1
1	1	1	1	1	1.73125	3.04444	3.04444	3.04444	3.04444	3.04444	3.04444	3.04444	3.04444	3.04444	3.04444	3.04444	3.04444	3.04444	3.04444	3.04444	3.04444	3.04444	3.04444	3.04444	3.04444	3.04444	3.04444	3.04444	3.04444	3.04444	3.04444	3.04444	3.04444	3.04444	3.04444	3.04444	3.04444	3.04444	3.04444	3.04444	3.04444	3.04444	3.04444	3.04444	3.04444	3.04444	3.04444	3.04444	3.04444	3.04444	3.04444	3.04444	3.04444	3.04444	3.04444	2.7139	1	1	1	1	1	1	1
1	1	1	1	1	1.00483	2.78621	3.04444	3.04444	3.04444	3.04444	3.04444	3.04444	3.04444	3.04444	3.04444	3.04444	3.04444	3.04444	3.04444	3.04444	3.04444	3.04444	3.04444	3.04444	3.04444	3.04444	3.04444	3.04444	3.04444	3.04444	3.04444	3.04444	3.04444	3.04444	3.04444	3.04444	3.04444	3.04444	3.04444	3.04444	3.04444	3.04444	3.04444	3.04444	3.04444	3.04444	3.04444	3.04444	3.04444	3.04444	3.04444	3.04444	3.04444	3.04444	3.04444	3.04087	1.3629	1	1	1	1	1	1
1	1	1	1	1	1	2.0611	3.04444	3.04444	3.04444	3.04444	3.04444	3.04444	3.04444	3.04444	3.04444	3.04444	3.04444	3.04444	3.04444	3.04444	3.04444	3.04444	3.04444	3.04444	3.04444	3.04444	3.04444	3.04444	3.04444	3.04444	3.04444	3.04444	3.04444	3.04444	3.04444	3.04444	3.04444	3.04444	3.04444	3.04444	3.04444	3.04444	3.04444	3.04444	3.04444	3.04444	3.04444	3.04444	3.04444	3.04444	3.04444	3.04444	3.04444	3.04444	3.04444	3.04444	1.95267	1	1	1	1	1	1
1	1	1	1	1	1	1.14693	2.94949	3.04444	3.04444	3.04444	3.04444	3.04444	3.04444	3.04444	3.04444	3.04444	3.04444	3.04444	3.04444	3.04444	3.04444	3.04444	3.04444	3.04444	3.04444	3.04444	3.04444	3.04444	3.04444	3.04444	3.04444	3.04444	3.04444	3.04444	3.04444	3.04444	3.04444	3.04444	3.04444	3.04444	3.04444	3.04444	3.04444	3.04444	3.04444	3.04444	3.04444	3.04444	3.04444	3.04444	3.04444	3.04444	3.04444	3.04444	3.04444	3.04444	2.26482	1	1	1	1	1	1
1	1	1	1	1	1	1	2.3455	3.04444	3.04444	3.04444	3.04444	3.04444	3.04444	3.04444	3.04444	3.04444	3.04444	3.04444	3.04444	3.04444	3.04444	3.04444	3.04444	3.04444	3.04444	3.04444	3.04444	3.04444	3.04444	3.04444	3.04444	3.04444	3.04444	3.04444	3.04444	3.04444	3.04444	3.04444	3.04444	3.04444	3.04444	3.04444	3.04444	3.04444	3.04444	3.04444	3.04444	3.04444	3.04444	3.04444	3.04444	3.04444	3.04444	3.04444	3.04444	3.04444	2.37065	1	1	1	1	1	1
1	1	1	1	1	1	1	1.4374	3.03139	3.04444	3.04444	3.04444	3.04444	3.04444	3.04444	3.04444	3.04444	3.04444	3.04444	3.04444	3.04444	3.04444	3.04444	3.04444	3.04444	3.04444	3.04444	3.04444	3.04444	3.04444	3.04444	3.04444	3.04444	3.04444	3.04444	3.04444	3.04444	3.04444	3.04444	3.04444	3.04444	3.04444	3.04444	3.04444	3.04444	3.04444	3.04444	3.04444	3.04444	3.04444	3.04444	3.04444	3.04444	3.04444	3.04444	3.04444	3.04444	2.43811	1	1	1	1	1	1
1	1	1	1	1	1	1	1	2.59936	3.04444	3.04444	3.04444	3.04444	3.04444	3.04444	3.04444	3.04444	3.04444	3.04444	3.04444	3.04444	3.04444	3.04444	3.04444	3.04444	3.04444	3.04444	3.04444	3.04444	3.04444	3.04444	3.04444	3.04444	3.04444	3.04444	3.04444	3.04444	3.04444	3.04444	3.04444	3.04444	3.04444	3.04444	3.04444	3.04444	3.04444	3.04444	3.04444	3.04444	3.04444	3.04444	3.04444	3.04444	3.04444	3.04444	3.04444	3.04444	2.26482	1	1	1	1	1	1
1	1	1	1	1	1	1	1	1.79848	3.04444	3.04444	3.04444	3.04444	3.04444	3.04444	3.04444	3.04444	3.04444	3.04444	3.04444	3.04444	3.04444	3.04444	3.04444	3.04444	3.04444	3.04444	3.04444	3.04444	3.04444	3.04444	3.04444	3.04444	3.04444	3.04444	3.04444	3.04444	3.04444	3.04444	3.04444	3.04444	3.04444	3.04444	3.04444	3.04444	3.04444	3.04444	3.04444	3.04444	3.04444	3.04444	3.04444	3.04444	3.04444	3.04444	3.04444	3.04444	2.30738	1	1	1	1	1	1
1	1	1	1	1	1	1	1	1.01714	2.82413	3.04444	3.04444	3.04444	3.04444	3.04444	3.04444	3.04444	3.04444	3.04444	3.04444	3.04444	3.04444	3.04444	3.04444	3.04444	3.04444	3.04444	3.04444	3.04444	3.04444	3.04444	3.04444	3.04444	3.04444	3.04444	3.04444	3.04444	3.04444	3.04444	3.04444	3.04444	3.04444	3.04444	3.04444	3.04444	3.04444	3.04444	3.04444	3.04444	3.04444	3.04444	3.04444	3.04444	3.04444	3.04444	3.04444	3.04444	2.78621	1.00483	1	1	1	1	1
1	1	1	1	1	1	1	1	1	2.11804	3.04444	3.04444	3.04444	3.04444	3.04444	3.04444	3.04444	3.04444	3.04444	3.04444	3.04444	3.04444	3.04444	3.04444	3.04444	3.04444	3.04444	3.04444	3.04444	3.04444	3.04444	3.04444	3.04444	3.04444	3.04444	3.04444	3.04444	3.04444	3.04444	3.04444	3.04444	3.04444	3.04444	3.04444	3.04444	3.04444	3.04444	3.04444	3.04444	3.04444	3.04444	3.04444	3.04444	3.04444	3.04444	3.04444	3.04444	3.04444	1.73125	1	1	1	1	1
1	1	1	1	1	1	1	1	1	1.19295	2.97106	3.04444	3.04444	3.04444	3.04444	3.04444	3.04444	3.04444	3.04444	3.04444	3.04444	3.04444	3.04444	3.04444	3.04444	3.04444	3.04444	3.04444	3.04444	3.04444	3.04444	3.04444	3.04444	3.04444	3.04444	3.04444	3.04444	3.04444	3.04444	3.04444	3.04444	3.04444	3.04444	3.04444	3.04444	3.04444	3.04444	3.04444	3.04444	3.04444	3.04444	3.04444	3.04444	3.04444	3.04444	3.04444	3.04444	3.04444	2.5531	1	1	1	1	1
1	1	1	1	1	1	1	1	1	1	2.39596	3.04444	3.04444	3.04444	3.04444	3.04444	3.04444	3.04444	3.04444	3.04444	3.04444	3.04444	3.04444	3.04444	3.04444	3.04444	3.04444	3.04444	3.04444	3.04444	3.04444	3.04444	3.04444	3.04444	3.04444	3.04444	3.04444	3.04444	3.04444	3.04444	3.04444	3.04444	3.04444	3.04444	3.04444	3.04444	3.04444	3.04444	3.04444	3.04444	3.04444	3.04444	3.04444	3.04444	3.04444	3.04444	3.04444	3.04444	3.02168	1.3744	1	1	1	1
1	1	1	1	1	1	1	1	1	1	1.50347	3.03839	3.04444	3.04444	3.04444	3.04444	3.04444	3.04444	3.04444	3.04444	3.04444	3.04444	3.04444	3.04444	3.04444	3.04444	3.04444	3.04444	3.04444	3.04444	3.04444	3.04444	3.04444	3.04444	3.04444	3.04444	3.04444	3.04444	3.04444	3.04444	3.04444	3.04444	3.04444	3.04444	3.04444	3.04444	3.04444	3.04444	3.04444	3.04444	3.04444	3.04444	3.04444	3.04444	3.04444	3.04444	3.04444	3.04444	3.04444	2.29438	1	1	1	1
1	1	1	1	1	1	1	1	1	1	1	2.64481	3.04444	3.04444	3.04444	3.04444	3.04444	3.04444	3.04444	3.04444	3.04444	3.04444	3.04444	3.04444	3.04444	3.04444	3.04444	3.04444	3.04444	3.04444	3.04444	3.04444	3.04444	3.04444	3.04444	3.04444	3.04444	3.04444	3.04444	3.04444	3.04444	3.04444	3.04444	3.04444	3.04444	3.04444	3.04444	3.04444	3.04444	3.04444	3.04444	3.04444	3.04444	3.04444	3.04444	3.04444	3.04444	3.04444	3.04444	2.92516	1.10619	1	1	1
1	1	1	1	1	1	1	1	1	1	1	1.86335	3.04444	3.04444	3.04444	3.04444	3.04444	3.04444	3.04444	3.04444	3.04444	3.04444	3.04444	3.04444	3.04444	3.04444	3.04444	3.04444	3.04444	3.04444	3.04444	3.04444	3.04444	3.04444	3.04444	3.04444	3.04444	3.04444	3.04444	3.04444	3.04444	3.04444	3.04444	3.04444	3.04444	3.04444	3.04444	3.04444	3.04444	3.04444	3.04444	3.04444	3.04444	3.04444	3.04444	3.04444	3.04444	3.04444	3.04444	3.04444	2.00256	1	1	1
1	1	1	1	1	1	1	1	1	1	1	1.03665	2.85851	3.04444	3.04444	3.04444	3.04444	3.04444	3.04444	3.04444	3.04444	3.04444	3.04444	3.04444	3.04444	3.04444	3.04444	3.04444	3.04444	3.04444	3.04444	3.04444	3.04444	3.04444	3.04444	3.04444	3.04444	3.04444	3.04444	3.04444	3.04444	3.04444	3.04444	3.04444	3.04444	3.04444	3.04444	3.04444	3.04444	3.04444	3.04444	3.04444	3.04444	3.04444	3.04444	3.04444	3.04444	3.04444	3.04444	3.04444	2.74502	1	1	1
1	1	1	1	1	1	1	1	1	1	1	1	2.1735	3.04444	3.04444	3.04444	3.04444	3.04444	3.04444	3.04444	3.04444	3.04444	3.04444	3.04444	3.04444	3.04444	3.04444	3.04444	3.04444	3.04444	3.04444	3.04444	3.04444	3.04444	3.04444	3.04444	3.04444	3.04444	3.04444	3.04444	3.04444	3.04444	3.04444	3.04444	3.04444	3.04444	3.04444	3.04444	3.04444	3.04444	3.04444	3.04444	3.04444	3.04444	3.04444	3.04444	3.04444	3.04444	3.04444	3.04444	3.04444	1.11631	1	1
1	1	1	1	1	1	1	1	1	1	1	1	1.244	2.98968	3.04444	3.04444	3.04444	3.04444	3.04444	3.04444	3.04444	3.04444	3.04444	3.04444	3.04444	3.04444	3.04444	3.04444	3.04444	3.04444	3.04444	3.04444	3.04444	3.04444	3.04444	3.04444	3.04444	3.04444	3.04444	3.04444	3.04444	3.04444	3.04444	3.04444	3.04444	3.04444	3.04444	3.04444	3.04444	3.04444	3.04444	3.04444	3.04444	3.04444	3.04444	3.04444	3.04444	3.04444	3.01866	2.54056	1.71278	1.00283	1	1
1	1	1	1	1	1	1	1	1	1	1	1	1	2.44496	3.04444	3.04444	3.04444	3.04444	3.04444	3.04444	3.04444	3.04444	3.04444	3.04444	3.04444	3.04444	3.04444	3.04444	3.04444	3.04444	3.04444	3.04444	3.04444	3.04444	3.04444	3.04444	3.04444	3.04444	3.04444	3.04444	3.04444	3.04444	3.04444	3.04444	3.04444	3.04444	3.04444	3.04444	3.04444	3.04444	3.04444	3.04444	3.04444	3.04444	3.04444	3.04444	2.91806	2.28043	1.35815	1	1	1	1	1
1	1	1	1	1	1	1	1	1	1	1	1	1	1.57157	3.04273	3.04444	3.04444	3.04444	3.04444	3.04444	3.04444	3.04444	3.04444	3.04444	3.04444	3.04444	3.04444	3.04444	3.04444	3.04444	3.04444	3.04444	3.04444	3.04444	3.04444	3.04444	3.04444	3.04444	3.04444	3.04444	3.04444	3.04444	3.04444	3.04444	3.04444	3.04444	3.04444	3.04444	3.04444	3.04444	3.04444	3.04444	3.04444	3.04444	2.73345	1.98683	1.09635	1	1	1	1	1	1	1
1	1	1	1	1	1	1	1	1	1	1	1	1	1	2.6895	3.04444	3.04444	3.04444	3.04444	3.04444	3.04444	3.04444	3.04444	3.04444	3.04444	3.04444	3.04444	3.04444	3.04444	3.04444	3.04444	3.04444	3.04444	3.04444	3.04444	3.04444	3.04444	3.04444	3.04444	3.04444	3.04444	3.04444	3.04444	3.04444	3.04444	3.04444	3.04444	3.04444	3.04444	3.04444	3.04444	3.00559	2.49342	1.64223	1	1	1	1	1	1	1	1	1	1
1	1	1	1	1	1	1	1	1	1	1	1	1	1	1.9258	3.04444	3.04444	3.04444	3.04444	3.04444	3.04444	3.04444	3.04444	3.04444	3.04444	3.04444	3.04444	3.04444	3.04444	3.04444	3.04444	3.04444	3.04444	3.04444	3.04444	3.04444	3.04444	3.04444	3.04444	3.04444	3.04444	3.04444	3.04444	3.04444	3.04444	3.04444	3.04444	3.04444	3.04444	2.8899	2.2276	1.29912	1	1	1	1	1	1	1	1	1	1	1	1
1	1	1	1	1	1	1	1	1	1	1	1	1	1	1.06315	2.8899	3.04444	3.04444	3.04444	3.04444	3.04444	3.04444	3.04444	3.04444	3.04444	3.04444	3.04444	3.04444	3.04444	3.04444	3.04444	3.04444	3.04444	3.04444	3.04444	3.04444	3.04444	3.04444	3.04444	3.04444	3.04444	3.04444	3.04444	3.04444	3.04444	3.04444	3.04273	2.6895	1.9258	1.06315	1	1	1	1	1	1	1	1	1	1	1	1	1	1
1	1	1	1	1	1	1	1	1	1	1	1	1	1	1	2.2276	3.04444	3.04444	3.04444	3.04444	3.04444	3.04444	3.04444	3.04444	3.04444	3.04444	3.04444	3.04444	3.04444	3.04444	3.04444	3.04444	3.04444	3.04444	3.04444	3.04444	3.04444	3.04444	3.04444	3.04444	3.04444	3.04444	3.04444	3.04444	2.98968	2.44496	1.57157	1	1	1	1	1	1	1	1	1	1	1	1	1	1	1	1	1
1	1	1	1	1	1	1	1	1	1	1	1	1	1	1	1.29912	3.00559	3.04444	3.04444	3.04444	3.04444	3.04444	3.04444	3.04444	3.04444	3.04444	3.04444	3.04444	3.04444	3.04444	3.04444	3.04444	3.04444	3.04444	3.04444	3.04444	3.04444	3.04444	3.04444	3.04444	3.04444	3.04444	2.85851	2.1735	1.244	1	1	1	1	1	1	1	1	1	1	1	1	1	1	1	1	1	1	1
1	1	1	1	1	1	1	1	1	1	1	1	1	1	1	1	2.49342	3.04444	3.04444	3.04444	3.04444	3.04444	3.04444	3.04444	3.04444	3.04444	3.04444	3.04444	3.04444	3.04444	3.04444	3.04444	3.04444	3.04444	3.04444	3.04444	3.04444	3.04444	3.04444	3.03839	2.64481	1.86335	1.03665	1	1	1	1	1	1	1	1	1	1	1	1	1	1	1	1	1	1	1	1	1
1	1	1	1	1	1	1	1	1	1	1	1	1	1	1	1	1.64223	3.04444	3.04444	3.04444	3.04444	3.04444	3.04444	3.04444	3.04444	3.04444	3.04444	3.04444	3.04444	3.04444	3.04444	3.04444	3.04444	3.04444	3.04444	3.04444	3.04444	2.97106	2.39596	1.50347	1	1	1	1	1	1	1	1	1	1	1	1	1	1	1	1	1	1	1	1	1	1	1	1
1	1	1	1	1	1	1	1	1	1	1	1	1	1	1	1	1	2.73345	3.04444	3.04444	3.04444	3.04444	3.04444	3.04444	3.04444	3.04444	3.04444	3.04444	3.04444	3.04444	3.04444	3.04444	3.04444	3.04444	3.04444	2.82413	2.11804	1.19295	1	1	1	1	1	1	1	1	1	1	1	1	1	1	1	1	1	1	1	1	1	1	1	1	1	1
1	1	1	1	1	1	1	1	1	1	1	1	1	1	1	1	1	1.98683	3.04444	3.04444	3.04444	3.04444	3.04444	3.04444	3.04444	3.04444	3.04444	3.04444	3.04444	3.04444	3.04444	3.04444	3.03139	2.59936	1.79848	1.01714	1	1	1	1	1	1	1	1	1	1	1	1	1	1	1	1	1	1	1	1	1	1	1	1	1	1	1	1
1	1	1	1	1	1	1	1	1	1	1	1	1	1	1	1	1	1.09635	2.91806	3.04444	3.04444	3.04444	3.04444	3.04444	3.04444	3.04444	3.04444	3.04444	3.04444	3.04444	2.94949	2.3455	1.4374	1	1	1	1	1	1	1	1	1	1	1	1	1	1	1	1	1	1	1	1	1	1	1	1	1	1	1	1	1	1	1
1	1	1	1	1	1	1	1	1	1	1	1	1	1	1	1	1	1	2.28043	3.04444	3.04444	3.04444	3.04444	3.04444	3.04444	3.04444	3.04444	3.04444	2.78621	2.0611	1.14693	1	1	1	1	1	1	1	1	1	1	1	1	1	1	1	1	1	1	1	1	1	1	1	1	1	1	1	1	1	1	1	1	1
1	1	1	1	1	1	1	1	1	1	1	1	1	1	1	1	1	1	1.35815	3.01866	3.04444	3.04444	3.04444	3.04444	3.04444	3.02168	2.5531	1.73125	1.00483	1	1	1	1	1	1	1	1	1	1	1	1	1	1	1	1	1	1	1	1	1	1	1	1	1	1	1	1	1	1	1	1	1	1	1
1	1	1	1	1	1	1	1	1	1	1	1	1	1	1	1	1	1	1	2.54056	3.04444	3.04444	3.04444	2.92516	2.29438	1.3744	1	1	1	1	1	1	1	1	1	1	1	1	1	1	1	1	1	1	1	1	1	1	1	1	1	1	1	1	1	1	1	1	1	1	1	1	1	1
1	1	1	1	1	1	1	1	1	1	1	1	1	1	1	1	1	1	1	1.71278	3.04444	2.74502	2.00256	1.10619	1	1	1	1	1	1	1	1	1	1	1	1	1	1	1	1	1	1	1	1	1	1	1	1	1	1	1	1	1	1	1	1	1	1	1	1	1	1	1	1
1	1	1	1	1	1	1	1	1	1	1	1	1	1	1	1	1	1	1	1.00283	1.11631	1	1	1	1	1	1	1	1	1	1	1	1	1	1	1	1	1	1	1	1	1	1	1	1	1	1	1	1	1	1	1	1	1	1	1	1	1	1	1	1	1	1	1
1	1	1	1	1	1	1	1	1	1	1	1	1	1	1	1	1	1	1	1	1	1	1	1	1	1	1	1	1	1	1	1	1	1	1	1	1	1	1	1	1	1	1	1	1	1	1	1	1	1	1	1	1	1	1	1	1	1	1	1	1	1	1	1
1	1	1	1	1	1	1	1	1	1	1	1	1	1	1	1	1	1	1	1	1	1	1	1	1	1	1	1	1	1	1	1	1	1	1	1	1	1	1	1	1	1	1	1	1	1	1	1	1	1	1	1	1	1	1	1	1	1	1	1	1	1	1	1
