2e-06
1.99922e-06
1.99843e-06
1.99765e-06
1.99687e-06
1.99609e-06
1.99531e-06
1.99452e-06
1.99375e-06
1.99297e-06
1.99219e-06
1.99141e-06
1.99063e-06
1.98986e-06
1.98908e-06
1.9883e-06
1.98753e-06
1.98675e-06
1.98598e-06
1.98521e-06
1.98444e-06
1.98366e-06
1.98289e-06
1.98212e-06
1.98135e-06
1.98058e-06
1.97981e-06
1.97905e-06
1.97828e-06
1.97751e-06
1.97674e-06
1.97598e-06
1.97521e-06
1.97445e-06
1.97368e-06
1.97292e-06
1.97216e-06
1.9714e-06
1.97063e-06
1.96987e-06
1.96911e-06
1.96835e-06
1.96759e-06
1.96683e-06
1.96608e-06
1.96532e-06
1.96456e-06
1.9638e-06
1.96305e-06
1.96229e-06
1.96154e-06
1.96078e-06
1.96003e-06
1.95928e-06
1.95853e-06
1.95777e-06
1.95702e-06
1.95627e-06
1.95552e-06
1.95477e-06
1.95402e-06
1.95327e-06
1.95253e-06
1.95178e-06
1.95103e-06
1.95029e-06
1.94954e-06
1.9488e-06
1.94805e-06
1.94731e-06
1.94656e-06
1.94582e-06
1.94508e-06
1.94434e-06
1.9436e-06
1.94286e-06
1.94212e-06
1.94138e-06
1.94064e-06
1.9399e-06
1.93916e-06
1.93843e-06
1.93769e-06
1.93695e-06
1.93622e-06
1.93548e-06
1.93475e-06
1.93402e-06
1.93328e-06
1.93255e-06
1.93182e-06
1.93109e-06
1.93036e-06
1.92963e-06
1.9289e-06
1.92817e-06
1.92744e-06
1.92671e-06
1.92598e-06
1.92525e-06
1.92453e-06
1.9238e-06
1.92308e-06
1.92235e-06
1.92163e-06
1.9209e-06
1.92018e-06
1.91946e-06
1.91874e-06
1.91801e-06
1.91729e-06
1.91657e-06
1.91585e-06
1.91513e-06
1.91441e-06
1.9137e-06
1.91298e-06
1.91226e-06
1.91154e-06
1.91083e-06
1.91011e-06
1.9094e-06
1.90868e-06
1.90797e-06
1.90726e-06
1.90654e-06
1.90583e-06
1.90512e-06
1.90441e-06
1.9037e-06
1.90299e-06
1.90228e-06
1.90157e-06
1.90086e-06
1.90015e-06
1.89944e-06
1.89873e-06
1.89803e-06
1.89732e-06
1.89662e-06
1.89591e-06
1.89521e-06
1.8945e-06
1.8938e-06
1.8931e-06
1.89239e-06
1.89169e-06
1.89099e-06
1.89029e-06
1.88959e-06
1.88889e-06
1.88819e-06
1.88749e-06
1.88679e-06
1.88609e-06
1.8854e-06
1.8847e-06
1.884e-06
1.88331e-06
1.88261e-06
1.88192e-06
1.88122e-06
1.88053e-06
1.87984e-06
1.87915e-06
1.87845e-06
1.87776e-06
1.87707e-06
1.87638e-06
1.87569e-06
1.875e-06
1.87431e-06
1.87362e-06
1.87293e-06
1.87225e-06
1.87156e-06
1.87087e-06
1.87019e-06
1.8695e-06
1.86882e-06
1.86813e-06
1.86745e-06
1.86676e-06
1.86608e-06
1.8654e-06
1.86472e-06
1.86404e-06
1.86335e-06
1.86267e-06
1.86199e-06
1.86131e-06
1.86063e-06
1.85996e-06
1.85928e-06
1.8586e-06
1.85792e-06
1.85725e-06
1.85657e-06
1.8559e-06
1.85522e-06
1.85455e-06
1.85387e-06
1.8532e-06
1.85252e-06
1.85185e-06
1.85118e-06
1.85051e-06
1.84984e-06
1.84917e-06
1.8485e-06
1.84783e-06
1.84716e-06
1.84649e-06
1.84582e-06
1.84515e-06
1.84448e-06
1.84382e-06
1.84315e-06
1.84249e-06
1.84182e-06
1.84116e-06
1.84049e-06
1.83983e-06
1.83916e-06
1.8385e-06
1.83784e-06
1.83718e-06
1.83651e-06
1.83585e-06
1.83519e-06
1.83453e-06
1.83387e-06
1.83321e-06
1.83255e-06
1.8319e-06
1.83124e-06
1.83058e-06
1.82992e-06
1.82927e-06
1.82861e-06
1.82796e-06
1.8273e-06
1.82665e-06
1.82599e-06
1.82534e-06
1.82469e-06
1.82403e-06
1.82338e-06
1.82273e-06
1.82208e-06
1.82143e-06
1.82078e-06
1.82013e-06
1.81948e-06
1.81883e-06
1.81818e-06
