   1.9999999999999999e-06
   1.9992200000000000e-06
   1.9984300000000002e-06
   1.9976499999999998e-06
   1.9968699999999999e-06
   1.9960900000000000e-06
   1.9953100000000000e-06
   1.9945199999999998e-06
   1.9937500000000002e-06
   1.9929699999999998e-06
   1.9921899999999999e-06
   1.9914100000000000e-06
   1.9906300000000000e-06
   1.9898600000000000e-06
   1.9890800000000000e-06
   1.9883000000000001e-06
   1.9875300000000000e-06
   1.9867500000000001e-06
   1.9859800000000000e-06
   1.9852099999999999e-06
   1.9844399999999998e-06
   1.9836599999999999e-06
   1.9828899999999998e-06
   1.9821200000000002e-06
   1.9813500000000001e-06
   1.9805800000000000e-06
   1.9798099999999999e-06
   1.9790500000000001e-06
   1.9782800000000001e-06
   1.9775100000000000e-06
   1.9767399999999999e-06
   1.9759800000000001e-06
   1.9752100000000000e-06
   1.9744499999999998e-06
   1.9736800000000001e-06
   1.9729199999999999e-06
   1.9721600000000001e-06
   1.9713999999999999e-06
   1.9706299999999998e-06
   1.9698700000000000e-06
   1.9691100000000002e-06
   1.9683500000000000e-06
   1.9675900000000002e-06
   1.9668299999999999e-06
   1.9660800000000000e-06
   1.9653200000000002e-06
   1.9645600000000000e-06
   1.9638000000000002e-06
   1.9630500000000002e-06
   1.9622900000000000e-06
   1.9615400000000000e-06
   1.9607799999999998e-06
   1.9600299999999999e-06
   1.9592799999999999e-06
   1.9585299999999999e-06
   1.9577700000000001e-06
   1.9570200000000002e-06
   1.9562699999999998e-06
   1.9555199999999999e-06
   1.9547699999999999e-06
   1.9540200000000000e-06
   1.9532700000000000e-06
   1.9525299999999999e-06
   1.9517800000000000e-06
   1.9510300000000000e-06
   1.9502899999999999e-06
   1.9495400000000000e-06
   1.9487999999999999e-06
   1.9480499999999999e-06
   1.9473099999999998e-06
   1.9465599999999999e-06
   1.9458200000000002e-06
   1.9450800000000001e-06
   1.9443400000000000e-06
   1.9435999999999999e-06
   1.9428599999999998e-06
   1.9421200000000001e-06
   1.9413800000000000e-06
   1.9406399999999999e-06
   1.9398999999999998e-06
   1.9391600000000002e-06
   1.9384299999999999e-06
   1.9376899999999998e-06
   1.9369500000000001e-06
   1.9362199999999999e-06
   1.9354799999999998e-06
   1.9347500000000000e-06
   1.9340200000000002e-06
   1.9332800000000001e-06
   1.9325499999999998e-06
   1.9318200000000000e-06
   1.9310900000000002e-06
   1.9303599999999999e-06
   1.9296300000000001e-06
   1.9288999999999999e-06
   1.9281700000000000e-06
   1.9274399999999998e-06
   1.9267100000000000e-06
   1.9259800000000002e-06
   1.9252499999999999e-06
   1.9245299999999999e-06
   1.9238000000000001e-06
   1.9230800000000001e-06
   1.9223499999999999e-06
   1.9216299999999999e-06
   1.9209000000000001e-06
   1.9201800000000001e-06
   1.9194600000000002e-06
   1.9187400000000002e-06
   1.9180100000000000e-06
   1.9172900000000000e-06
   1.9165700000000000e-06
   1.9158500000000000e-06
   1.9151300000000001e-06
   1.9144100000000001e-06
   1.9137000000000000e-06
   1.9129800000000000e-06
   1.9122600000000001e-06
   1.9115400000000001e-06
   1.9108300000000000e-06
   1.9101100000000000e-06
   1.9093999999999999e-06
   1.9086799999999999e-06
   1.9079699999999998e-06
   1.9072600000000001e-06
   1.9065399999999999e-06
   1.9058300000000000e-06
   1.9051199999999999e-06
   1.9044100000000000e-06
   1.9037000000000001e-06
   1.9029900000000000e-06
   1.9022800000000001e-06
   1.9015699999999999e-06
   1.9008600000000000e-06
   1.9001499999999999e-06
   1.8994400000000000e-06
   1.8987299999999999e-06
   1.8980300000000001e-06
   1.8973199999999999e-06
   1.8966200000000001e-06
   1.8959100000000000e-06
   1.8952099999999999e-06
   1.8945000000000000e-06
   1.8938000000000000e-06
   1.8930999999999999e-06
   1.8923900000000000e-06
   1.8916900000000000e-06
   1.8909899999999999e-06
   1.8902900000000001e-06
   1.8895900000000000e-06
   1.8888900000000000e-06
   1.8881899999999999e-06
   1.8874900000000001e-06
   1.8867900000000000e-06
   1.8860900000000000e-06
   1.8854000000000000e-06
   1.8846999999999999e-06
   1.8840000000000001e-06
   1.8833100000000001e-06
   1.8826100000000000e-06
   1.8819200000000001e-06
   1.8812200000000000e-06
   1.8805300000000000e-06
   1.8798400000000000e-06
   1.8791500000000000e-06
   1.8784500000000000e-06
   1.8777600000000000e-06
   1.8770700000000000e-06
   1.8763800000000000e-06
   1.8756900000000000e-06
   1.8750000000000000e-06
   1.8743100000000001e-06
   1.8736200000000001e-06
   1.8729300000000001e-06
   1.8722499999999999e-06
   1.8715600000000000e-06
   1.8708700000000000e-06
   1.8701900000000000e-06
   1.8695000000000001e-06
   1.8688199999999999e-06
   1.8681299999999999e-06
   1.8674500000000000e-06
   1.8667600000000000e-06
   1.8660800000000001e-06
   1.8654000000000000e-06
   1.8647200000000000e-06
   1.8640399999999999e-06
   1.8633499999999999e-06
   1.8626700000000000e-06
   1.8619900000000001e-06
   1.8613099999999999e-06
   1.8606300000000000e-06
   1.8599599999999999e-06
   1.8592800000000000e-06
   1.8586000000000001e-06
   1.8579200000000000e-06
   1.8572500000000001e-06
   1.8565700000000000e-06
   1.8559000000000001e-06
   1.8552200000000000e-06
   1.8545500000000001e-06
   1.8538700000000000e-06
   1.8532000000000001e-06
   1.8525200000000000e-06
   1.8518499999999999e-06
   1.8511800000000000e-06
   1.8505100000000000e-06
   1.8498400000000001e-06
   1.8491700000000000e-06
   1.8485000000000000e-06
   1.8478300000000001e-06
   1.8471600000000000e-06
   1.8464900000000000e-06
   1.8458200000000001e-06
   1.8451500000000000e-06
   1.8444800000000000e-06
   1.8438199999999999e-06
   1.8431500000000001e-06
   1.8424900000000001e-06
   1.8418200000000000e-06
   1.8411600000000000e-06
   1.8404899999999999e-06
   1.8398299999999999e-06
   1.8391600000000001e-06
   1.8385000000000001e-06
   1.8378400000000001e-06
   1.8371800000000000e-06
   1.8365100000000000e-06
   1.8358500000000000e-06
   1.8351900000000000e-06
   1.8345300000000000e-06
   1.8338699999999999e-06
   1.8332099999999999e-06
   1.8325499999999999e-06
   1.8319000000000000e-06
   1.8312400000000000e-06
   1.8305800000000000e-06
   1.8299200000000000e-06
   1.8292700000000000e-06
   1.8286100000000000e-06
   1.8279600000000001e-06
   1.8273000000000001e-06
   1.8266499999999999e-06
   1.8259899999999999e-06
   1.8253400000000000e-06
   1.8246900000000000e-06
   1.8240300000000000e-06
   1.8233800000000001e-06
   1.8227299999999999e-06
   1.8220800000000000e-06
   1.8214300000000000e-06
   1.8207800000000001e-06
   1.8201299999999999e-06
   1.8194800000000000e-06
   1.8188300000000000e-06
   1.8181800000000001e-06
