   1.1931627397461306e-01
   1.0623563117868576e-01
   9.9823554336948409e-02
   1.0179210487760589e-01
   1.0048154589863448e-01
   1.0155979974225732e-01
   1.0081993517328464e-01
   9.6219247010741929e-02
   9.3300724728211881e-02
   9.0619073939918277e-02
   8.9626554945463330e-02
   9.0254347940067953e-02
   9.1475419516577297e-02
   9.3732960867796214e-02
   9.5903501750074838e-02
   9.6774832425380625e-02
   9.7118728490697609e-02
   9.7594213897643556e-02
   9.8785338957562113e-02
   9.7308049634066543e-02
   9.4321835110687383e-02
   9.0427050282473373e-02
   8.5802286235616421e-02
   8.0849717662366469e-02
   7.4338866923136349e-02
   6.7701715784864780e-02
   6.2228565884047571e-02
   5.9315347671952116e-02
   6.0485929007588077e-02
   6.2619861795484136e-02
   6.5511295924560703e-02
   6.8518513507835110e-02
   7.0334586093196982e-02
   7.2774377655618144e-02
   7.4979586273637572e-02
   7.5615012565899656e-02
   7.3992561053453310e-02
   7.0789477469175133e-02
   6.7354428571309299e-02
   6.4799066552759590e-02
   6.4158279596726916e-02
   6.5915647134871219e-02
   7.0323755184611730e-02
   7.6278512755235769e-02
   8.1511015791535080e-02
   8.4064701357988728e-02
   8.3557477598354038e-02
   8.1131837402669160e-02
   7.8301976503660276e-02
   7.5593449095034210e-02
