   2.5880292160033463e-01
   2.7534985801694467e-01
   2.9905739580686108e-01
   3.3577315207272657e-01
   3.9953604900642448e-01
   5.3021012757034569e-01
   8.5091120595728842e-01
   5.7212626352634754e-01
   1.1848069402213866e-02
   1.2849962929919400e-02
   4.3279277415131573e-02
   6.6809139716652977e-02
   8.4198851636574340e-02
   9.7238116191172813e-02
   1.0726893358972915e-01
   1.1526896210366251e-01
   1.2177065483803319e-01
   1.2723775512051266e-01
   1.3185724401649579e-01
   1.3584906595646756e-01
   1.3934471500819420e-01
   1.4242257161460764e-01
   1.4519649563398973e-01
   1.4768618518579940e-01
   1.4993994310760672e-01
   1.5202186830658165e-01
   1.5393176773159711e-01
   1.5570580172057516e-01
   1.5736183256195105e-01
   1.5891453672361577e-01
   1.6036663274116031e-01
   1.6174747517049590e-01
   1.6304699712726972e-01
   1.6427335228562723e-01
   1.6544856943495020e-01
   1.6656149224828132e-01
   1.6762375391624884e-01
   1.6863816813248078e-01
   1.6960046064018680e-01
   1.7052500234101498e-01
   1.7140005001074013e-01
   1.7223191189432169e-01
   1.7301461368582199e-01
   1.7375716453029866e-01
   1.7444692875943763e-01
   1.7508531286880061e-01
   1.7566706738492827e-01
   1.7618171687144799e-01
   1.7662656665819704e-01
   1.7698230358034622e-01
   1.7723382381998198e-01
   1.7735458565135709e-01
   1.7730790498489213e-01
   1.7703620995383387e-01
   1.7644632474534883e-01
   1.7537669624492536e-01
   1.7353762191760902e-01
   1.7024712462087549e-01
   1.6383835169574018e-01
   1.4790158832104228e-01
   6.3814694831900276e-02
   2.8978058319297417e-01
   2.2595050345087075e-01
   2.1168907422397484e-01
   2.0543480143455534e-01
   2.0187442118736049e-01
   1.9951212459752665e-01
   1.9772802478679358e-01
   1.9623379560349016e-01
   1.9486477821484693e-01
   1.9351330022821334e-01
   1.9210945874327892e-01
   1.9057734757599765e-01
   1.8885402925611494e-01
   1.8687406142546947e-01
   1.8458208531833925e-01
   1.8185984642717573e-01
   1.7864226215253493e-01
   1.7478142896188206e-01
   1.7014546942847270e-01
   1.6444551281119599e-01
   1.5746444203095281e-01
   1.4875343170342908e-01
   1.3772780410875854e-01
   1.2354209153307179e-01
   1.0512059059304200e-01
   8.0708170489687397e-02
   4.8627175451483526e-02
   1.1769188352112554e-02
   1.4406205126183133e-02
   3.6578700637626482e-01
   9.9299464630881151e-01
   8.4948022907974929e-01
   6.7536505787336831e-01
   5.7250057288701162e-01
   5.1078876156197173e-01
   4.7048337826673009e-01
   4.4301619436418505e-01
   4.2343245744351565e-01
   4.0881339383514514e-01
   3.9774766695071895e-01
   3.8929521162910102e-01
   3.8272182071087740e-01
   3.7758806694408320e-01
   3.7360949420893280e-01
   3.7050251429540310e-01
   3.6814821591715297e-01
   3.6639631290000607e-01
   3.6515102454687881e-01
   3.6433738073491750e-01
   3.6389797654586331e-01
   3.6377857779605571e-01
   3.6394134183636084e-01
   3.6435530032686492e-01
   3.6499491702803433e-01
   3.6583193176007456e-01
   3.6686143139675609e-01
   3.6805331500110128e-01
   3.6940240593800822e-01
   3.7089835412446448e-01
   3.7251951125515592e-01
   3.7428323243118977e-01
   3.7615658218140213e-01
   3.7814720788024203e-01
   3.8025068563459236e-01
   3.8244599642801569e-01
   3.8476381923930980e-01
   3.8716623025560781e-01
