   7.4119707839967619e-01
   7.2465014198306288e-01
   7.0094260419314425e-01
   6.6422684792728459e-01
   6.0046395099360694e-01
   4.6978987242959247e-01
   1.4908879404284375e-01
   4.2787373647349286e-01
   9.8815193059782713e-01
   9.8715003707014015e-01
   9.5672072258488094e-01
   9.3319086028334186e-01
   9.1580114836343740e-01
   9.0276188380882483e-01
   8.9273106641027145e-01
   8.8473103789633800e-01
   8.7822934516196305e-01
   8.7276224487948706e-01
   8.6814275598350477e-01
   8.6415093404353482e-01
   8.6065528499180310e-01
   8.5757742838538997e-01
   8.5480350436600738e-01
   8.5231381481419688e-01
   8.5006005689239295e-01
   8.4797813169341618e-01
   8.4606823226839989e-01
   8.4429419827942531e-01
   8.4263816743804743e-01
   8.4108546327638389e-01
   8.3963336725883764e-01
   8.3825252482950285e-01
   8.3695300287272911e-01
   8.3572664771437211e-01
   8.3455143056504799e-01
   8.3343850775171890e-01
   8.3237624608374960e-01
   8.3136183186751911e-01
   8.3039953935981237e-01
   8.2947499765898358e-01
   8.2859994998925657e-01
   8.2776808810567759e-01
   8.2698538631417828e-01
   8.2624283546969912e-01
   8.2555307124056054e-01
   8.2491468713119631e-01
   8.2433293261507168e-01
   8.2381828312855032e-01
   8.2337343334180169e-01
   8.2301769641965428e-01
   8.2276617618001768e-01
   8.2264541434864091e-01
   8.2269209501510576e-01
   8.2296379004616327e-01
   8.2355367525464840e-01
   8.2462330375507553e-01
   8.2646237808239131e-01
   8.2975287537912390e-01
   8.3616164830426121e-01
   8.5209841167895117e-01
   9.3618530516815446e-01
   7.1021941680703049e-01
   7.7404949654914301e-01
   7.8831092577601847e-01
   7.9456519856545227e-01
   7.9812557881264157e-01
   8.0048787540247823e-01
   8.0227197521321503e-01
   8.0376620439650859e-01
   8.0513522178514307e-01
   8.0648669977178256e-01
   8.0789054125672211e-01
   8.0942265242400069e-01
   8.1114597074390749e-01
   8.1312593857456072e-01
   8.1541791468165314e-01
   8.1814015357280478e-01
   8.2135773784745114e-01
   8.2521857103815432e-01
   8.2985453057154424e-01
   8.3555448718880732e-01
   8.4253555796902790e-01
   8.5124656829656364e-01
   8.6227219589123727e-01
   8.7645790846692206e-01
   8.9487940940694477e-01
   9.1929182951030086e-01
   9.5137282454848593e-01
   9.8823081164783377e-01
   9.8559379487383580e-01
   6.3421299362384786e-01
   7.0053536914042175e-03
   1.5051977092014246e-01
   3.2463494212658150e-01
   4.2749942711299010e-01
   4.8921123843802722e-01
   5.2951662173327185e-01
   5.5698380563581162e-01
   5.7656754255647780e-01
   5.9118660616485530e-01
   6.0225233304928050e-01
   6.1070478837089603e-01
   6.1727817928912532e-01
   6.2241193305591425e-01
   6.2639050579107036e-01
   6.2949748570459052e-01
   6.3185178408284703e-01
   6.3360368709999482e-01
   6.3484897545312347e-01
   6.3566261926508050e-01
   6.3610202345413480e-01
   6.3622142220394418e-01
   6.3605865816363660e-01
   6.3564469967313797e-01
   6.3500508297196467e-01
   6.3416806823992411e-01
   6.3313856860324547e-01
   6.3194668499889683e-01
   6.3059759406199212e-01
   6.2910164587553608e-01
   6.2748048874484263e-01
   6.2571676756880934e-01
   6.2384341781859676e-01
   6.2185279211975653e-01
   6.1974931436540515e-01
   6.1755400357198209e-01
   6.1523618076069508e-01
   6.1283376974439019e-01
