-5e-07
-4.84375e-07
-4.6875e-07
-4.53125e-07
-4.375e-07
-4.21875e-07
-4.0625e-07
-3.90625e-07
-3.75e-07
-3.59375e-07
-3.4375e-07
-3.28125e-07
-3.125e-07
-2.96875e-07
-2.8125e-07
-2.65625e-07
-2.5e-07
-2.34375e-07
-2.1875e-07
-2.03125e-07
-1.875e-07
-1.71875e-07
-1.5625e-07
-1.40625e-07
-1.25e-07
-1.09375e-07
-9.375e-08
-7.8125e-08
-6.25e-08
-4.6875e-08
-3.125e-08
-1.5625e-08
0
1.5625e-08
3.125e-08
4.6875e-08
6.25e-08
7.8125e-08
9.375e-08
1.09375e-07
1.25e-07
1.40625e-07
1.5625e-07
1.71875e-07
1.875e-07
2.03125e-07
2.1875e-07
2.34375e-07
2.5e-07
2.65625e-07
2.8125e-07
2.96875e-07
3.125e-07
3.28125e-07
3.4375e-07
3.59375e-07
3.75e-07
3.90625e-07
4.0625e-07
4.21875e-07
4.375e-07
4.53125e-07
4.6875e-07
4.84375e-07
5e-07
